name;tags;time;abrir_molde;altura_molde;amortecimento_atingido;atributo_de_qualidade;compactacao;comutacao_v_p;contador_de_ciclo_total;curso_de_compactacao;curso_tensao_1;curso_tensao_2;curso_tensao_3;curso_tensao_4;dd_mm_yyyy_hh_mm_ss;dosagem;ejector_avancar;ejector_recuar;espessura_bolacha;estender_nucleos_antes_molde;estender_nucleos_depois_molde;extraccao;fase_de_compactacao_e_solidificacao;fase_de_enchimento;fechar_o_molde;file;final_curso_injecao;final_enchimento_molde;fk_sensor_de_temperatura_1;fk_sensor_de_temperatura_2;fluxo_circuito_fixo_3;fluxo_circuito_movel_4;fluxo_circuito_movel_5;forca_de_fecho;inserir;longtext;metal_na_alimentacao;metal_na_alimentacs_cf;numero_de_ciclo_actual;operacao_manual;p_max_metal_fase_compact;p_n_com_acu_carregado;p_n_com_multi_carregado;pistao_de_injecao_s_cf;pressao_metal_apos_t_r1;pressao_metal_apos_t_r2;pressao_metal_s_cf;pulverizacao;recolher_nucleos_antes_molde;recolher_nucleos_depois_molde;shift_cycle_counter;spec;temp_bloq1_em_inicio_gk;temp_bloq2_em_inicio_gk;temp_bloq3_em_inicio_gk;temp_bloq4_em_inicio_gk;temp_bloq5_em_inicio_gk;temp_bloq6_em_inicio_gk;temp_bloq7_em_inicio_gk;temperatura_metal_no_forno;temperatura_placa_de_fixacao_fixa_circuito_1;temperatura_placa_de_fixacao_movel_circuito_3;tempo_ate_fin_enchmolde;tempo_de_ciclo;tempo_de_enchimento_molde;tempo_de_injecao;tempo_pressao_total;ultimo_criterio_de_comut;vacuo_1_pvac_no_ponto_a;vacuo_1_pvac_no_ponto_b
db_buhler_1_dsp;;1,5968E+18;14.31;1596.5;986; OK;0;1022;193076;36;2.7;2.6;2.6;2.3;13/05/2020 11:44;5.15;1.79;1.26;29;3.19;2.1;26.16;12.61;4.5;8.31;dsp_parametros_60.txt;1046;1010;38;28;82.5;41.5;73.8;22042;6.68;1;628;53.1;184233;0;767;176;170;3.98;750;191;67;29.68;12.03;0.96;180;data;166;'-13;151;61;127;125;124;685;0;0;3.447;94.6;0.108;4.612;0;3;3300;3300
db_buhler_1_dsp;;1,5968E+18;14.36;1596.5;986; OK;0;1022;193077;35;2.7;2.7;2.6;2.3;13/05/2020 11:46;5.13;1.82;1.24;29;3.2;2.09;25.9;12.61;4.52;8.3;dsp_parametros_60.txt;1046;1011;38;27;82.6;42.1;74.9;22009;6.64;2;629;53.2;184234;0;767;176;170;3.99;750;191;66;29.86;12.01;0.96;181;data;166;'-13;152;61;127;125;124;685;0;0;3.459;94.5;0.108;4.582;0;3;3300;3300
db_buhler_1_dsp;;1,5968E+18;14.4;1596.5;986; OK;0;1022;193079;35;2.6;2.6;2.5;2.2;13/05/2020 11:49;5.13;1.79;1.24;29;3.18;2.09;25.96;12.61;4.52;8.37;dsp_parametros_60.txt;1046;1011;37;26;81.1;41.7;73.5;22027;6.66;4;629;53.1;184236;0;767;176;170;3.98;750;190;67;29.9;12.03;0.96;183;data;166;'-13;151;61;127;125;124;685;0;0;3.455;94.7;0.108;4.388;0;3;3300;3300
db_buhler_1_dsp;;1,5968E+18;14.36;1596.5;986; OK;0;1022;193078;36;2.7;2.6;2.6;2.3;13/05/2020 11:48;5.12;1.8;1.25;29;3.19;2.09;26.06;12.62;4.52;8.3;dsp_parametros_60.txt;1046;1010;38;27;82.2;41.8;73.4;22040;6.66;3;628;53.2;184235;0;766;176;170;3.99;750;191;67;30.24;12.03;0.96;182;data;166;'-13;151;61;127;125;124;685;0;0;3.455;95;0.108;4.729;0;3;3300;3300
db_buhler_1_dsp;;1,5968E+18;14.54;1596.5;986; OK;0;1021;193082;35;2.7;2.6;2.6;2.3;13/05/2020 11:54;5.12;1.8;1.24;30;3.19;2.12;26.06;12.61;4.53;8.33;dsp_parametros_60.txt;1045;1010;35;24;82.3;40.9;74.9;22045;6.68;7;628;53.2;184239;0;767;176;170;3.99;749;191;65;29.6;12.03;0.96;186;data;166;'-13;151;61;127;125;124;686;0;0;3.468;94.4;0.108;4.725;0;3;3300;3300
db_buhler_1_dsp;;1,5968E+18;14.4;1596.5;986; OK;0;1020;193085;36;2.6;2.6;2.5;2.2;13/05/2020 11:59;5.13;1.83;1.25;30;3.19;2.08;26.22;12.62;4.52;8.33;dsp_parametros_60.txt;1045;1009;37;26;83.1;41.4;73.2;22063;6.74;10;627;53.2;184242;0;767;176;170;3.99;749;188;65;30.22;12.11;0.96;3;data;166;'-13;150;61;126;125;124;686;0;0;3.456;95.3;0.108;4.677;0;3;3300;3300
db_buhler_1_dsp;;1,5968E+18;14.55;1596.5;986; OK;0;1023;193083;36;2.7;2.7;2.6;2.3;13/05/2020 11:55;5.12;1.8;1.24;28;3.18;2.11;26.2;12.61;4.54;8.39;dsp_parametros_60.txt;1047;1011;35;24;81.8;41.1;74.1;22042;6.72;8;629;53.2;184240;0;767;176;170;3.99;751;190;65;29.86;12.06;0.96;1;data;166;'-13;151;61;126;125;124;686;0;0;3.479;94.9;0.108;4.767;0;3;3300;3300
db_buhler_1_dsp;;1,5968E+18;14.49;1596.5;986; OK;0;1021;193090;36;2.7;2.6;2.6;2.2;13/05/2020 12:07;5.13;1.82;1.25;29;3.19;2.11;26.08;12.62;4.53;8.34;dsp_parametros_60.txt;1046;1010;37;26;82;41.6;73.7;22030;6.72;15;628;53.2;184247;0;766;176;170;3.99;749;192;66;29.52;12.09;0.96;8;data;166;'-13;152;61;127;125;125;683;0;0;3.47;94.5;0.108;4.815;0;3;3300;3300
db_buhler_1_dsp;;1,5968E+18;14.42;1596.5;985; OK;0;1020;193092;35;2.7;2.6;2.6;2.2;13/05/2020 12:10;5.13;1.83;1.24;31;3.18;2.08;26.1;12.61;4.5;8.31;dsp_parametros_60.txt;1044;1009;38;27;82.8;41.7;74.4;22064;6.72;17;627;53.2;184249;0;767;176;170;3.99;750;189;65;29.54;12.08;0.96;10;data;167;'-13;152;62;127;125;125;685;0;0;3.435;94.4;0.108;4.417;0;3;3300;3300
db_buhler_1_dsp;;1,5968E+18;14.37;1596.5;986; OK;0;1022;193089;35;2.7;2.6;2.6;2.2;13/05/2020 12:05;5.13;1.8;1.24;29;3.2;2.09;26.02;12.62;4.53;8.33;dsp_parametros_60.txt;1046;1011;37;26;82.4;41.7;73.2;22039;6.72;14;629;53.1;184246;0;766;176;170;3.98;750;193;66;29.8;12.07;0.96;7;data;166;'-13;151;61;127;125;124;684;0;0;3.463;94.6;0.108;4.703;0;3;3300;3300
db_buhler_1_dsp;;1,5968E+18;14.63;1596.5;986; OK;0;1022;193102;36;2.7;2.7;2.6;2.3;13/05/2020 12:25;5.15;1.8;1.25;29;3.2;2.06;26;12.62;4.5;8.35;dsp_parametros_60.txt;1046;1010;37;26;81.9;41.4;73;22051;6.72;27;628;53.1;184259;0;767;176;170;3.98;750;190;66;29.62;12.06;0.96;20;data;166;'-13;151;62;127;125;124;683;0;0;3.439;94.5;0.108;4.654;0;3;3300;3300
db_buhler_1_dsp;;1,5968E+18;14.37;1596.5;986; OK;0;1022;193111;36;2.7;2.6;2.6;2.3;13/05/2020 12:40;5.15;1.8;1.24;29;3.18;2.07;25.92;12.6;4.54;8.29;dsp_parametros_60.txt;1046;1010;39;27;81.8;43;73.5;22058;6.66;36;628;53.1;184268;0;767;176;170;3.98;750;190;66;29.6;12.01;0.95;29;data;167;'-13;152;62;127;125;124;685;0;0;3.471;94.4;0.108;4.401;0;3;3300;3300
db_buhler_1_dsp;;1,5968E+18;14.35;1596.5;986; OK;0;1022;193122;37;3;2.9;2.9;2.6;13/05/2020 12:57;5.12;1.78;1.24;28;3.2;2.1;26.1;12.61;4.51;8.71;dsp_parametros_60.txt;1047;1010;37;26;81.9;41.2;72.9;22088;6.68;47;628;53.2;184279;0;768;177;170;3.99;750;190;65;29.64;12.02;0.96;40;data;166;'-13;151;62;126;125;124;683;0;0;3.447;94.9;0.108;4.903;0;3;3300;3300
db_buhler_1_dsp;;1,5968E+18;14.56;1596.5;986; OK;0;1021;193132;36;2.7;2.7;2.6;2.3;13/05/2020 13:13;5.13;1.82;1.25;29;3.18;2.1;26.22;12.62;4.49;8.37;dsp_parametros_60.txt;1046;1010;38;27;82.8;41.8;74.1;22027;6.66;57;628;53.2;184289;0;768;177;170;3.99;750;190;66;29.88;12.03;0.95;50;data;167;'-13;150;63;127;125;124;683;0;0;3.437;95;0.107;4.816;0;3;3300;3300
db_buhler_1_dsp;;1,5968E+18;14.54;1596.6;986; OK;0;1022;193278;36;2.7;2.6;2.6;2.3;13/05/2020 17:39;5.13;1.81;1.24;29;3.18;2.07;26.4;12.61;4.51;8.38;dsp_parametros_60.txt;1046;1010;37;26;83.2;42.2;73.8;22024;6.76;203;628;53.1;184435;0;766;177;170;3.98;749;191;64;30.14;12.11;0.96;196;data;166;'-13;150;64;'-16;125;124;686;0;0;3.443;95.5;0.108;4.513;0;3;3300;3300
db_buhler_1_dsp;;1,5968E+18;14.61;1596.6;986; OK;0;1021;193281;36;2.7;2.6;2.6;2.3;13/05/2020 17:44;5.13;1.82;1.25;29;3.18;2.07;26.28;12.61;4.51;8.36;dsp_parametros_60.txt;1046;1010;37;26;80.1;40.7;72.7;22070;6.66;206;628;53.3;184438;0;767;177;170;4;750;191;64;30.16;12.02;0.96;199;data;166;'-13;151;64;'-16;125;124;686;0;0;3.444;95.2;0.108;4.666;0;3;3300;3300
db_buhler_1_dsp;;1,5968E+18;14.3;1596.3;985; OK;0;1018;193394;36;2.6;2.7;2.6;2.3;15/05/2020 06:04;5.12;1.68;1.18;33;3.22;2.23;26.3;12.61;4.61;8.66;dsp_parametros_60.txt;1042;1006;36;26;81.6;42.1;74.2;22064;6.64;319;624;52.9;184551;0;764;173;166;3.97;750;191;71;29.94;12.01;0.97;18;data;163;'-13;147;58;'-16;118;117;685;0;0;3.547;95.4;0.107;4.774;0;3;3300;3300
db_buhler_1_dsp;;1,5968E+18;14.64;1596.3;984; OK;0;1017;193395;37;2.5;2.6;2.5;2.3;15/05/2020 06:06;5.11;1.78;1.24;34;3.21;2.2;26.02;12.62;4.6;8.43;dsp_parametros_60.txt;1041;1004;36;26;83.6;43.2;74.8;22061;6.72;320;622;53;184552;0;764;172;166;3.97;751;191;74;29.98;12.07;0.97;19;data;164;'-13;147;58;'-16;119;118;686;0;0;3.532;95.2;0.106;4.697;0;3;3300;3300
db_buhler_1_dsp;;1,5968E+18;14.83;1596.3;985; OK;0;1018;193476;36;2.6;2.6;2.4;2.1;15/05/2020 08:14;5.13;1.84;1.25;33;3.2;2.13;26.58;12.61;4.54;8.36;dsp_parametros_60.txt;1042;1006;37;26;82;41.3;73.9;22024;6.68;401;624;53.2;184633;0;766;173;166;3.99;750;190;68;29.82;12.04;0.96;100;data;166;'-13;148;61;'-16;123;122;683;0;0;3.48;95.3;0.107;4.568;0;3;3300;3300
db_buhler_1_dsp;;1,5968E+18;14.96;1596.5;986; OK;0;1019;193548;37;2.6;2.7;2.6;2.3;15/05/2020 10:28;5.12;1.82;1.25;31;3.2;2.14;26.4;12.61;4.53;8.3;dsp_parametros_60.txt;1044;1007;36;25;82.9;42.9;74.7;22040;6.7;473;625;53.2;184705;0;767;174;167;3.99;749;191;67;29.6;12.06;0.96;172;data;165;'-13;148;62;'-16;122;122;686;0;0;3.463;94.9;0.106;4.852;0;3;3300;3300
db_buhler_1_dsp;;1,5968E+18;15.11;1596.5;984; OK;0;1017;193663;36;2.7;2.7;2.5;2.2;15/05/2020 13:42;5.12;1.82;1.25;34;3.21;2.2;26.9;12.61;4.56;8.39;dsp_parametros_60.txt;1041;1005;37;26;82;42;74.5;22057;6.64;588;623;53;184820;0;767;175;168;3.97;750;192;68;29.56;12;0.96;61;data;165;'-13;148;64;'-16;123;123;688;0;0;3.49;95.5;0.107;4.82;0;3;3300;3300
db_buhler_1_dsp;;1,5968E+18;14.87;1596.6;985; OK;0;1019;193690;36;2.7;2.7;2.6;2.3;15/05/2020 14:25;5.12;1.83;1.23;31;3.21;2.09;26.62;12.62;4.51;8.37;dsp_parametros_60.txt;1044;1008;37;25;81.2;41.4;74.6;22038;6.68;615;626;53.2;184847;0;767;175;168;3.99;750;191;66;29.9;12.04;0.96;88;data;166;'-13;147;64;'-16;124;123;686;0;0;3.441;95.3;0.107;4.825;0;3;3300;3300
db_buhler_1_dsp;;1,5968E+18;14.67;1596.6;985; OK;0;1019;193738;36;2.7;2.7;2.5;2.3;15/05/2020 16:06;5.12;1.88;1.24;32;3.2;2.12;26.5;12.62;4.5;8.32;dsp_parametros_60.txt;1043;1007;36;25;82.3;42;74;22076;6.68;663;625;53.3;184895;0;768;176;169;3.99;750;190;66;29.96;12.04;0.96;136;data;166;'-13;149;64;'-16;124;123;683;0;0;3.447;95.2;0.107;4.657;0;3;3300;3300
db_buhler_1_dsp;;1,5968E+18;15.23;1596.6;986; OK;0;1020;193824;36;2.7;2.7;2.6;2.4;15/05/2020 20:00;5.15;1.82;1.25;31;3.21;2.1;26.76;12.61;4.53;8.34;dsp_parametros_60.txt;1044;1008;36;25;82.1;40.9;73.5;22085;6.82;749;626;53.1;184981;0;767;175;168;3.98;750;191;66;30.24;12.18;0.96;32;data;165;'-13;149;59;'-16;122;122;682;0;0;3.465;96;0.107;4.591;0;3;3300;3300
db_buhler_1_dsp;;1,5968E+18;15.09;1596.6;986; OK;0;1021;193829;36;2.6;2.7;2.6;2.4;15/05/2020 20:08;5.12;1.85;1.24;30;3.21;2.09;26.74;12.62;4.53;8.32;dsp_parametros_60.txt;1045;1009;38;27;83.3;41.4;74.7;22020;6.8;754;627;53.1;184986;0;766;175;168;3.98;749;193;67;29.92;12.15;0.96;37;data;165;'-13;150;59;'-16;123;123;684;0;0;3.468;95.6;0.107;4.727;0;3;3300;3300
db_buhler_1_dsp;;1,5968E+18;14.94;1596.6;985; OK;0;1019;193847;37;2.6;2.7;2.5;2.3;15/05/2020 20:37;5.12;1.81;1.25;31;3.21;2.08;26.84;12.61;4.51;8.54;dsp_parametros_60.txt;1044;1007;36;25;82.7;40.8;73.6;22039;6.66;772;625;53.1;185004;0;766;175;168;3.98;750;190;67;29.68;12.03;0.96;55;data;166;'-13;150;59;'-16;124;124;688;0;0;3.46;95.5;0.107;4.805;0;3;3300;3300
db_buhler_1_dsp;;1,5968E+18;14.67;1596.6;986; OK;0;1022;193859;36;2.6;3.1;2.7;2.9;15/05/2020 22:26;5.12;1.66;1.19;29;3.21;2.24;26.46;12.61;4.62;8.42;dsp_parametros_60.txt;1046;1010;36;26;82.1;41;74.4;22050;6.7;784;628;53.2;185016;0;764;175;168;3.99;750;193;68;29.66;12.07;0.97;67;data;162;'-13;151;58;'-16;112;113;684;0;0;3.563;95.1;0.108;4.617;0;3;3300;3300
db_buhler_1_dsp;;1,5968E+18;14.75;1596.6;986; OK;0;1022;193863;36;2.6;3.1;2.7;2.9;15/05/2020 22:33;5.13;1.81;1.26;28;3.21;2.23;26.58;12.61;4.6;8.37;dsp_parametros_60.txt;1047;1011;36;26;83.5;40.5;74.1;22047;6.76;788;629;53.1;185020;0;764;175;168;3.98;750;190;69;29.52;12.13;0.97;71;data;164;'-13;152;58;'-16;117;117;684;0;0;3.549;95.2;0.108;4.842;0;3;3300;3300
db_buhler_1_dsp;;1,5968E+18;15.21;1596.6;986; OK;0;1022;193866;36;2.6;3;2.7;2.8;15/05/2020 22:37;5.13;1.82;1.25;29;3.21;2.17;26.54;12.61;4.58;8.4;dsp_parametros_60.txt;1046;1010;36;25;82.8;40.6;74.1;22072;6.72;791;628;53.1;185023;0;765;175;168;3.98;749;191;68;29.94;12.1;0.97;74;data;164;'-13;151;57;'-16;119;119;685;0;0;3.513;95.6;0.108;4.571;0;3;3300;3300
db_buhler_1_dsp;;1,5968E+18;14.9;1596.6;985; OK;0;1022;193865;36;2.6;3.1;2.7;2.8;15/05/2020 22:36;5.12;1.83;1.25;29;3.21;2.17;26.5;12.6;4.56;8.37;dsp_parametros_60.txt;1046;1010;37;26;82.9;41.2;74.4;21996;6.68;790;628;53.2;185022;0;766;175;168;3.99;750;189;67;29.86;12.05;0.97;73;data;164;'-13;152;57;'-16;118;118;685;0;0;3.501;95.5;0.108;4.626;0;3;3300;3300
db_buhler_1_dsp;;1,5968E+18;15.27;1596.6;984; OK;0;1020;193871;36;2.7;3.1;2.7;2.8;15/05/2020 22:45;5.15;1.83;1.25;31;3.21;2.14;26.68;12.61;4.55;8.37;dsp_parametros_60.txt;1044;1008;36;26;82.4;40.2;74.1;22038;6.62;796;626;53.1;185028;0;765;174;167;3.98;750;190;68;30.14;11.99;0.96;79;data;164;'-13;151;57;'-16;121;121;686;0;0;3.481;95.8;0.108;4.461;0;3;3300;3300
db_buhler_1_dsp;;1,5968E+18;15.57;1596.6;985; OK;0;1020;193873;36;2.7;3.1;2.7;2.8;15/05/2020 22:49;5.13;1.85;1.24;31;3.21;2.13;26.98;12.61;4.56;8.41;dsp_parametros_60.txt;1044;1008;35;24;82.4;42.2;73.8;22079;6.76;798;626;53.2;185030;0;764;174;168;3.99;750;190;67;29.9;12.12;0.96;81;data;164;'-13;151;57;'-16;121;121;685;0;0;3.508;96.1;0.108;4.608;0;3;3300;3300
db_buhler_1_dsp;;1,5968E+18;15.33;1596.6;985; OK;0;1020;193874;35;2.6;3;2.7;2.7;15/05/2020 22:50;5.13;1.84;1.24;31;3.21;2.14;27.34;12.62;4.55;8.4;dsp_parametros_60.txt;1044;1009;36;26;82.8;42.5;74.1;22040;6.72;799;627;53.2;185031;0;764;175;168;3.99;750;193;69;29.6;12.09;0.97;82;data;164;'-13;150;57;'-16;121;121;686;0;0;3.484;96;0.108;4.56;0;3;3300;3300
db_buhler_1_dsp;;1,5968E+18;13.48;1596.2;930;BAD;0;1017;193877;23;2.9;3.2;3;3.2;16/05/2020 06:36;5.13;1.5;1.1;36;3.29;3.31;26.08;12.62;5.26;8.33;dsp_parametros_60.txt;1039;1016;0;0;0.1;0;'-0.1;22115;13.34;802;634;25.8;185034;0;288;173;164;1.93;250;191;26;29.54;18.75;1.05;3;data;96;'-13;77;26;'-6;58;60;687;0;0;4.207;102;0.201;5.823;0;3;3300;3300
db_buhler_1_dsp;;1,5968E+18;43.61;1596.1;930;BAD;0;1024;193875;16;3.3;3;3.3;3;16/05/2020 04:43;5.12;0;0;36;3.31;3.31;0;12.62;5.27;42.04;dsp_parametros_60.txt;1039;1023;38;25;0.1;0;0;22823;52.62;800;641;25.7;185032;0;301;175;166;1.93;250;192;33;0;58.23;1.08;1;data;27;'-13;23;23;23;23;23;687;0;0;4.215;21161;0.201;5.013;0;3;3300;3300
db_buhler_1_dsp;;1,5968E+18;43.52;1596.2;930;BAD;0;1022;193876;18;3.4;3.1;3.4;3;16/05/2020 06:34;5.11;1.49;1.1;36;3.31;3.31;26.1;12.62;5.26;44.06;dsp_parametros_60.txt;1039;1021;0;0;0;'-0.1;'-0.1;22899;25.96;801;639;25.7;185033;0;298;175;167;1.93;251;190;30;0;31.45;1.08;2;data;34;'-13;26;25;21;25;27;685;0;0;4.201;6670.1;0.202;5.306;0;3;3300;3300
db_buhler_1_dsp;;1,5968E+18;13.54;1596.3;930;BAD;0;1014;193878;23;2.7;3;2.8;2.9;16/05/2020 06:37;5.12;1.5;1.1;39;3.28;3.29;25.64;12.61;5.24;8.23;dsp_parametros_60.txt;1036;1013;0;0;0.1;0.1;'-0.1;21805;13.22;803;631;25.8;185035;0;292;173;163;1.93;250;191;25;29.92;18.62;1.04;4;data;147;'-13;105;28;'-6;86;89;686;0;0;4.186;101.7;0.201;5.616;0;3;3300;3300
db_buhler_1_dsp;;1,5968E+18;14.02;1596.2;994;LOK;0;1022;193879;34;2.7;3;2.8;2.9;16/05/2020 06:39;5.13;1.5;1.09;30;3.27;2.93;25.56;12.61;5.09;8.39;dsp_parametros_60.txt;1045;1011;39;31;58.3;39.3;62.7;21860;8.7;804;629;50.6;185036;0;757;173;165;3.8;750;190;68;29.64;14.07;1.03;5;data;178;'-13;123;29;'-6;101;102;687;0;0;4.023;96.9;0.11;4.912;0;3;3300;3300
db_buhler_1_dsp;;1,5968E+18;14.36;1596.2;989;LOK;0;1022;193880;35;2.7;3;2.7;2.8;16/05/2020 06:41;5.12;1.59;1.1;29;3.28;2.92;26.16;12.62;4.85;8.36;dsp_parametros_60.txt;1046;1011;34;27;57;40.5;65.2;21928;6.68;805;629;52.3;185037;0;758;173;166;3.92;750;190;72;29.92;12.04;1.03;6;data;176;'-13;136;29;'-6;105;103;686;0;0;3.788;95.3;0.108;4.84;0;3;3300;3300
db_buhler_1_dsp;;1,5968E+18;14.45;1596.2;986; OK;0;1021;193881;33;2.9;3.2;2.9;3;16/05/2020 06:42;5.13;1.61;1.09;31;3.28;2.84;26.52;12.62;4.74;8.47;dsp_parametros_60.txt;1044;1011;34;28;58.9;40.5;64.6;21963;6.82;806;629;53.1;185038;0;759;173;166;3.98;749;189;73;29.7;12.19;1.03;7;data;173;'-13;137;30;'-6;108;106;686;0;0;3.676;95.6;0.108;4.585;0;3;3300;3300
db_buhler_1_dsp;;1,5968E+18;15.24;1596.2;986; OK;0;1021;193885;34;2.8;3;2.8;2.8;16/05/2020 06:49;5.13;1.64;1.1;30;3.27;2.67;27.1;12.61;4.69;8.36;dsp_parametros_60.txt;1045;1011;37;30;59.4;39.7;64.3;22085;6.74;810;629;53.1;185042;0;760;173;166;3.98;749;191;69;29.88;12.1;1.02;11;data;172;'-13;138;31;'-6;115;113;686;0;0;3.631;96.1;0.108;4.794;0;3;3300;3300
db_buhler_1_dsp;;1,5968E+18;14.76;1596.2;986; OK;0;1020;193882;34;2.9;3.1;2.9;3;16/05/2020 06:44;5.13;1.61;1.09;30;3.28;2.8;26.54;12.61;4.71;8.39;dsp_parametros_60.txt;1045;1011;35;29;58;40.9;64;22001;6.76;807;629;53.1;185039;0;759;173;166;3.98;749;195;72;29.7;12.27;1.02;8;data;171;'-13;137;30;'-6;111;108;686;0;0;3.661;95.6;0.108;4.975;0;3;3300;3300
db_buhler_1_dsp;;1,5968E+18;14.9;1596.1;985; OK;0;1020;193883;34;2.7;2.9;2.7;2.8;16/05/2020 06:45;5.13;1.62;1.09;31;3.28;2.77;26.86;12.61;4.71;8.43;dsp_parametros_60.txt;1044;1010;36;29;59.9;40.2;64.7;22068;6.74;808;628;53.2;185040;0;759;173;166;3.99;750;192;71;29.9;12.1;1.02;9;data;171;'-13;138;31;'-6;113;110;686;0;0;3.645;95.9;0.108;4.599;0;3;3300;3300
db_buhler_1_dsp;;1,5968E+18;15.07;1596.2;986; OK;0;1020;193884;33;2.8;3.1;2.8;2.8;16/05/2020 06:47;5.12;1.63;1.1;31;3.27;2.71;26.94;12.61;4.69;8.4;dsp_parametros_60.txt;1044;1011;37;30;58.9;42.4;64.6;22101;6.68;809;629;53.2;185041;0;760;173;166;3.99;750;193;73;29.6;12.04;1.02;10;data;171;'-13;139;31;'-6;114;112;686;0;0;3.63;95.7;0.108;4.571;0;3;3300;3300
db_buhler_1_dsp;;1,5968E+18;15.28;1596.1;986; OK;0;1021;193887;33;2.7;3;2.7;2.7;16/05/2020 06:52;5.12;1.67;1.09;30;3.27;2.6;27.34;12.6;4.68;8.41;dsp_parametros_60.txt;1045;1012;36;29;57.7;40.5;63.5;22055;6.8;812;630;53.1;185044;0;761;173;166;3.98;750;193;70;29.92;12.14;1.01;13;data;172;'-13;138;32;'-6;117;115;686;0;0;3.612;96.5;0.108;4.753;0;3;3300;3300
db_buhler_1_dsp;;1,5968E+18;15.15;1596.1;986; OK;0;1019;193888;33;2.7;3;2.7;2.7;16/05/2020 06:53;5.13;1.67;1.09;32;3.27;2.57;27.44;12.61;4.67;8.4;dsp_parametros_60.txt;1043;1010;36;29;58.4;40.2;63.6;22020;6.68;813;628;53.1;185045;0;761;173;166;3.98;750;192;71;29.94;12.03;1.01;14;data;172;'-13;138;32;'-6;118;115;686;0;0;3.604;96.4;0.108;4.763;0;3;3300;3300
db_buhler_1_dsp;;1,5968E+18;15.32;1596.2;986; OK;0;1020;193889;33;2.8;3;2.8;2.7;16/05/2020 06:55;5.13;1.64;1.08;31;3.26;2.56;27.26;12.62;4.65;8.39;dsp_parametros_60.txt;1044;1011;37;29;58.6;40.8;62.9;21985;6.7;814;629;53.1;185046;0;762;173;166;3.98;751;193;72;29.96;12.05;1.01;15;data;172;'-13;138;32;'-6;119;116;686;0;0;3.587;96.5;0.108;4.595;0;3;3300;3300
db_buhler_1_dsp;;1,5968E+18;15.27;1596.1;986; OK;0;1021;193890;34;2.9;3.1;2.8;2.8;16/05/2020 06:57;5.13;1.68;1.1;30;3.26;2.49;27.42;12.61;4.64;8.38;dsp_parametros_60.txt;1045;1011;36;29;58.4;41.2;63.8;22092;6.66;815;629;53.2;185047;0;762;173;166;3.99;750;191;69;30.16;12.01;1.01;16;data;172;'-13;138;33;'-6;120;116;686;0;0;3.582;96.5;0.108;4.858;0;3;3300;3300
db_buhler_1_dsp;;1,5968E+18;15.37;1596.1;985; OK;0;1020;193891;33;2.9;3.1;2.9;2.8;16/05/2020 06:58;5.12;1.66;1.09;32;3.25;2.49;27.32;12.62;4.64;8.38;dsp_parametros_60.txt;1043;1010;36;28;57.7;40.1;64.1;22075;6.76;816;628;53.2;185048;0;761;173;166;3.99;750;192;72;29.72;12.1;1;17;data;173;'-12;138;33;'-6;120;116;686;0;0;3.576;96.1;0.108;4.605;0;3;3300;3300
db_buhler_1_dsp;;1,5968E+18;15.26;1596.1;986; OK;0;1020;193892;34;2.9;3.1;2.8;2.8;16/05/2020 07:00;5.12;1.67;1.19;31;3.25;2.45;27.44;12.62;4.63;8.4;dsp_parametros_60.txt;1044;1010;36;28;59.4;40.6;63.5;22062;6.7;817;628;53.1;185049;0;761;172;166;3.98;750;192;71;29.56;12.06;1;18;data;173;'-13;139;33;'-6;121;117;686;0;0;3.58;96;0.108;4.788;0;3;3300;3300
db_buhler_1_dsp;;1,5968E+18;15.33;1596.1;985; OK;0;1020;193893;34;2.8;3;2.8;2.7;16/05/2020 07:01;5.13;1.67;1.19;31;3.25;2.41;27.32;12.62;4.62;8.39;dsp_parametros_60.txt;1044;1010;36;28;57.8;40.1;64.6;22058;6.68;818;628;53.3;185050;0;762;173;166;4;750;193;69;29.64;12.03;1;19;data;173;'-13;139;33;'-6;121;118;686;0;0;3.558;95.9;0.108;4.825;0;3;3300;3300
db_buhler_1_dsp;;1,5968E+18;15.29;1596.1;986; OK;0;1022;193894;34;2.9;3.1;2.9;2.8;16/05/2020 07:03;5.13;1.76;1.26;29;3.25;2.45;27.24;12.62;4.61;8.42;dsp_parametros_60.txt;1046;1012;36;29;58.5;40.6;64.2;22049;6.68;819;630;53.1;185051;0;763;173;166;3.98;750;193;73;29.9;12.03;1;20;data;173;'-13;139;33;'-6;121;118;686;0;0;3.556;96.1;0.108;4.812;0;3;3300;3300
db_buhler_1_dsp;;1,5968E+18;15.65;1596.1;986; OK;0;1020;193895;33;2.9;3.1;2.9;2.8;16/05/2020 07:05;5.13;1.63;1.19;31;3.25;2.38;27.38;12.61;4.6;8.39;dsp_parametros_60.txt;1044;1011;37;29;58;40.4;63.5;22018;6.82;820;629;53.2;185052;0;762;173;166;3.99;750;194;72;29.94;12.18;1;21;data;173;'-13;138;34;'-6;122;118;686;0;0;3.534;96.4;0.108;4.673;0;3;3300;3300
db_buhler_1_dsp;;1,5968E+18;15.52;1596.1;986; OK;0;1020;193896;34;2.9;3;2.8;2.7;16/05/2020 07:06;5.12;1.65;1.18;31;3.24;2.37;27.74;12.62;4.61;8.41;dsp_parametros_60.txt;1044;1010;38;30;57.6;40.9;63.8;22059;6.8;821;628;53.1;185053;0;763;173;166;3.98;750;193;70;29.9;12.14;1;22;data;173;'-13;137;34;'-6;122;118;687;0;0;3.543;97;0.108;4.87;0;3;3300;3300
db_buhler_1_dsp;;1,5968E+18;0;1596.3;0;BAD;0;0;193898;0;3.4;3;3.3;2.9;20/05/2020 05:03;0;0;0;0;0;0;0;0;0;41.63;dsp_parametros_60.txt;0;0;0;0;0;0;0;0;0;823;0;0;185055;0;0;176;176;0;0;0;0;0;5.49;1.09;1;data;0;0;0;0;0;0;0;0;0;0;0;0;0;0;0;0;0;0
db_buhler_1_dsp;;1,5968E+18;0;1596.3;0;BAD;0;0;193899;0;3.5;3.2;3.5;3;20/05/2020 09:35;0;0;0;0;0;0;0;0;2.52;42.25;dsp_parametros_60.txt;0;0;0;0;0;0;0;0;0;824;0;0;185056;0;0;174;165;0;0;0;0;0;27.59;1.09;1;data;0;0;0;0;0;0;0;0;0;0;0;0;0;0;0;0;0;0
db_buhler_1_dsp;;1,5968E+18;14;1596.4;930;BAD;0;1020;193900;18;3.2;3.3;3.2;3.3;20/05/2020 10:22;5.15;0;0;38;3.3;0;0;12.61;5.34;7.68;dsp_parametros_60.txt;1037;1019;9;7;0.1;0.1;'-0.1;22057;10.14;825;637;25.8;185057;0;294;175;172;1.93;251;192;28;0;15.87;1.07;2;data;25;'-13;24;24;24;24;24;684;0;0;4.294;0;0.202;5.507;0;3;3300;3300
db_buhler_1_dsp;;1,5968E+18;13.55;1596.4;930;BAD;0;1014;193901;22;2.8;3.1;2.9;3;20/05/2020 10:24;5.15;1.52;1.14;39;3.34;3.38;25.94;12.62;5.36;8;dsp_parametros_60.txt;1036;1014;0;0;0;0.1;'-0.1;21689;19.1;826;632;25.7;185058;0;295;174;166;1.93;250;193;42;29.86;24.62;1.06;3;data;89;'-13;60;91;76;55;61;684;0;0;4.304;108.1;0.202;5.403;0;3;3300;3300
db_buhler_1_dsp;;1,5968E+18;14.15;1596.4;990;LOK;0;1019;193905;36;2.7;2.9;2.7;2.8;20/05/2020 10:41;5.15;1.55;1.11;33;3.32;3.04;25.62;12.62;5.19;8.37;dsp_parametros_60.txt;1042;1006;33;25;57.4;43.8;65.4;21991;8.48;830;624;50.7;185062;0;754;174;166;3.8;751;191;75;29.92;13.95;1.04;7;data;136;'-13;96;127;122;89;92;683;0;0;4.12;97.2;0.109;5.167;0;3;3300;3300
db_buhler_1_dsp;;1,5968E+18;13.49;1596.4;930;BAD;0;1013;193902;22;2.7;2.9;2.8;2.9;20/05/2020 10:26;5.14;1.52;1.13;41;3.33;3.2;25.6;12.61;5.37;8.68;dsp_parametros_60.txt;1034;1012;0;0;0;0;'-0.1;21770;13.5;827;630;25.8;185059;0;305;173;165;1.93;251;193;27;29.56;18.99;1.05;4;data;144;'-13;85;127;117;81;89;683;0;0;4.319;102.4;0.202;5.434;0;3;3300;3300
db_buhler_1_dsp;;1,5968E+18;13.52;1596.3;930;BAD;0;1011;193903;22;2.7;2.9;2.8;2.9;20/05/2020 10:31;5.15;1.52;1.12;42;3.33;3.11;25.56;12.62;5.29;8.41;dsp_parametros_60.txt;1033;1011;36;28;0.1;0;'-0.1;21799;48;828;629;25.8;185060;0;294;176;169;1.93;251;193;26;29.92;53.61;1.05;5;data;114;'-13;83;101;107;78;83;683;0;0;4.238;351.9;0.201;5.59;0;3;3300;3300
db_buhler_1_dsp;;1,5968E+18;13.56;1596.4;930;BAD;0;1012;193904;22;2.7;2.9;2.8;2.9;20/05/2020 10:39;5.15;1.55;1.12;41;3.31;3.07;25.78;12.62;5.29;8.71;dsp_parametros_60.txt;1034;1012;40;31;0.1;0.1;'-0.1;21900;26.1;829;630;25.7;185061;0;304;176;167;1.93;250;191;23;29.86;31.75;1.04;6;data;100;'-13;79;96;104;71;78;682;0;0;4.235;455.4;0.201;5.626;0;3;3300;3300
db_buhler_1_dsp;;1,5968E+18;15.47;1596.1;984; OK;0;1017;193897;34;2.9;3;2.8;2.7;16/05/2020 07:08;5.13;1.77;1.25;33;3.24;2.36;27.36;12.61;4.57;8.38;dsp_parametros_60.txt;1042;1008;38;30;57.6;40.1;63.7;22071;6.92;822;626;53.2;185054;0;763;173;166;3.99;750;192;71;30.16;12.27;1;23;data;173;'-13;138;34;'-6;122;119;686;0;0;3.517;96.7;0.107;4.915;0;3;3300;3300
db_buhler_1_dsp;;1,5968E+18;14.56;1596.1;985; OK;0;1020;193978;32;3;3.1;3;2.8;27/05/2020 12:21;5.15;1.78;1.26;33;3.28;2.44;26.42;12.61;4.84;8.44;dsp_parametros_60.txt;1042;1010;34;26;58.4;43.8;65.6;22051;6.72;903;628;53.2;185135;0;756;171;164;3.99;751;192;63;29.92;12.11;1;26;data;170;'-13;114;151;122;123;115;685;0;0;3.777;95.7;0.108;4.866;0;3;3300;3300
db_buhler_1_dsp;;1,5968E+18;14.65;1596.1;985; OK;0;1020;193982;32;3;3;2.9;2.7;27/05/2020 12:28;5.15;1.7;1.19;33;3.27;2.35;26.8;12.62;4.81;8.41;dsp_parametros_60.txt;1042;1010;34;26;59.2;43.8;64.9;22113;6.66;907;628;53.2;185139;0;757;171;164;3.99;750;192;63;29.92;12.05;0.99;30;data;171;'-13;115;152;122;124;116;685;0;0;3.761;95.9;0.108;4.815;0;3;3300;3300
db_buhler_1_dsp;;1,5968E+18;14.69;1596.1;985; OK;0;1019;193983;32;2.9;3;2.9;2.7;27/05/2020 12:29;5.15;1.77;1.25;33;3.27;2.34;26.4;12.61;4.83;8.43;dsp_parametros_60.txt;1042;1010;34;26;56.3;44.4;65.2;22076;6.7;908;628;53.1;185140;0;757;171;164;3.98;750;194;64;30.22;12.08;0.99;31;data;171;'-13;115;152;122;124;116;685;0;0;3.768;96.1;0.108;4.824;0;3;3300;3300
db_buhler_1_dsp;;1,5968E+18;14.59;1596.1;984; OK;0;1019;193984;33;3;3.1;3;2.8;27/05/2020 12:31;5.14;1.6;1.25;33;3.26;2.35;26.32;12.61;4.81;8.42;dsp_parametros_60.txt;1042;1009;34;26;57.2;44.7;65.8;22006;6.74;909;627;53.2;185141;0;757;171;164;3.99;750;191;62;29.86;12.12;0.99;32;data;171;'-13;115;152;122;125;116;685;0;0;3.745;95.5;0.108;5.018;0;3;3300;3300
db_buhler_1_dsp;;1,5968E+18;14.67;1596.6;986; OK;0;1022;193208;36;2.6;2.6;2.6;2.2;13/05/2020 15:29;5.13;1.81;1.25;29;3.18;2.11;26.08;12.61;4.51;8.35;dsp_parametros_60.txt;1046;1010;37;26;82;41.6;73.6;22004;6.78;133;628;53.1;184365;0;767;177;170;3.98;750;189;65;29.94;12.13;0.95;126;data;166;'-13;150;64;'-16;125;124;685;0;0;3.458;95;0.108;4.591;0;3;3300;3300
db_buhler_1_dsp;;1,5968E+18;14.66;1596.5;986; OK;0;1022;193120;36;2.6;2.6;2.6;2.2;13/05/2020 12:54;5.15;1.8;1.24;29;3.2;2.11;26.36;12.61;4.5;8.37;dsp_parametros_60.txt;1046;1010;37;26;82.3;41.9;72.7;22050;6.64;45;628;53.2;184277;0;767;177;170;3.99;750;189;67;29.8;12;0.96;38;data;166;'-13;150;62;127;125;124;686;0;0;3.442;94.9;0.108;4.581;0;3;3300;3300
db_buhler_1_dsp;;1,5968E+18;14.18;1596.6;989;LOK;0;1022;193231;36;2.7;2.6;2.6;2.3;13/05/2020 16:11;5.13;1.77;1.25;28;3.18;2.11;25.52;12.62;4.56;8.38;dsp_parametros_60.txt;1047;1011;40;29;81.9;42.3;74.4;21976;6.66;156;629;52.6;184388;0;769;177;171;3.94;749;190;64;29.86;11.99;0.95;149;data;156;'-13;147;65;'-16;120;118;685;0;0;3.498;94.2;0.108;4.921;0;3;3300;3300
db_buhler_1_dsp;;1,5968E+18;14.61;1596.6;987; OK;0;1023;193215;36;2.6;2.6;2.6;2.2;13/05/2020 15:40;5.15;1.79;1.24;28;3.18;2.04;26.08;12.62;4.51;8.32;dsp_parametros_60.txt;1047;1011;38;27;81.1;41.8;74.7;22038;6.76;140;629;53;184372;0;767;177;170;3.97;749;189;65;29.96;12.1;0.95;133;data;167;'-13;150;64;'-16;125;124;686;0;0;3.446;95;0.108;4.695;0;3;3300;3300
db_buhler_1_dsp;;1,5968E+18;14.3;1596.5;986; OK;0;1022;193110;36;2.7;2.6;2.6;2.2;13/05/2020 12:38;5.13;1.8;1.25;29;3.19;2.08;26.16;12.61;4.5;8.31;dsp_parametros_60.txt;1046;1010;39;28;83.3;42;73.9;22076;6.74;35;628;53.2;184267;0;766;177;170;3.99;750;191;66;29.6;12.1;0.95;28;data;167;'-13;151;62;127;125;124;685;0;0;3.434;94.6;0.108;4.515;0;3;3300;3300
db_buhler_1_dsp;;1,5968E+18;14.26;1596.6;987; OK;0;1023;193169;36;2.6;2.6;2.6;2.2;13/05/2020 14:27;5.13;1.81;1.24;28;3.18;2.08;25.98;12.61;4.49;8.3;dsp_parametros_60.txt;1047;1011;36;25;80.8;42.1;73.5;22046;6.66;94;629;53;184326;0;769;177;171;3.98;750;191;65;29.7;12.01;0.95;87;data;166;'-13;151;63;'-16;124;123;684;0;0;3.436;94.4;0.108;4.728;0;3;3300;3300
db_buhler_1_dsp;;1,5968E+18;14.55;1596.5;986; OK;0;1021;193084;35;2.6;2.6;2.6;2.3;13/05/2020 11:57;5.13;1.8;1.25;30;3.19;2.09;26.18;12.61;4.5;8.33;dsp_parametros_60.txt;1045;1010;36;25;82.8;41.8;73.2;22029;6.72;9;628;53.1;184241;0;768;176;170;3.98;749;193;66;29.88;12.08;0.96;2;data;166;'-13;151;61;126;125;124;686;0;0;3.435;94.9;0.108;4.79;0;3;3300;3300
db_buhler_1_dsp;;1,5968E+18;14.5;1596.5;986; OK;0;1021;193080;35;2.7;2.6;2.6;2.3;13/05/2020 11:51;5.15;1.79;1.24;30;3.19;2.1;26.12;12.61;4.55;8.37;dsp_parametros_60.txt;1045;1010;37;26;81.6;41.7;73.8;22043;6.72;5;628;53.2;184237;0;766;176;170;3.99;750;192;65;29.86;12.08;0.96;184;data;166;'-13;151;61;127;125;124;685;0;0;3.491;95;0.108;4.72;0;3;3300;3300
db_buhler_1_dsp;;1,5968E+18;14.42;1596.5;986; OK;0;1022;193081;35;2.6;2.6;2.5;2.2;13/05/2020 11:52;5.12;1.81;1.24;29;3.19;2.08;26.16;12.62;4.53;8.32;dsp_parametros_60.txt;1046;1011;36;25;81.3;41.6;74.5;22107;6.8;6;629;53.1;184238;0;766;176;170;3.98;750;192;67;29.58;12.16;0.96;185;data;166;'-13;151;61;127;125;124;686;0;0;3.473;94.6;0.108;4.609;0;3;3300;3300
db_buhler_1_dsp;;1,5968E+18;14.59;1596.5;986; OK;0;1022;193128;34;2.7;2.7;2.7;2.3;13/05/2020 13:07;5.13;1.81;1.25;30;3.18;2.1;26.26;12.61;4.5;8.36;dsp_parametros_60.txt;1045;1011;37;26;82.9;41.2;73.4;22054;6.68;53;629;53.2;184285;0;768;177;170;3.99;749;192;65;29.9;12.03;0.95;46;data;167;'-13;151;63;127;125;124;688;0;0;3.441;94.9;0.108;4.514;0;3;3300;3300
db_buhler_1_dsp;;1,5968E+18;14.7;1596.5;985; OK;0;1020;193129;35;2.7;2.7;2.6;2.3;13/05/2020 13:08;5.15;1.81;1.24;31;3.19;2.07;26.28;12.62;4.49;8.33;dsp_parametros_60.txt;1044;1009;37;26;81.5;42.3;74;22063;6.74;54;627;53.3;184286;0;767;177;170;3.99;750;193;66;29.48;12.09;0.95;47;data;167;'-13;152;63;127;125;124;688;0;0;3.427;94.5;0.107;4.703;0;3;3300;3300
db_buhler_1_dsp;;1,5968E+18;15.23;1596.1;985; OK;0;1020;193886;34;2.7;3;2.7;2.7;16/05/2020 06:50;5.13;1.64;1.09;31;3.27;2.67;27.38;12.62;4.69;8.36;dsp_parametros_60.txt;1044;1010;37;30;59.4;40.2;64.3;22007;6.64;811;628;53.2;185043;0;760;173;166;3.99;749;190;70;29.64;12.01;1.01;12;data;172;'-13;138;32;'-6;117;114;686;0;0;3.623;96;0.108;4.763;0;3;3300;3300
db_buhler_1_dsp;;1,5968E+18;13.62;1596.6;930;BAD;0;1017;193855;22;3;3.5;3.1;3.3;15/05/2020 22:20;5.13;1.49;1.2;36;3.21;2.45;25.52;12.61;5.11;7.51;dsp_parametros_60.txt;1039;1017;0;0;0;0;'-0.1;21885;13.7;780;635;25.8;185012;0;301;175;167;1.93;251;192;30;29.56;19.09;0.98;63;data;94;'-13;78;56;'-16;77;76;684;0;0;4.051;101.3;0.201;5.172;0;3;3300;3300
db_buhler_1_dsp;;1,5968E+18;13.67;1596.6;930;BAD;0;1014;193856;22;2.8;3.3;2.8;3.1;15/05/2020 22:21;5.12;1.49;1.26;39;3.13;2.32;25.64;12.62;5.1;7.74;dsp_parametros_60.txt;1036;1014;0;0;0;0;'-0.1;21893;19.22;781;632;25.8;185013;0;301;175;166;1.94;250;194;23;29.24;24.63;0.97;64;data;138;'-13;107;58;'-16;103;100;684;0;0;4.04;106.6;0.201;5.141;0;3;3300;3300
db_buhler_1_dsp;;1,5968E+18;14.1;1596.6;993;LOK;0;1024;193857;38;2.7;3.2;2.8;3;15/05/2020 22:23;5.12;1.49;1.25;27;3.21;2.3;25.56;12.61;4.96;8.24;dsp_parametros_60.txt;1048;1010;36;26;81.7;40.6;73.2;21958;8.82;782;628;50.7;185014;0;763;175;166;3.8;750;191;67;29.52;14.19;0.97;65;data;161;'-13;126;58;'-16;110;109;684;0;0;3.889;96.5;0.109;5.058;0;3;3300;3300
db_buhler_1_dsp;;1,5968E+18;14.93;1596.6;985; OK;0;1020;193747;36;2.7;2.7;2.5;2.3;15/05/2020 16:20;5.12;1.85;1.25;31;3.21;2.12;26.4;12.61;4.55;8.37;dsp_parametros_60.txt;1044;1008;36;25;83.8;41.9;74.4;22085;6.68;672;626;53.3;184904;0;766;176;169;4;750;190;65;29.66;12.05;0.96;145;data;166;'-13;149;64;'-16;124;124;685;0;0;3.487;95;0.107;4.637;0;3;3300;3300
db_buhler_1_dsp;;1,5968E+18;14.99;1596.6;985; OK;0;1020;193752;36;2.7;2.8;2.6;2.3;15/05/2020 16:28;5.13;1.84;1.24;31;3.2;2.1;26.6;12.61;4.5;8.36;dsp_parametros_60.txt;1044;1008;38;27;82.8;42.2;73.8;22039;6.74;677;626;53.3;184909;0;768;176;169;3.99;751;189;65;29.88;12.1;0.96;150;data;166;'-13;150;64;'-16;124;124;688;0;0;3.437;95.3;0.107;4.695;0;3;3300;3300
db_buhler_1_dsp;;1,5968E+18;15.13;1596.6;986; OK;0;1020;193830;36;2.6;2.7;2.5;2.3;15/05/2020 20:10;5.12;1.83;1.24;31;3.21;2.09;26.78;12.6;4.55;8.39;dsp_parametros_60.txt;1044;1008;38;27;83.6;40;73.9;22018;6.82;755;626;53.1;184987;0;766;175;168;3.98;749;191;68;30.18;12.18;0.96;38;data;165;'-13;150;59;'-16;122;123;683;0;0;3.481;96.1;0.107;4.604;0;3;3300;3300
db_buhler_1_dsp;;1,5968E+18;14.98;1596.6;986; OK;0;1020;193832;36;2.6;2.6;2.5;2.3;15/05/2020 20:13;5.13;1.85;1.24;31;3.21;2.1;26.74;12.61;4.54;8.38;dsp_parametros_60.txt;1044;1008;37;26;82.7;42.2;74.1;22078;6.64;757;626;53.1;184989;0;765;175;168;3.98;751;190;67;29.86;11.99;0.96;40;data;165;'-13;151;59;'-16;123;123;684;0;0;3.486;95.4;0.107;4.502;0;3;3300;3300
db_buhler_1_dsp;;1,5968E+18;15.29;1596.6;985; OK;0;1020;193852;36;2.6;2.6;2.5;2.3;15/05/2020 20:45;5.12;1.84;1.24;31;3.2;2.09;26.84;12.61;4.56;8.41;dsp_parametros_60.txt;1044;1008;37;26;82.6;40.6;74.4;22021;6.74;777;626;53.2;185009;0;766;175;168;3.99;750;190;66;29.82;12.11;0.96;60;data;165;'-13;151;59;'-16;124;124;688;0;0;3.494;95.7;0.107;4.602;0;3;3300;3300
db_buhler_1_dsp;;1,5968E+18;14.68;1596.7;986; OK;0;1022;193861;35;2.7;3.1;2.8;2.9;15/05/2020 22:29;5.12;1.81;1.25;30;3.21;2.23;26.36;12.61;4.58;8.17;dsp_parametros_60.txt;1045;1010;35;25;83.1;40.4;75.2;22046;6.66;786;628;53.1;185018;0;764;174;168;3.98;750;189;68;29.6;12.03;0.97;69;data;163;'-13;151;58;'-16;115;115;684;0;0;3.529;94.6;0.108;4.532;0;3;3300;3300
db_buhler_1_dsp;;1,5968E+18;14.86;1596.6;986; OK;0;1022;193864;36;2.6;3;2.7;2.8;15/05/2020 22:34;5.13;1.81;1.25;29;3.21;2.23;26.54;12.61;4.58;8.38;dsp_parametros_60.txt;1046;1010;36;26;82.8;39.8;74.5;22079;6.68;789;628;53.2;185021;0;765;175;168;3.99;750;188;67;29.9;12.05;0.97;72;data;164;'-13;152;58;'-16;118;118;684;0;0;3.514;95.4;0.108;4.596;0;3;3300;3300
db_buhler_1_dsp;;1,5968E+18;15.13;1596.6;986; OK;0;1022;193868;36;2.6;3;2.7;2.8;15/05/2020 22:41;5.15;1.84;1.24;29;3.21;2.17;26.78;12.61;4.59;8.65;dsp_parametros_60.txt;1046;1010;36;25;82.9;40.2;73.8;22074;6.66;793;628;53.3;185025;0;764;175;168;3.99;750;190;65;29.6;12.04;0.97;76;data;164;'-13;151;57;'-16;120;120;685;0;0;3.526;95.7;0.108;4.69;0;3;3300;3300
db_buhler_1_dsp;;1,5968E+18;14.95;1596.5;984; OK;0;1018;193530;35;2.6;2.7;2.6;2.3;15/05/2020 09:40;5.12;1.83;1.25;34;3.2;2.1;26.52;12.61;4.55;8.34;dsp_parametros_60.txt;1041;1006;37;26;82.6;42.1;75.2;22061;6.7;455;624;53.2;184687;0;766;174;167;3.99;750;190;68;29.9;12.07;0.96;154;data;166;'-13;148;62;'-16;123;122;683;0;0;3.484;95.2;0.107;4.722;0;3;3300;3300
db_buhler_1_dsp;;1,5968E+18;14.67;1596.6;985; OK;0;1019;193744;37;2.7;2.8;2.6;2.3;15/05/2020 16:15;5.15;1.85;1.24;31;3.2;2.12;26.7;12.62;4.53;8.38;dsp_parametros_60.txt;1044;1007;39;28;82.5;40.9;73.5;22034;6.74;669;625;53.3;184901;0;767;176;169;4;750;190;66;29.62;12.11;0.96;142;data;166;'-13;150;64;'-16;124;123;685;0;0;3.465;95.2;0.107;4.756;0;3;3300;3300
db_buhler_1_dsp;;1,5968E+18;14.83;1596.6;986; OK;0;1020;193748;36;2.7;2.7;2.5;2.3;15/05/2020 16:21;5.15;1.82;1.25;30;3.19;2.1;26.74;12.61;4.55;8.59;dsp_parametros_60.txt;1045;1009;36;25;83.5;41.9;73.4;22043;6.74;673;627;53.2;184905;0;766;176;169;3.99;750;192;66;29.94;12.09;0.96;146;data;166;'-13;149;64;'-16;124;124;686;0;0;3.488;95.8;0.107;4.786;0;3;3300;3300
db_buhler_1_dsp;;1,5968E+18;14.9;1596.6;985; OK;0;1020;193753;36;2.7;2.8;2.6;2.3;15/05/2020 16:29;5.15;1.85;1.25;31;3.2;2.09;26.68;12.61;4.52;8.39;dsp_parametros_60.txt;1044;1008;39;28;83.9;41.3;74.5;22042;6.7;678;626;53.3;184910;0;767;176;169;4;750;190;67;29.58;12.06;0.96;151;data;166;'-13;148;65;'-16;124;124;688;0;0;3.454;95.3;0.107;4.593;0;3;3300;3300
db_buhler_1_dsp;;1,5968E+18;14.52;1596.4;985; OK;0;1018;193425;37;2.6;2.6;2.4;2.2;15/05/2020 06:53;5.12;1.83;1.25;32;3.2;2.12;26.32;12.62;4.57;8.35;dsp_parametros_60.txt;1043;1006;36;25;82.4;43.4;75.6;22070;6.72;350;624;53.1;184582;0;764;173;166;3.98;750;192;68;29.22;12.07;0.97;49;data;165;'-13;149;59;'-16;122;121;684;0;0;3.508;94.5;0.107;5.014;0;3;3300;3300
db_buhler_1_dsp;;1,5968E+18;14.88;1596.7;986; OK;0;1021;193809;36;2.6;2.7;2.6;2.5;15/05/2020 19:36;5.12;1.82;1.24;30;3.21;2.2;26.48;12.62;4.65;8.08;dsp_parametros_60.txt;1045;1009;36;27;82.6;41.4;75;22011;6.78;734;627;53.2;184966;0;764;175;168;3.99;750;190;68;30.2;12.14;0.97;17;data;162;'-13;152;61;'-16;112;112;686;0;0;3.587;95.6;0.107;4.726;0;3;3300;3300
db_buhler_1_dsp;;1,5968E+18;14.74;1596.6;985; OK;0;1020;193745;36;2.7;2.8;2.6;2.3;15/05/2020 16:17;5.12;1.85;1.24;31;3.2;2.1;26.32;12.62;4.54;8.38;dsp_parametros_60.txt;1044;1008;38;26;82;41.7;74.8;22076;6.72;670;626;53.3;184902;0;767;176;169;4;750;190;66;29.66;12.08;0.96;143;data;166;'-13;149;64;'-16;124;124;685;0;0;3.477;94.9;0.107;4.766;0;3;3300;3300
db_buhler_1_dsp;;1,5968E+18;14.96;1596.4;985; OK;0;1018;193501;35;2.6;2.6;2.5;2.2;15/05/2020 08:54;5.13;1.82;1.25;33;3.2;2.12;26.52;12.62;4.52;8.29;dsp_parametros_60.txt;1042;1007;36;25;83.3;42.7;73.3;21981;6.68;426;625;53.2;184658;0;765;173;167;3.99;750;192;68;30;12.03;0.96;125;data;166;'-13;147;61;'-16;123;122;688;0;0;3.455;95.4;0.107;4.549;0;3;3300;3300
db_buhler_1_dsp;;1,5968E+18;14.47;1596.5;985; OK;0;1018;193540;37;2.5;2.6;2.5;2.3;15/05/2020 10:16;5.12;1.81;1.25;32;3.21;2.16;26.02;12.62;4.59;8.35;dsp_parametros_60.txt;1043;1006;38;28;83.9;42.1;75.3;22065;6.66;465;624;53;184697;0;766;174;167;3.98;750;191;69;29.52;12.02;0.96;164;data;166;'-13;148;62;'-16;121;120;685;0;0;3.524;94.4;0.106;4.846;0;3;3300;3300
db_buhler_1_dsp;;1,5968E+18;15.2;1596.5;986; OK;0;1021;193851;36;2.6;2.7;2.5;2.3;15/05/2020 20:43;5.12;1.86;1.25;30;3.2;2.09;27.26;12.61;4.52;8.31;dsp_parametros_60.txt;1045;1009;37;26;82.6;40.4;74.2;22067;6.72;776;627;53.1;185008;0;765;175;168;3.98;750;191;67;29.82;12.09;0.96;59;data;165;'-13;150;59;'-16;123;124;688;0;0;3.463;96;0.107;4.703;0;3;3300;3300
db_buhler_1_dsp;;1,5968E+18;15.4;1596.6;984; OK;0;1019;193849;36;2.6;2.7;2.5;2.3;15/05/2020 20:40;5.12;1.82;1.25;32;3.21;2.06;26.82;12.61;4.52;8.39;dsp_parametros_60.txt;1043;1007;37;26;81.6;41.2;74.4;22071;6.66;774;625;53.2;185006;0;766;175;168;3.99;750;190;65;30.16;12.03;0.96;57;data;165;'-13;149;59;'-16;123;124;688;0;0;3.463;96;0.107;4.598;0;3;3300;3300
db_buhler_1_dsp;;1,5968E+18;15.45;1596.6;985; OK;0;1020;193850;36;2.6;2.7;2.5;2.3;15/05/2020 20:42;5.12;1.83;1.24;31;3.2;2.08;27.06;12.6;4.52;8.35;dsp_parametros_60.txt;1044;1008;37;26;83.3;42;74.2;21988;6.68;775;626;53.2;185007;0;766;175;168;3.99;750;192;66;29.82;12.05;0.96;58;data;165;'-13;150;59;'-16;123;124;687;0;0;3.451;96;0.107;4.709;0;3;3300;3300
db_buhler_1_dsp;;1,5968E+18;14.75;1596.6;985; OK;0;1020;193746;36;2.7;2.7;2.5;2.3;15/05/2020 16:18;5.12;1.85;1.23;31;3.21;2.1;26.38;12.62;4.52;8.35;dsp_parametros_60.txt;1044;1008;37;26;82.6;42.3;73.9;22056;6.7;671;626;53.2;184903;0;767;176;169;3.99;750;192;67;29.66;12.07;0.96;144;data;166;'-13;151;64;'-16;124;124;685;0;0;3.47;94.9;0.107;4.687;0;3;3300;3300
db_buhler_1_dsp;;1,5968E+18;14.93;1596.6;985; OK;0;1020;193756;37;2.7;2.7;2.5;2.3;15/05/2020 16:34;5.13;1.85;1.25;30;3.2;2.1;26.62;12.61;4.54;8.36;dsp_parametros_60.txt;1045;1008;37;25;82.7;42;74.5;22011;6.72;681;626;53.3;184913;0;766;176;169;4;750;189;65;29.66;12.09;0.96;154;data;166;'-13;150;64;'-16;124;124;686;0;0;3.471;95.1;0.107;4.831;0;3;3300;3300
db_buhler_1_dsp;;1,5968E+18;15.26;1596.6;984; OK;0;1018;193795;36;2.6;2.7;2.5;2.3;15/05/2020 18:14;5.12;1.84;1.24;32;3.21;2.11;26.92;12.62;4.52;8.49;dsp_parametros_60.txt;1043;1007;35;24;82.4;43;74.7;22081;6.72;720;625;53.4;184952;0;767;176;168;4;750;193;66;29.82;12.09;0.96;3;data;165;'-13;149;62;'-16;124;124;688;0;0;3.462;95.7;0.107;4.763;0;3;3300;3300
db_buhler_1_dsp;;1,5968E+18;13.51;1596.4;930;BAD;0;1010;193389;22;2.7;2.8;2.7;2.5;15/05/2020 05:56;5.13;1.82;1.25;43;3.17;2.18;26.18;12.62;5.01;8.37;dsp_parametros_60.txt;1032;1010;35;22;0;0;'-0.1;22152;40.86;314;628;25.8;184546;0;302;177;169;1.93;250;192;26;29.7;50.67;0.98;13;data;105;'-13;93;53;'-16;103;96;690;0;0;3.958;511.2;0.201;5.207;0;3;3300;3300
db_buhler_1_dsp;;1,5968E+18;15.26;1596.6;986; OK;0;1020;193835;36;2.6;2.6;2.5;2.3;15/05/2020 20:18;5.12;1.85;1.24;31;3.21;2.1;27.5;12.61;4.53;8.45;dsp_parametros_60.txt;1044;1008;37;25;84.2;41.5;74.2;22028;6.66;760;626;53.1;184992;0;767;175;168;3.98;749;192;67;29.96;12.02;0.96;43;data;165;'-13;150;59;'-16;123;123;684;0;0;3.469;96.5;0.107;4.531;0;3;3300;3300
db_buhler_1_dsp;;1,5968E+18;15.08;1596.6;986; OK;0;1021;193828;35;2.6;2.7;2.5;2.4;15/05/2020 20:07;5.13;1.83;1.24;31;3.21;2.12;27.1;12.62;4.55;8.37;dsp_parametros_60.txt;1044;1009;38;27;82.1;40.9;73.3;22048;6.68;753;627;53.1;184985;0;766;175;168;3.98;749;191;67;29.92;12.05;0.96;36;data;165;'-13;149;59;'-16;122;123;683;0;0;3.484;96;0.107;4.501;0;3;3300;3300
db_buhler_1_dsp;;1,5968E+18;14.17;1596.4;984; OK;0;1018;193392;35;2.6;2.7;2.5;2.4;15/05/2020 06:01;5.12;1.75;1.25;34;3.21;2.22;25.76;12.61;4.61;8.29;dsp_parametros_60.txt;1041;1006;38;28;80.8;41.5;74.6;22037;6.66;317;624;53.1;184549;0;765;173;166;3.98;750;191;72;30.16;12.02;0.97;16;data;159;'-13;147;58;'-16;116;115;683;0;0;3.541;94.9;0.107;4.701;0;3;3300;3300
db_buhler_1_dsp;;1,5968E+18;14.89;1596.4;984; OK;0;1018;193494;37;2.6;2.6;2.6;2.2;15/05/2020 08:43;5.13;1.82;1.24;33;3.18;2.11;26.34;12.61;4.55;8.34;dsp_parametros_60.txt;1042;1005;37;27;82.9;42.7;75.2;22038;6.72;419;623;53.2;184651;0;766;173;167;3.99;750;192;69;29.88;12.07;0.96;118;data;166;'-13;148;61;'-16;123;122;687;0;0;3.483;95.2;0.107;4.822;0;3;3300;3300
db_buhler_1_dsp;;1,5968E+18;15.14;1596.6;985; OK;0;1021;193799;35;2.7;2.8;2.6;2.4;15/05/2020 18:21;5.12;1.87;1.25;30;3.21;2.08;26.82;12.62;4.53;8.37;dsp_parametros_60.txt;1045;1010;38;27;84;42.4;74.1;22025;6.72;724;628;53.2;184956;0;767;175;168;3.99;750;193;65;29.62;12.07;0.96;7;data;166;'-13;150;62;'-16;124;124;681;0;0;3.465;95.3;0.108;4.683;0;3;3300;3300
db_buhler_1_dsp;;1,5968E+18;14.51;1596.6;985; OK;0;1018;193543;36;2.6;2.7;2.5;2.3;15/05/2020 10:20;5.13;1.81;1.25;34;3.21;2.15;26.06;12.61;4.59;8.35;dsp_parametros_60.txt;1041;1005;37;26;82.6;43.1;75.4;22055;6.64;468;623;53.1;184700;0;767;174;167;3.98;750;191;70;29.82;12;0.96;167;data;166;'-13;148;62;'-16;121;121;685;0;0;3.521;94.7;0.106;4.597;0;3;3300;3300
db_buhler_1_dsp;;1,5968E+18;14.41;1596.6;985; OK;0;1017;193542;37;2.5;2.6;2.5;2.2;15/05/2020 10:19;5.12;1.81;1.24;33;3.2;2.16;26.2;12.61;4.53;8.37;dsp_parametros_60.txt;1042;1005;37;26;83.9;41.5;75.4;22064;6.66;467;623;53.2;184699;0;768;174;167;3.99;750;192;69;29.92;12.01;0.96;166;data;166;'-13;149;62;'-16;121;120;685;0;0;3.471;94.9;0.106;4.762;0;3;3300;3300
db_buhler_1_dsp;;1,5968E+18;15.03;1596.5;985; OK;0;1018;193661;37;2.8;2.8;2.6;2.3;15/05/2020 13:39;5.12;1.69;1.17;32;3.21;2.29;27.24;12.61;4.51;8.3;dsp_parametros_60.txt;1043;1006;37;25;84;41.1;73.5;22055;6.72;586;624;53.1;184818;0;767;175;168;3.98;750;191;67;29.86;12.07;0.96;59;data;166;'-13;147;64;'-16;123;123;688;0;0;3.451;96.1;0.107;4.854;0;3;3300;3300
db_buhler_1_dsp;;1,5968E+18;13.89;1596.3;986; OK;0;1023;193306;35;2.5;2.7;2.5;2.6;15/05/2020 03:08;5.12;1.63;1.1;28;3.29;2.99;25.98;12.61;4.87;8.35;dsp_parametros_60.txt;1047;1012;29;20;82.5;42.9;73.3;22087;6.72;231;630;53;184463;0;754;170;163;3.97;750;190;71;29.92;12.15;1.02;9;data;159;'-13;147;50;'-16;109;108;686;0;0;3.819;95.3;0.108;4.933;0;3;3300;3300
db_buhler_1_dsp;;1,5968E+18;14.86;1596.6;985; OK;0;1020;193751;36;2.7;2.7;2.5;2.3;15/05/2020 16:26;5.11;1.85;1.24;31;3.2;2.1;26.62;12.61;4.52;8.18;dsp_parametros_60.txt;1044;1008;37;26;83.4;41.5;74.7;22034;6.74;676;626;53.3;184908;0;767;176;169;3.99;749;189;67;29.84;12.11;0.96;149;data;166;'-13;149;64;'-16;124;124;686;0;0;3.453;95.3;0.107;4.625;0;3;3300;3300
db_buhler_1_dsp;;1,5968E+18;14.95;1596.3;984; OK;0;1018;193462;36;2.7;2.7;2.5;2.2;15/05/2020 07:52;5.12;1.83;1.24;33;3.2;2.12;26.76;12.61;4.55;8.33;dsp_parametros_60.txt;1042;1006;36;26;81.8;42.6;74.2;21976;6.7;387;624;53.2;184619;0;765;173;166;3.99;750;191;68;29.62;12.06;0.96;86;data;166;'-13;148;60;'-16;122;122;684;0;0;3.494;95.2;0.107;4.713;0;3;3300;3300
db_buhler_1_dsp;;1,5968E+18;14.87;1596.6;985; OK;0;1020;193758;36;2.7;2.7;2.5;2.3;15/05/2020 16:37;5.12;1.88;1.24;31;3.2;2.07;26.84;12.6;4.52;8.38;dsp_parametros_60.txt;1044;1008;36;25;81.9;41.6;74.3;22045;6.7;683;626;53.3;184915;0;768;176;169;3.99;750;189;65;29.62;12.06;0.96;156;data;166;'-13;149;64;'-16;124;124;686;0;0;3.45;95.5;0.107;4.567;0;3;3300;3300
db_buhler_1_dsp;;1,5968E+18;14.83;1596.4;984; OK;0;1018;193510;36;2.6;2.6;2.5;2.2;15/05/2020 09:08;5.12;1.83;1.25;33;3.2;2.11;26.26;12.62;4.54;8.3;dsp_parametros_60.txt;1042;1006;38;27;83.5;41.7;75.4;22053;6.74;435;624;53.3;184667;0;765;173;167;3.99;749;192;68;29.66;12.09;0.96;134;data;166;'-13;148;61;'-16;123;122;683;0;0;3.471;94.8;0.107;4.622;0;3;3300;3300
db_buhler_1_dsp;;1,5968E+18;14.65;1596.6;985; OK;0;1019;193613;36;2.7;2.8;2.6;2.4;15/05/2020 12:23;5.13;1.83;1.26;32;3.21;2.14;26.48;12.61;4.55;8.3;dsp_parametros_60.txt;1043;1007;35;23;82.4;42.9;75.1;22069;6.66;538;625;53.2;184770;0;766;175;168;3.99;750;191;67;29.62;12.03;0.96;11;data;166;'-13;148;64;'-16;122;122;688;0;0;3.497;94.9;0.107;4.941;0;3;3300;3300
db_buhler_1_dsp;;1,5968E+18;14.79;1596.5;985; OK;0;1020;193655;36;2.7;2.7;2.5;2.3;15/05/2020 13:29;5.13;1.67;1.08;31;3.21;2.34;27.08;12.62;4.53;8.33;dsp_parametros_60.txt;1044;1008;39;28;83;41;73.3;22050;6.64;580;626;53.1;184812;0;766;175;168;3.98;750;191;67;29.96;12;0.96;53;data;166;'-13;147;64;'-16;124;123;686;0;0;3.468;95.9;0.107;4.749;0;3;3300;3300
db_buhler_1_dsp;;1,5968E+18;14.53;1596.6;986; OK;0;1022;193257;36;2.7;2.7;2.6;2.4;13/05/2020 17:05;5.15;1.8;1.24;29;3.19;2.06;25.94;12.61;4.53;8.32;dsp_parametros_60.txt;1046;1010;37;26;81.4;41.6;74;22052;6.72;182;628;53.2;184414;0;766;177;170;3.99;750;190;64;29.54;12.09;0.95;175;data;167;'-13;151;64;'-16;125;124;682;0;0;3.461;94.3;0.108;4.693;0;3;3300;3300
db_buhler_1_dsp;;1,5968E+18;14.87;1596.5;984; OK;0;1017;193590;37;2.6;2.7;2.5;2.3;15/05/2020 11:35;5.12;1.83;1.25;33;3.22;2.12;26.54;12.61;4.54;8.32;dsp_parametros_60.txt;1042;1005;39;28;83.4;41.6;74.3;22069;6.68;515;623;53.3;184747;0;766;174;168;3.99;749;190;68;29.92;12.04;0.96;214;data;166;'-13;148;63;'-16;124;123;688;0;0;3.479;95.2;0.106;4.664;0;3;3300;3300
db_buhler_1_dsp;;1,5968E+18;14.75;1596.6;986; OK;0;1020;193742;36;2.7;2.7;2.5;2.3;15/05/2020 16:12;5.12;1.85;1.24;31;3.21;2.1;26.62;12.61;4.51;8.38;dsp_parametros_60.txt;1044;1008;37;26;82.8;42;74.3;22028;6.72;667;626;53.3;184899;0;768;176;169;3.99;750;191;68;29.68;12.08;0.96;140;data;166;'-13;149;64;'-16;124;123;684;0;0;3.447;95.3;0.107;4.461;0;3;3300;3300
db_buhler_1_dsp;;1,5968E+18;14.83;1596.6;986; OK;0;1020;193702;36;2.7;2.7;2.5;2.3;15/05/2020 14:44;5.15;1.85;1.25;31;3.2;2.1;26.64;12.6;4.52;8.36;dsp_parametros_60.txt;1044;1008;37;26;83.3;43.2;74.4;22081;6.72;627;626;53.1;184859;0;766;175;168;3.98;750;191;66;29.5;12.09;0.96;100;data;166;'-13;148;65;'-16;124;123;681;0;0;3.45;95;0.107;4.829;0;3;3300;3300
db_buhler_1_dsp;;1,5968E+18;14.44;1596.4;984; OK;0;1018;193396;36;2.6;2.7;2.5;2.3;15/05/2020 06:07;5.12;1.8;1.24;33;3.21;2.18;26.26;12.61;4.59;8.32;dsp_parametros_60.txt;1042;1006;35;25;83.8;43.9;74.6;22051;6.7;321;624;53.1;184553;0;765;172;166;3.98;750;194;69;29.9;12.06;0.97;20;data;164;'-13;148;58;'-16;119;119;688;0;0;3.522;95;0.107;4.751;0;3;3300;3300
db_buhler_1_dsp;;1,5968E+18;14.94;1596.6;984; OK;0;1018;193689;36;2.7;2.7;2.6;2.2;15/05/2020 14:23;5.12;1.82;1.25;33;3.21;2.09;26.46;12.62;4.53;8.36;dsp_parametros_60.txt;1042;1006;37;25;84.1;41.9;75.3;22039;6.72;614;624;53.1;184846;0;766;175;168;3.98;750;192;67;29.9;12.09;0.96;87;data;166;'-13;147;64;'-16;124;123;685;0;0;3.461;95.2;0.107;4.597;0;3;3300;3300
db_buhler_1_dsp;;1,5968E+18;14.74;1596.5;984; OK;0;1017;193564;36;2.7;2.7;2.6;2.3;15/05/2020 10:54;5.13;1.84;1.24;34;3.2;2.13;26.52;12.61;4.55;8.34;dsp_parametros_60.txt;1041;1005;36;25;82.1;43.4;73.4;22041;6.7;489;623;53.2;184721;0;767;174;167;3.99;749;191;69;29.92;12.06;0.96;188;data;166;'-13;147;62;'-16;123;122;681;0;0;3.49;95.5;0.106;4.617;0;3;3300;3300
db_buhler_1_dsp;;1,5968E+18;14.79;1596.6;985; OK;0;1019;193718;37;2.8;2.8;2.6;2.3;15/05/2020 15:09;5.13;1.87;1.24;31;3.21;2.1;26.58;12.61;4.54;8.35;dsp_parametros_60.txt;1044;1007;36;25;83.2;42.7;74.5;22078;6.84;643;625;53.2;184875;0;767;176;168;3.99;751;189;67;29.9;12.2;0.96;116;data;166;'-13;148;64;'-16;123;123;684;0;0;3.471;95.5;0.107;4.925;0;3;3300;3300
db_buhler_1_dsp;;1,5968E+18;14.69;1596.6;985; OK;0;1019;193735;36;2.7;2.7;2.5;2.3;15/05/2020 16:01;5.12;1.87;1.24;32;3.21;2.15;26.48;12.61;4.52;8.5;dsp_parametros_60.txt;1043;1007;36;25;82.8;41.7;73.2;22038;6.7;660;625;53.2;184892;0;767;176;169;3.99;749;192;68;29.92;12.06;0.96;133;data;166;'-13;150;64;'-16;123;123;683;0;0;3.452;95.5;0.107;4.629;0;3;3300;3300
db_buhler_1_dsp;;1,5968E+18;14.83;1596.4;984; OK;0;1018;193484;36;2.6;2.6;2.6;2.2;15/05/2020 08:27;5.12;1.83;1.24;32;3.19;2.09;26.62;12.61;4.54;8.3;dsp_parametros_60.txt;1043;1007;36;26;81.6;42.6;74.2;22010;6.74;409;625;53.1;184641;0;766;173;166;3.98;750;188;69;29.26;12.09;0.96;108;data;166;'-13;148;61;'-16;123;122;685;0;0;3.477;94.7;0.107;4.831;0;3;3300;3300
db_buhler_1_dsp;;1,5968E+18;14.4;1596.6;984; OK;0;1018;193728;35;2.7;2.7;2.5;2.3;15/05/2020 15:50;5.13;1.83;1.24;33;3.21;2.19;26.26;12.61;4.56;8.37;dsp_parametros_60.txt;1042;1007;41;29;83.2;42.2;73.9;22049;6.72;653;625;53.3;184885;0;766;176;169;3.99;750;192;70;29.62;12.09;0.96;126;data;175;'-13;151;66;'-16;125;123;682;0;0;3.494;94.8;0.106;4.562;0;3;3300;3300
db_buhler_1_dsp;;1,5968E+18;15.21;1596.2;984; OK;0;1017;193375;35;2.6;2.6;2.5;2.2;15/05/2020 04:58;5.13;1.82;1.25;34;3.21;2.15;26.8;12.62;4.54;8.34;dsp_parametros_60.txt;1041;1006;36;26;83;41.6;74.1;22038;6.7;300;624;53.3;184532;0;764;172;164;3.99;750;189;67;29.96;12.07;0.97;78;data;164;'-13;148;59;'-16;121;120;685;0;0;3.473;95.6;0.107;4.696;0;3;3300;3300
db_buhler_1_dsp;;1,5968E+18;14.56;1596.5;986; OK;0;1022;193104;35;2.7;2.6;2.5;2.2;13/05/2020 12:29;5.15;1.81;1.25;29;3.18;2.08;26.12;12.62;4.53;8.38;dsp_parametros_60.txt;1046;1011;36;25;80.1;41.7;73;22009;6.66;29;629;53.1;184261;0;766;177;170;3.98;749;192;66;29.9;12.03;0.96;22;data;166;'-13;151;62;126;125;124;684;0;0;3.463;94.9;0.108;4.599;0;3;3300;3300
db_buhler_1_dsp;;1,5968E+18;14.46;1596.3;984; OK;0;1017;193398;36;2.5;2.6;2.5;2.3;15/05/2020 06:10;5.13;1.78;1.24;34;3.22;2.21;26.4;12.61;4.62;8.36;dsp_parametros_60.txt;1041;1005;35;25;83.3;42.8;73.9;22031;6.72;323;623;53.1;184555;0;764;173;166;3.98;750;191;70;29.52;12.08;0.97;22;data;165;'-13;147;58;'-16;120;119;688;0;0;3.556;95.1;0.107;4.667;0;3;3300;3300
db_buhler_1_dsp;;1,5968E+18;14.5;1596.5;985; OK;0;1019;193093;35;2.7;2.7;2.6;2.3;13/05/2020 12:11;5.13;1.78;1.24;32;3.18;2.08;26.06;12.61;4.51;8.33;dsp_parametros_60.txt;1043;1008;38;27;81.2;41.7;73.7;22077;6.68;18;626;53.2;184250;0;767;176;170;3.99;748;190;65;30.16;12.05;0.96;11;data;167;'-13;151;62;127;125;124;681;0;0;3.449;95;0.107;4.674;0;3;3300;3300
db_buhler_1_dsp;;1,5968E+18;14.5;1596.5;986; OK;0;1022;193091;35;2.7;2.7;2.6;2.3;13/05/2020 12:08;5.12;1.82;1.24;29;3.18;2.07;26.2;12.62;4.51;8.38;dsp_parametros_60.txt;1046;1011;38;27;81.9;41.5;73.8;22024;6.7;16;629;53.2;184248;0;768;176;170;3.99;750;192;64;29.66;12.05;0.96;9;data;166;'-13;151;61;127;125;125;683;0;0;3.443;95;0.108;4.691;0;3;3300;3300
db_buhler_1_dsp;;1,5968E+18;14.25;1596.5;988;LOK;0;1020;193609;36;2.7;2.7;2.5;2.3;15/05/2020 12:16;5.13;1.81;1.25;32;3.19;2.14;25.8;12.62;4.63;8.34;dsp_parametros_60.txt;1043;1007;41;28;83.8;41.7;75.9;22028;6.66;534;625;52.3;184766;0;765;175;168;3.92;750;190;67;29.62;12.03;0.96;7;data;169;'-13;148;65;'-16;124;122;686;0;0;3.561;94.3;0.107;4.753;0;3;3300;3300
db_buhler_1_dsp;;1,5968E+18;14.49;1596.5;986; OK;0;1021;193098;36;2.7;2.7;2.6;2.3;13/05/2020 12:19;5.13;1.81;1.25;29;3.19;2.11;26.1;12.61;4.53;8.33;dsp_parametros_60.txt;1046;1010;37;26;82.3;42.7;73.8;22064;6.72;23;628;53.2;184255;0;766;176;170;3.99;749;189;65;29.3;12.09;0.96;16;data;166;'-13;152;62;127;125;124;683;0;0;3.47;94.5;0.108;4.853;0;3;3300;3300
db_buhler_1_dsp;;1,5968E+18;15.06;1596.5;984; OK;0;1017;193520;36;2.6;2.7;2.6;2.2;15/05/2020 09:24;5.13;1.82;1.24;34;3.2;2.1;26.54;12.61;4.54;8.32;dsp_parametros_60.txt;1041;1005;38;26;81.1;41.8;74.6;22008;6.7;445;623;53.3;184677;0;766;174;167;3.99;750;190;68;29.94;12.06;0.96;144;data;166;'-13;147;61;'-16;123;122;685;0;0;3.475;95.4;0.106;4.748;0;3;3300;3300
db_buhler_1_dsp;;1,5968E+18;14.43;1596.5;985; OK;0;1020;193186;36;2.6;2.6;2.6;2.2;13/05/2020 14:54;5.15;1.78;1.25;30;3.18;2.1;26.1;12.62;4.51;8.34;dsp_parametros_60.txt;1045;1009;38;27;82.1;41.8;73.4;22069;6.76;111;627;53.1;184343;0;768;177;170;3.98;748;191;66;29.88;12.12;0.95;104;data;166;'-13;150;63;'-16;125;124;686;0;0;3.45;95.1;0.107;4.834;0;3;3300;3300
db_buhler_1_dsp;;1,5968E+18;14.38;1596.6;986; OK;0;1022;193187;36;2.9;2.8;2.8;2.5;13/05/2020 14:56;5.15;1.82;1.25;29;3.18;2.11;26.04;12.62;4.5;8.3;dsp_parametros_60.txt;1046;1010;39;28;81.3;41.5;75.3;22038;6.7;112;628;53.1;184344;0;767;177;170;3.98;750;190;65;29.92;12.07;0.95;105;data;166;'-13;149;63;'-16;125;124;688;0;0;3.439;94.9;0.108;4.665;0;3;3300;3300
db_buhler_1_dsp;;1,5968E+18;14.6;1596.7;985; OK;0;1020;193767;36;2.7;2.8;2.7;2.5;15/05/2020 17:29;5.11;1.82;1.18;30;3.21;2.18;27.74;12.62;4.56;8;dsp_parametros_60.txt;1045;1009;40;28;81.5;38.3;64.5;22054;26.14;692;627;53.1;184924;0;765;176;168;3.98;751;193;66;29.32;31.54;0.96;165;data;150;'-13;134;63;'-16;112;111;685;0;0;3.493;115.3;0.108;4.742;0;3;3300;3300
db_buhler_1_dsp;;1,5968E+18;14.55;1596.3;984; OK;0;1018;193322;34;2.6;2.7;2.6;2.5;15/05/2020 03:33;5.13;1.68;1.09;33;3.24;2.4;26.38;12.62;4.77;8.39;dsp_parametros_60.txt;1042;1008;32;22;83.6;41.7;73.9;22035;6.66;247;626;53;184479;0;757;171;163;3.97;750;192;71;29.62;12.04;0.99;25;data;163;'-13;146;53;'-16;117;116;687;0;0;3.705;95.1;0.107;4.947;0;3;3300;3300
db_buhler_1_dsp;;1,5968E+18;14.42;1596.5;987; OK;0;1022;193088;35;2.7;2.7;2.6;2.3;13/05/2020 12:03;5.13;1.82;1.24;29;3.18;2.08;26.18;12.61;4.52;8.32;dsp_parametros_60.txt;1046;1011;37;26;82.3;40.4;73.4;22076;6.68;13;629;53.1;184245;0;766;176;170;3.98;750;192;67;29.86;12.02;0.96;6;data;166;'-13;151;61;126;125;124;686;0;0;3.451;95;0.108;4.478;0;3;3300;3300
db_buhler_1_dsp;;1,5968E+18;14.94;1596.2;986; OK;0;1018;193348;35;2.7;2.7;2.6;2.4;15/05/2020 04:15;5.12;1.82;1.25;33;3.22;2.22;26.44;12.62;4.64;8.4;dsp_parametros_60.txt;1042;1007;33;23;80.8;42.4;74.3;22056;6.66;273;625;53.2;184505;0;762;171;164;3.99;749;190;72;29.88;12.01;0.97;51;data;163;'-13;147;56;'-16;119;119;685;0;0;3.579;95.5;0.107;4.618;0;3;3300;3300
db_buhler_1_dsp;;1,5968E+18;14.31;1596.5;986; OK;0;1023;193107;35;2.7;2.7;2.6;2.3;13/05/2020 12:33;5.12;1.8;1.24;28;3.19;2.08;26.22;12.61;4.53;8.32;dsp_parametros_60.txt;1047;1012;37;26;82.6;41.4;72.9;22069;6.66;32;630;53.2;184264;0;767;177;170;3.99;750;190;65;29.64;12;0.96;25;data;166;'-13;151;62;126;125;124;684;0;0;3.467;94.6;0.108;4.784;0;3;3300;3300
db_buhler_1_dsp;;1,5968E+18;14.4;1596.6;986; OK;0;1021;193245;37;2.6;2.5;2.5;2.2;13/05/2020 16:46;5.12;1.8;1.24;29;3.18;2.1;26.22;12.6;4.52;8.32;dsp_parametros_60.txt;1046;1009;37;26;82.6;42.1;74.2;22085;6.76;170;627;53.1;184402;0;767;177;170;3.98;749;190;66;29.96;12.13;0.95;163;data;163;'-13;150;64;'-16;122;122;684;0;0;3.461;95.1;0.107;4.661;0;3;3300;3300
db_buhler_1_dsp;;1,5968E+18;14.46;1596.3;982; OK;0;1014;193910;33;2.8;3;2.8;2.8;20/05/2020 10:49;5.14;1.65;1.11;38;3.3;2.9;26.58;12.61;4.8;8.38;dsp_parametros_60.txt;1037;1004;35;28;58.6;43.3;66.2;22063;6.72;835;622;53;185067;0;755;174;167;3.97;751;191;68;29.64;12.17;1.02;12;data;168;'-13;113;148;121;115;109;683;0;0;3.748;95.5;0.107;5.022;0;3;3300;3300
db_buhler_1_dsp;;1,5968E+18;14.09;1596.4;987;LOK;0;1020;193906;32;2.7;2.9;2.7;2.8;20/05/2020 10:42;5.14;1.68;1.12;33;3.31;3.02;26.44;12.61;4.95;8.36;dsp_parametros_60.txt;1042;1010;34;26;56.8;43.3;64.8;22017;6.64;831;628;52.6;185063;0;754;174;167;3.94;750;192;66;29.6;12.11;1.03;8;data;152;'-13;108;136;120;100;98;683;0;0;3.885;95.4;0.108;4.779;0;3;3300;3300
db_buhler_1_dsp;;1,5968E+18;14.51;1596.6;985; OK;0;1020;193244;37;2.7;2.6;2.6;2.4;13/05/2020 16:45;5.13;1.81;1.24;30;3.19;2.1;26;12.62;4.52;8.11;dsp_parametros_60.txt;1045;1008;37;26;82.4;42.4;74.2;22076;6.68;169;626;53.2;184401;0;767;177;170;3.99;749;190;64;29.96;12.05;0.95;162;data;161;'-13;148;63;'-16;122;121;685;0;0;3.454;94.6;0.107;4.753;0;3;3300;3300
db_buhler_1_dsp;;1,5968E+18;14.51;1596.6;986; OK;0;1024;193291;36;2.7;2.6;2.6;2.3;13/05/2020 17:59;5.13;1.81;1.24;27;3.18;2.11;26.1;12.62;4.53;8.36;dsp_parametros_60.txt;1048;1012;38;26;82.2;41.4;74.1;22058;6.64;216;630;53.1;184448;0;767;177;170;3.98;749;192;66;29.9;12.01;0.96;209;data;167;'-13;149;64;'-16;125;124;686;0;0;3.464;95;0.108;4.535;0;3;3300;3300
db_buhler_1_dsp;;1,5968E+18;14.5;1596.6;986; OK;0;1022;193296;36;2.7;2.7;2.6;2.3;13/05/2020 18:07;5.12;1.8;1.24;28;3.18;2.07;26.36;12.62;4.5;8.27;dsp_parametros_60.txt;1047;1011;36;25;82.7;41.3;73.2;22044;6.66;221;629;53.1;184453;0;768;177;170;3.98;750;190;65;29.94;12.03;0.96;214;data;167;'-13;150;64;'-16;125;124;684;0;0;3.438;95;0.108;4.598;0;3;3300;3300
db_buhler_1_dsp;;1,5968E+18;14.56;1596.6;986; OK;0;1022;193297;36;2.7;2.7;2.6;2.3;13/05/2020 18:09;5.13;1.82;1.24;28;3.18;2.07;26.12;12.62;4.49;8.36;dsp_parametros_60.txt;1047;1011;36;25;81.5;42.5;73.2;22020;6.74;222;629;53.1;184454;0;768;177;170;3.98;750;190;64;29.92;12.09;0.96;215;data;166;'-13;151;64;'-16;125;124;684;0;0;3.426;95.1;0.108;4.696;0;3;3300;3300
db_buhler_1_dsp;;1,5968E+18;14.32;1596.2;984; OK;0;1018;193321;34;2.7;2.8;2.6;2.5;15/05/2020 03:32;5.13;1.71;1.09;34;3.24;2.4;26.62;12.61;4.77;8.35;dsp_parametros_60.txt;1041;1007;32;22;81.7;41.6;73.8;22034;6.7;246;625;53.1;184478;0;757;171;163;3.98;749;193;69;29.62;12.06;0.99;24;data;163;'-13;148;53;'-16;117;116;686;0;0;3.709;95.5;0.107;4.841;0;3;3300;3300
db_buhler_1_dsp;;1,5968E+18;14.44;1596.6;987; OK;0;1022;193214;36;2.6;2.6;2.6;2.2;13/05/2020 15:38;5.15;1.79;1.25;28;3.18;2.09;26.08;12.61;4.48;8.33;dsp_parametros_60.txt;1047;1011;38;27;82.5;41.3;74.5;22073;6.76;139;629;53;184371;0;767;177;170;3.98;750;190;65;29.6;12.11;0.95;132;data;167;'-13;151;64;'-16;125;124;686;0;0;3.427;94.5;0.108;4.619;0;3;3300;3300
db_buhler_1_dsp;;1,5968E+18;14.19;1596.6;986; OK;0;1022;193237;36;2.7;2.6;2.6;2.4;13/05/2020 16:33;5.13;1.73;1.25;29;3.18;2.1;25.68;12.62;4.5;8.11;dsp_parametros_60.txt;1046;1010;41;29;81.6;43.1;74.1;22023;6.64;162;628;53.1;184394;0;769;177;171;3.98;750;192;66;30.2;12;0.96;155;data;168;'-13;150;65;'-16;123;122;686;0;0;3.433;94.5;0.108;4.523;0;3;3300;3300
db_buhler_1_dsp;;1,5968E+18;14.33;1596.6;986; OK;0;1023;193256;35;2.7;2.7;2.6;2.4;13/05/2020 17:04;5.13;1.81;1.24;28;3.18;2.09;26.06;12.61;4.53;8.13;dsp_parametros_60.txt;1047;1012;37;26;81.5;42.1;74.2;22067;6.66;181;630;53.1;184413;0;767;177;170;3.98;750;190;65;29.64;12.01;0.96;174;data;167;'-13;151;64;'-16;125;124;683;0;0;3.471;94.6;0.108;4.667;0;3;3300;3300
db_buhler_1_dsp;;1,5968E+18;14.42;1596.3;984; OK;0;1019;193320;35;2.7;2.8;2.6;2.5;15/05/2020 03:30;5.11;1.7;1.09;32;3.25;2.41;26.68;12.62;4.77;8.4;dsp_parametros_60.txt;1043;1008;32;22;81;42;74.6;22056;6.68;245;626;53.2;184477;0;757;170;163;3.99;750;190;69;29.66;12.05;0.99;23;data;163;'-13;147;53;'-16;117;116;686;0;0;3.708;95.5;0.108;4.934;0;3;3300;3300
db_buhler_1_dsp;;1,5968E+18;14.65;1596.5;986; OK;0;1022;193203;36;2.6;2.6;2.6;2.2;13/05/2020 15:21;5.12;1.81;1.25;29;3.18;2.07;26.26;12.62;4.51;8.33;dsp_parametros_60.txt;1046;1010;37;26;82.8;42.3;73.2;22072;6.68;128;628;53.1;184360;0;768;177;170;3.98;751;190;65;29.9;12.03;0.95;121;data;167;'-13;151;63;'-16;125;124;685;0;0;3.443;95;0.108;4.669;0;3;3300;3300
db_buhler_1_dsp;;1,5968E+18;14.75;1596.5;985; OK;0;1019;193227;36;2.7;2.6;2.6;2.2;13/05/2020 15:59;5.13;1.8;1.24;31;3.18;2.09;26.38;12.62;4.48;8.34;dsp_parametros_60.txt;1044;1008;39;27;82.5;42.4;73.4;22039;6.64;152;626;53.2;184384;0;767;177;170;3.99;750;190;65;29.54;12;0.95;145;data;167;'-13;150;64;'-16;125;125;686;0;0;3.429;94.6;0.107;4.706;0;3;3300;3300
db_buhler_1_dsp;;1,5968E+18;13.44;1596.4;930;BAD;0;1020;193300;22;2.9;3.1;2.9;3.1;15/05/2020 02:58;5.11;1.51;1.11;34;3.21;3.15;25.94;12.62;5.42;8.15;dsp_parametros_60.txt;1041;1019;0;0;0.1;0;'-0.1;21777;18.44;225;637;25.7;184457;0;291;171;161;1.93;249;192;27;29.94;23.92;1.04;3;data;101;'-13;109;44;'-16;76;67;687;0;0;4.364;107.3;0.201;5.847;0;3;3300;3300
db_buhler_1_dsp;;1,5968E+18;14.73;1596.5;985; OK;0;1020;193136;35;2.7;2.7;2.6;2.3;13/05/2020 13:19;5.12;1.82;1.24;31;3.19;2.08;26.24;12.61;4.52;8.34;dsp_parametros_60.txt;1044;1009;35;24;80.3;41.5;73.5;22029;6.7;61;627;53.2;184293;0;767;177;170;3.99;750;191;66;29.26;12.05;0.96;54;data;167;'-13;151;63;127;125;124;684;0;0;3.458;94.5;0.107;4.68;0;3;3300;3300
db_buhler_1_dsp;;1,5968E+18;14.14;1596.6;988;LOK;0;1021;193236;37;2.7;2.6;2.6;2.4;13/05/2020 16:31;5.12;1.76;1.24;30;3.18;2.14;25.6;12.61;4.59;8.13;dsp_parametros_60.txt;1045;1008;41;29;81.4;41.9;74.6;21991;6.7;161;626;52.6;184393;0;768;177;171;3.94;751;191;64;29.92;12.05;0.96;154;data;169;'-13;152;65;'-16;124;122;686;0;0;3.528;94.4;0.108;4.792;0;3;3300;3300
db_buhler_1_dsp;;1,5968E+18;14.29;1596.6;986; OK;0;1021;193158;36;2.7;2.6;2.6;2.3;13/05/2020 14:10;5.12;1.8;1.25;29;3.19;2.12;25.94;12.62;4.51;8.31;dsp_parametros_60.txt;1046;1010;37;26;81.6;42;74;22013;6.7;83;628;53.1;184315;0;767;177;171;3.98;749;190;64;29.6;12.07;0.95;76;data;167;'-13;151;63;'-16;123;122;683;0;0;3.447;94.3;0.108;4.752;0;3;3300;3300
db_buhler_1_dsp;;1,5968E+18;14.42;1596.5;986; OK;0;1022;193184;36;2.6;2.6;2.6;2.2;13/05/2020 14:51;5.13;1.8;1.24;29;3.17;2.09;26.18;12.61;4.51;8.38;dsp_parametros_60.txt;1046;1010;37;26;82.1;41.5;74;22067;6.66;109;628;53.1;184341;0;767;177;170;3.98;749;189;63;29.62;12.01;0.95;102;data;167;'-13;150;63;'-16;125;124;688;0;0;3.449;94.6;0.108;4.691;0;3;3300;3300
db_buhler_1_dsp;;1,5968E+18;14.76;1596.6;986; OK;0;1020;193226;36;2.7;2.6;2.6;2.2;13/05/2020 15:57;5.12;1.82;1.25;29;3.18;2.1;26.36;12.61;4.51;8.3;dsp_parametros_60.txt;1046;1010;39;27;82.4;41.9;73.8;22026;6.66;151;628;53.1;184383;0;767;177;170;3.98;749;191;65;29.86;12.01;0.95;144;data;166;'-13;150;64;'-16;125;124;688;0;0;3.443;95;0.107;4.753;0;3;3300;3300
db_buhler_1_dsp;;1,5968E+18;14.32;1596.6;987; OK;0;1023;193243;36;2.7;2.6;2.6;2.3;13/05/2020 16:43;5.15;1.82;1.24;28;3.19;2.1;26.1;12.62;4.51;8.34;dsp_parametros_60.txt;1047;1011;38;26;80.2;39.5;65.9;22038;21.3;168;629;53;184400;0;768;177;170;3.97;750;189;66;29.96;26.83;0.95;161;data;155;'-13;138;63;'-16;119;118;685;0;0;3.444;109.8;0.107;4.517;0;3;3300;3300
db_buhler_1_dsp;;1,5968E+18;14.45;1596.6;986; OK;0;1021;193247;37;2.6;2.6;2.5;2.2;13/05/2020 16:49;5.13;1.81;1.24;29;3.19;2.1;26.08;12.62;4.53;8.31;dsp_parametros_60.txt;1046;1009;36;25;83.7;42.4;74.6;22046;6.66;172;627;53.2;184404;0;767;177;170;3.99;750;192;64;30.18;12.02;0.95;165;data;165;'-13;150;64;'-16;123;123;685;0;0;3.463;95;0.108;4.74;0;3;3300;3300
db_buhler_1_dsp;;1,5968E+18;14.44;1596.6;986; OK;0;1021;193250;37;2.6;2.6;2.5;2.3;13/05/2020 16:54;5.12;1.81;1.25;29;3.18;2.09;26;12.61;4.5;8.37;dsp_parametros_60.txt;1046;1009;38;27;81.8;41.2;74.1;22050;6.74;175;627;53.2;184407;0;768;177;170;3.99;750;190;65;30.18;12.09;0.95;168;data;166;'-13;150;64;'-16;124;123;686;0;0;3.441;95;0.107;4.76;0;3;3300;3300
db_buhler_1_dsp;;1,5968E+18;14.72;1596.6;986; OK;0;1021;193273;36;2.7;2.6;2.6;2.3;13/05/2020 17:31;5.13;1.81;1.25;29;3.2;2.09;26.4;12.61;4.5;8.35;dsp_parametros_60.txt;1046;1010;38;27;83.5;41.9;74;22086;6.66;198;628;53.2;184430;0;767;177;170;3.99;750;192;65;29.88;12.02;0.96;191;data;166;'-13;150;64;'-16;125;124;684;0;0;3.439;95.1;0.108;4.694;0;3;3300;3300
db_buhler_1_dsp;;1,5968E+18;14.63;1596.6;986; OK;0;1022;193280;36;2.6;2.6;2.5;2.2;13/05/2020 17:42;5.13;1.8;1.24;29;3.18;2.1;26.28;12.62;4.47;8.57;dsp_parametros_60.txt;1046;1010;37;26;81.7;41.9;73.8;22021;6.78;205;628;53.2;184437;0;768;177;170;3.99;749;189;63;29.66;12.15;0.96;198;data;166;'-13;149;64;'-16;125;124;686;0;0;3.41;95.3;0.107;4.482;0;3;3300;3300
db_buhler_1_dsp;;1,5968E+18;14.4;1596.5;986; OK;0;1022;193108;36;2.8;2.8;2.7;2.4;13/05/2020 12:35;5.15;1.82;1.24;29;3.2;2.09;25.9;12.61;4.52;8.37;dsp_parametros_60.txt;1046;1010;37;26;81.3;42.5;74.4;22021;6.66;33;628;53.1;184265;0;767;177;170;3.98;750;190;67;29.9;12.03;0.96;26;data;166;'-13;151;62;126;125;124;685;0;0;3.46;94.6;0.108;4.661;0;3;3300;3300
db_buhler_1_dsp;;1,5968E+18;14.55;1596.5;986; OK;0;1022;193219;36;2.7;2.6;2.6;2.3;13/05/2020 15:46;5.11;1.81;1.24;29;3.18;2.08;26.28;12.61;4.51;8.34;dsp_parametros_60.txt;1046;1010;37;26;82.6;41.2;73.3;22077;6.8;144;628;53;184376;0;766;177;170;3.98;751;190;64;30.16;12.16;0.95;137;data;167;'-13;149;64;'-16;125;124;685;0;0;3.446;95.6;0.108;4.458;0;3;3300;3300
db_buhler_1_dsp;;1,5968E+18;14.46;1596.5;986; OK;0;1022;193121;35;2.6;2.6;2.5;2.2;13/05/2020 12:56;5.15;1.82;1.24;29;3.18;2.11;26.4;12.61;4.51;8.34;dsp_parametros_60.txt;1046;1011;37;26;82;41.8;73.8;22055;6.76;46;629;53.2;184278;0;767;177;170;3.99;750;190;66;30.24;12.13;0.96;39;data;166;'-13;150;62;126;125;124;685;0;0;3.444;95.6;0.108;4.538;0;3;3300;3300
db_buhler_1_dsp;;1,5968E+18;14.75;1596.6;986; OK;0;1023;193287;37;2.7;2.6;2.6;2.3;13/05/2020 17:53;5.12;1.83;1.24;27;3.18;2.1;26.06;12.61;4.5;8.37;dsp_parametros_60.txt;1048;1011;37;26;82.4;41.9;74.2;22048;6.66;212;629;53.1;184444;0;766;177;170;3.98;751;190;65;29.9;12.03;0.96;205;data;166;'-13;150;64;'-16;125;124;684;0;0;3.439;94.8;0.108;4.841;0;3;3300;3300
db_buhler_1_dsp;;1,5968E+18;14.5;1596.5;986; OK;0;1022;193148;35;2.7;2.7;2.6;2.3;13/05/2020 13:38;5.13;1.81;1.25;29;3.18;2.09;26.14;12.61;4.51;8.38;dsp_parametros_60.txt;1046;1011;36;25;82.4;42.2;74.6;22075;6.66;73;629;53.2;184305;0;767;177;170;3.99;750;191;66;29.92;12.03;0.95;66;data;166;'-13;151;63;'-16;125;124;686;0;0;3.448;94.8;0.108;4.7;0;3;3300;3300
db_buhler_1_dsp;;1,5968E+18;14.36;1596.6;987; OK;0;1022;193160;35;2.7;2.7;2.6;2.4;13/05/2020 14:13;5.13;1.8;1.25;29;3.18;2.12;25.86;12.62;4.53;8.32;dsp_parametros_60.txt;1046;1011;35;24;82.4;42.7;74.2;22019;6.66;85;629;53.1;184317;0;768;177;171;3.98;750;192;65;29.5;12.03;0.95;78;data;166;'-13;151;63;'-16;123;122;683;0;0;3.465;94.1;0.108;4.505;0;3;3300;3300
db_buhler_1_dsp;;1,5968E+18;14.71;1596.5;985; OK;0;1017;193549;37;2.6;2.7;2.6;2.3;15/05/2020 10:30;5.12;1.82;1.24;33;3.2;2.14;26.62;12.62;4.53;8.39;dsp_parametros_60.txt;1042;1005;36;25;82.7;42;75.1;22059;6.76;474;623;53;184706;0;767;174;167;3.97;750;191;69;29.88;12.1;0.96;173;data;165;'-13;148;62;'-16;122;122;686;0;0;3.479;95.7;0.106;4.683;0;3;3300;3300
db_buhler_1_dsp;;1,5968E+18;14.66;1596.6;986; OK;0;1021;193204;35;2.6;2.6;2.6;2.2;13/05/2020 15:22;5.12;1.8;1.24;30;3.18;2.1;26.36;12.61;4.52;8.38;dsp_parametros_60.txt;1045;1010;37;26;82.5;41;72.6;22071;6.66;129;628;53.1;184361;0;768;177;170;3.98;751;190;66;29.64;12.02;0.95;122;data;167;'-13;150;63;'-16;125;124;685;0;0;3.452;95;0.107;4.672;0;3;3300;3300
db_buhler_1_dsp;;1,5968E+18;14.43;1596.6;986; OK;0;1020;193239;37;2.7;2.7;2.6;2.4;13/05/2020 16:36;5.12;1.79;1.24;30;3.19;2.12;25.92;12.62;4.51;8.53;dsp_parametros_60.txt;1045;1008;38;27;82.3;41.9;73.1;22085;6.72;164;626;53;184396;0;768;177;171;3.97;750;191;67;29.62;12.08;0.96;157;data;168;'-13;150;64;'-16;123;123;686;0;0;3.45;94.6;0.107;4.754;0;3;3300;3300
db_buhler_1_dsp;;1,5968E+18;14.54;1596.6;986; OK;0;1021;193262;36;2.7;2.6;2.6;2.3;13/05/2020 17:14;5.15;1.82;1.25;29;3.19;2.07;26.08;12.61;4.5;8.34;dsp_parametros_60.txt;1046;1010;41;26;0.1;11.4;6.5;22065;6.7;187;628;53.2;184419;0;767;177;170;3.99;750;191;63;29.6;12.07;0.95;180;data;153;'-13;136;63;'-16;122;124;684;0;0;3.44;124.1;0.108;4.624;0;3;3300;3300
db_buhler_1_dsp;;1,5968E+18;14.65;1596.6;986; OK;0;1022;193271;36;2.7;2.6;2.6;2.3;13/05/2020 17:28;5.15;1.83;1.25;29;3.19;2.08;26.2;12.61;4.5;8.37;dsp_parametros_60.txt;1046;1010;38;27;82.7;42.3;73.3;22041;6.8;196;628;53.1;184428;0;767;177;170;3.98;750;188;65;29.82;12.15;0.96;189;data;166;'-13;151;64;'-16;125;124;685;0;0;3.432;95;0.108;4.47;0;3;3300;3300
db_buhler_1_dsp;;1,5968E+18;14.6;1596.6;985; OK;0;1021;193282;36;2.6;2.6;2.5;2.2;13/05/2020 17:45;5.13;1.81;1.24;29;3.18;2.08;26.24;12.61;4.47;8.37;dsp_parametros_60.txt;1046;1010;37;26;83.4;41.4;74.1;22085;6.66;207;628;53.2;184439;0;768;177;170;3.99;749;191;64;29.66;12.01;0.96;200;data;167;'-13;152;64;'-16;125;124;686;0;0;3.419;94.6;0.107;4.607;0;3;3300;3300
db_buhler_1_dsp;;1,5968E+18;14.52;1596.6;986; OK;0;1021;193150;36;2.8;2.7;2.7;2.4;13/05/2020 13:41;5.13;1.81;1.24;29;3.18;2.08;26.14;12.62;4.48;8.42;dsp_parametros_60.txt;1046;1010;36;25;82.6;41.2;74.5;22051;6.72;75;628;53.2;184307;0;769;177;170;3.99;750;192;65;29.64;12.07;0.95;68;data;166;'-13;151;63;'-16;125;124;685;0;0;3.412;94.6;0.108;4.881;0;3;3300;3300
db_buhler_1_dsp;;1,5968E+18;14.64;1596.6;986; OK;0;1022;193200;36;2.7;2.6;2.6;2.3;13/05/2020 15:16;5.15;1.81;1.24;29;3.18;2.05;26.14;12.61;4.49;8.28;dsp_parametros_60.txt;1046;1010;39;27;82.6;41.9;74.2;22063;6.7;125;628;53.1;184357;0;768;177;170;3.98;749;190;65;29.56;12.06;0.95;118;data;167;'-13;150;63;'-16;125;124;684;0;0;3.429;94.4;0.108;4.525;0;3;3300;3300
db_buhler_1_dsp;;1,5968E+18;14.05;1596.3;984; OK;0;1020;193310;35;2.6;2.8;2.6;2.6;15/05/2020 03:14;5.12;1.65;1.11;31;3.27;2.92;26.12;12.61;4.83;8.34;dsp_parametros_60.txt;1044;1009;30;20;82.3;42.6;75.4;22054;6.66;235;627;53.2;184467;0;755;171;163;3.99;750;192;69;29.62;12.07;1.01;13;data;161;'-13;146;51;'-16;113;112;687;0;0;3.774;94.9;0.108;5.002;0;3;3300;3300
db_buhler_1_dsp;;1,5968E+18;14.05;1596.3;985; OK;0;1021;193314;35;2.6;2.7;2.6;2.6;15/05/2020 03:21;5.12;1.63;1.1;30;3.26;2.9;26.18;12.62;4.81;8.37;dsp_parametros_60.txt;1045;1010;33;24;83.8;41.7;74.7;22048;6.66;239;628;53.2;184471;0;755;171;163;3.99;750;190;68;29.84;12.03;1;17;data;162;'-13;146;52;'-16;115;114;685;0;0;3.744;95.3;0.108;5.011;0;3;3300;3300
db_buhler_1_dsp;;1,5968E+18;14.38;1596.2;984; OK;0;1019;193318;34;2.7;2.8;2.6;2.6;15/05/2020 03:27;5.13;1.65;1.09;33;3.26;2.86;26.4;12.62;4.79;8.37;dsp_parametros_60.txt;1042;1008;35;25;81.1;42.4;73.7;22053;6.7;243;626;53;184475;0;757;170;163;3.98;751;191;69;29.92;12.09;0.99;21;data;162;'-13;148;53;'-16;117;115;684;0;0;3.724;95.5;0.108;4.816;0;3;3300;3300
db_buhler_1_dsp;;1,5968E+18;14.68;1596.5;985; OK;0;1021;193130;35;2.6;2.6;2.5;2.2;13/05/2020 13:10;5.13;1.81;1.25;30;3.18;2.08;26.34;12.62;4.5;8.36;dsp_parametros_60.txt;1045;1010;37;26;83;42.3;74.2;22066;6.66;55;628;53.2;184287;0;768;177;170;3.99;750;194;66;29.9;12.01;0.95;48;data;167;'-13;152;63;127;125;125;681;0;0;3.438;95;0.108;4.784;0;3;3300;3300
db_buhler_1_dsp;;1,5968E+18;14.52;1596.6;985; OK;0;1021;193142;35;2.7;2.7;2.6;2.3;13/05/2020 13:29;5.12;1.8;1.25;30;3.19;2.04;26.08;12.61;4.51;8.37;dsp_parametros_60.txt;1045;1010;38;27;82.8;42.3;74.4;22046;6.66;67;628;53.3;184299;0;767;177;170;3.99;749;193;65;29.6;12.03;0.95;60;data;167;'-13;151;63;'-16;126;124;686;0;0;3.443;94.8;0.108;4.698;0;3;3300;3300
db_buhler_1_dsp;;1,5968E+18;14.58;1596.6;986; OK;0;1022;193143;36;2.7;2.7;2.6;2.3;13/05/2020 13:30;5.12;1.83;1.24;29;3.18;2.08;26.14;12.61;4.49;8.35;dsp_parametros_60.txt;1046;1010;38;27;82.4;42.2;75;22020;6.66;68;628;53.2;184300;0;768;177;170;3.99;750;192;67;29.64;12.02;0.95;61;data;167;'-13;151;63;'-16;126;124;685;0;0;3.432;94.5;0.108;4.518;0;3;3300;3300
db_buhler_1_dsp;;1,5968E+18;14.51;1596.5;986; OK;0;1022;193144;37;2.6;2.6;2.6;2.2;13/05/2020 13:32;5.15;1.82;1.25;28;3.19;2.05;26.22;12.62;4.5;8.36;dsp_parametros_60.txt;1047;1010;39;27;81.8;41.8;73.5;22006;6.7;69;628;53.2;184301;0;768;177;170;3.99;750;188;65;29.88;12.05;0.95;62;data;167;'-13;151;63;'-16;126;124;685;0;0;3.438;95;0.108;4.836;0;3;3300;3300
db_buhler_1_dsp;;1,5968E+18;14.34;1596.6;987; OK;0;1024;193167;36;2.7;2.6;2.6;2.3;13/05/2020 14:24;5.12;1.81;1.25;27;3.2;2.1;25.8;12.62;4.53;8.34;dsp_parametros_60.txt;1048;1012;37;26;83.4;42.1;75.2;22062;6.74;92;630;53;184324;0;767;177;170;3.97;750;191;65;29.2;12.11;0.96;85;data;167;'-13;151;63;'-16;124;123;683;0;0;3.469;93.9;0.108;4.728;0;3;3300;3300
db_buhler_1_dsp;;1,5968E+18;14.74;1596.5;984; OK;0;1018;193547;36;2.6;2.7;2.6;2.3;15/05/2020 10:27;5.15;1.82;1.25;33;3.2;2.13;26.12;12.62;4.53;8.35;dsp_parametros_60.txt;1042;1006;36;25;82.6;42.4;74.3;22081;6.72;472;624;53.2;184704;0;766;174;167;3.99;750;191;66;29.92;12.08;0.96;171;data;165;'-13;148;62;'-16;122;121;686;0;0;3.478;95.1;0.106;4.508;0;3;3300;3300
db_buhler_1_dsp;;1,5968E+18;14.65;1596.4;984; OK;0;1016;193419;35;2.6;2.7;2.5;2.3;15/05/2020 06:44;5.13;1.82;1.25;34;3.21;2.15;26.46;12.62;4.56;8.33;dsp_parametros_60.txt;1041;1006;37;27;82.3;42.8;74.7;22027;6.74;344;624;53.1;184576;0;764;173;166;3.98;750;191;69;29.62;12.1;0.97;43;data;165;'-13;149;59;'-16;122;121;687;0;0;3.498;95;0.107;4.896;0;3;3300;3300
db_buhler_1_dsp;;1,5968E+18;14.28;1596.6;985; OK;0;1019;193539;37;2.6;2.7;2.6;2.3;15/05/2020 10:14;5.13;1.83;1.24;32;3.18;2.16;26.1;12.61;4.57;8.37;dsp_parametros_60.txt;1043;1006;38;27;82.5;42.4;74.6;22034;6.72;464;624;53.1;184696;0;766;174;167;3.98;750;191;70;29.86;12.09;0.96;163;data;166;'-13;151;62;'-16;120;119;685;0;0;3.503;94.9;0.106;4.808;0;3;3300;3300
db_buhler_1_dsp;;1,5968E+18;14.35;1596.6;986; OK;0;1021;193240;37;2.7;2.6;2.6;2.3;13/05/2020 16:38;5.13;1.8;1.24;29;3.17;2.12;26.08;12.61;4.53;8.11;dsp_parametros_60.txt;1046;1009;40;27;80.3;38.1;64.8;22078;26.22;165;627;53.1;184397;0;767;177;170;3.98;749;192;67;29.66;31.62;0.95;158;data;158;'-13;136;63;'-16;121;119;685;0;0;3.467;114.2;0.107;4.769;0;3;3300;3300
db_buhler_1_dsp;;1,5968E+18;14.44;1596.5;986; OK;0;1022;193087;37;2.7;2.7;2.6;2.3;13/05/2020 12:02;5.13;1.79;1.24;28;3.19;2.08;26.14;12.62;4.52;8.32;dsp_parametros_60.txt;1047;1010;37;25;81.7;42.1;73.7;22033;6.72;12;628;53.1;184244;0;767;176;170;3.98;749;189;66;29.88;12.08;0.96;5;data;166;'-13;150;61;126;125;124;685;0;0;3.452;94.9;0.108;4.826;0;3;3300;3300
db_buhler_1_dsp;;1,5968E+18;14.81;1596.4;983; OK;0;1016;193412;35;2.6;2.6;2.5;2.2;15/05/2020 06:33;5.12;1.83;1.25;36;3.2;2.13;26.34;12.62;4.57;8.3;dsp_parametros_60.txt;1039;1004;35;25;82.9;41.3;73.4;22067;6.66;337;622;53.1;184569;0;765;173;166;3.98;750;191;69;29.96;12.03;0.97;36;data;165;'-13;148;59;'-16;122;121;685;0;0;3.508;95.3;0.106;4.72;0;3;3300;3300
db_buhler_1_dsp;;1,5968E+18;14.82;1596.3;984; OK;0;1017;193478;36;2.6;2.6;2.4;2.1;15/05/2020 08:17;5.13;1.83;1.25;34;3.19;2.1;26.62;12.62;4.54;8.58;dsp_parametros_60.txt;1041;1005;36;25;83.5;41.2;74.9;22039;6.7;403;623;53;184635;0;766;173;166;3.97;750;192;71;29.9;12.05;0.96;102;data;166;'-12;147;61;'-16;123;122;684;0;0;3.488;95.6;0.107;4.792;0;3;3300;3300
db_buhler_1_dsp;;1,5968E+18;14.54;1596.6;986; OK;0;1021;193191;36;2.6;2.6;2.6;2.2;13/05/2020 15:02;5.13;1.82;1.25;30;3.18;2.08;26.1;12.61;4.5;8.32;dsp_parametros_60.txt;1045;1009;37;26;81.7;42.2;73.4;22063;6.68;116;627;53;184348;0;768;177;170;3.98;750;190;67;29.84;12.04;0.95;109;data;167;'-13;151;63;'-16;125;124;681;0;0;3.439;95;0.107;4.7;0;3;3300;3300
db_buhler_1_dsp;;1,5968E+18;14.91;1596.5;985; OK;0;1019;193588;36;2.6;2.7;2.5;2.3;15/05/2020 11:32;5.15;1.82;1.24;32;3.21;2.12;26.44;12.6;4.55;8.33;dsp_parametros_60.txt;1043;1007;37;26;83.5;42.8;75.1;22040;6.82;513;625;53.3;184745;0;765;175;168;4;749;192;66;29.84;12.18;0.96;212;data;166;'-13;148;62;'-16;123;123;688;0;0;3.48;95.2;0.106;4.726;0;3;3300;3300
db_buhler_1_dsp;;1,5968E+18;14.67;1596.2;984; OK;0;1018;193343;35;2.7;2.7;2.6;2.4;15/05/2020 04:07;5.13;1.81;1.24;33;3.22;2.23;26.62;12.62;4.6;8.39;dsp_parametros_60.txt;1042;1007;33;23;82.6;42;73.4;21996;6.68;268;625;53.2;184500;0;763;171;163;3.99;750;192;69;30.16;12.05;0.97;46;data;162;'-13;146;56;'-16;119;118;684;0;0;3.531;95.9;0.107;4.803;0;3;3300;3300
db_buhler_1_dsp;;1,5968E+18;14.33;1596.3;983; OK;0;1016;193912;33;2.9;3;2.9;2.8;20/05/2020 10:52;5.15;1.66;1.1;36;3.3;2.73;26.58;12.61;4.79;8.38;dsp_parametros_60.txt;1039;1006;37;30;57.5;44;65.8;22029;6.66;837;624;53;185069;0;755;174;167;3.97;750;189;67;29.56;12.1;1.01;14;data;169;'-13;114;150;122;117;112;683;0;0;3.729;95.4;0.107;5.012;0;3;3300;3300
db_buhler_1_dsp;;1,5968E+18;14.33;1596.3;983; OK;0;1017;193908;33;2.8;3;2.8;2.9;20/05/2020 10:45;5.14;1.63;1.11;35;3.31;2.95;26.56;12.61;4.84;8.32;dsp_parametros_60.txt;1040;1007;35;27;57.4;43.9;65.9;22055;6.72;833;625;53;185065;0;754;174;167;3.97;751;189;68;29.96;12.16;1.03;10;data;164;'-13;112;144;119;110;105;683;0;0;3.779;96;0.107;4.777;0;3;3300;3300
db_buhler_1_dsp;;1,5968E+18;14.41;1596.3;984; OK;0;1018;193909;33;2.8;3;2.8;2.8;20/05/2020 10:47;5.15;1.64;1.12;34;3.31;2.78;26.48;12.62;4.82;8.37;dsp_parametros_60.txt;1041;1008;35;27;56.5;44.6;65.1;22017;6.7;834;626;53.1;185066;0;755;174;167;3.98;750;190;66;29.86;12.15;1.02;11;data;166;'-13;112;146;120;113;108;683;0;0;3.761;95.6;0.107;5.016;0;3;3300;3300
db_buhler_1_dsp;;1,5968E+18;14.43;1596.2;984; OK;0;1017;193918;33;2.9;3.1;2.9;2.8;20/05/2020 11:01;5.14;1.69;1.26;35;3.28;2.51;26.64;12.62;4.77;8.42;dsp_parametros_60.txt;1040;1007;35;27;56.9;43.8;65.3;22054;6.66;843;625;53.2;185075;0;757;174;167;3.99;751;189;65;29.64;12.06;1;20;data;170;'-13;114;152;122;122;115;683;0;0;3.71;95.5;0.107;4.943;0;3;3300;3300
db_buhler_1_dsp;;1,5968E+18;14.7;1596.3;984; OK;0;1017;193919;33;3;3.1;2.9;2.8;20/05/2020 11:03;5.15;1.74;1.25;35;3.27;2.47;26.18;12.62;4.76;8.45;dsp_parametros_60.txt;1040;1007;35;28;56.4;44.1;66;22086;6.7;844;625;53.2;185076;0;757;173;167;3.99;750;190;64;29.9;12.11;1;21;data;170;'-13;114;152;122;122;115;683;0;0;3.696;95.5;0.107;4.897;0;3;3300;3300
db_buhler_1_dsp;;1,5968E+18;14.98;1596.3;984; OK;0;1018;193926;33;3;3.1;2.9;2.8;20/05/2020 11:14;5.14;1.77;1.25;34;3.26;2.3;26.74;12.62;4.76;8.4;dsp_parametros_60.txt;1041;1008;36;28;56.8;43.3;65.9;22060;6.68;851;626;52.9;185083;0;759;174;167;3.97;750;192;66;29.68;12.07;0.99;28;data;172;'-13;115;153;123;124;117;684;0;0;3.693;95.6;0.107;4.978;0;3;3300;3300
db_buhler_1_dsp;;1,5968E+18;14.68;1596.2;984; OK;0;1016;193933;34;3;3.1;2.9;2.7;20/05/2020 11:25;5.14;1.77;1.26;35;3.25;2.24;26.66;12.61;4.7;8.42;dsp_parametros_60.txt;1040;1006;38;30;56.3;42.9;65.3;22031;6.72;858;624;53.1;185090;0;761;174;167;3.98;751;189;66;29.62;12.11;0.98;35;data;172;'-13;115;153;124;125;118;681;0;0;3.638;95.6;0.107;4.997;0;3;3300;3300
db_buhler_1_dsp;;1,5968E+18;14.84;1596.2;984; OK;0;1018;193930;33;3;3.1;2.9;2.8;20/05/2020 11:21;5.14;1.76;1.25;35;3.25;2.24;26.6;12.61;4.71;8.43;dsp_parametros_60.txt;1040;1007;37;29;58.2;44.2;64.9;22061;6.68;855;625;53.1;185087;0;760;174;167;3.98;750;189;66;29.88;12.05;0.99;32;data;171;'-14;115;153;123;124;117;685;0;0;3.647;95.6;0.107;4.669;0;3;3300;3300
db_buhler_1_dsp;;1,5968E+18;14.71;1596.3;983; OK;0;1016;193921;33;3;3.1;2.9;2.8;20/05/2020 11:06;5.14;1.62;1.25;36;3.27;2.44;26.24;12.62;4.76;8.46;dsp_parametros_60.txt;1039;1006;36;29;58;42.9;65.2;22040;6.7;846;624;53;185078;0;757;174;167;3.97;750;191;66;29.9;12.09;0.99;23;data;171;'-12;115;152;122;122;116;684;0;0;3.694;95.5;0.107;4.974;0;3;3300;3300
db_buhler_1_dsp;;1,5968E+18;14.66;1596.2;984; OK;0;1017;193920;32;2.9;3.1;2.9;2.8;20/05/2020 11:05;5.14;1.75;1.27;35;3.27;2.44;26.42;12.61;4.78;8.4;dsp_parametros_60.txt;1040;1008;36;28;56.3;43.7;66.4;22091;6.7;845;626;53.2;185077;0;757;174;167;3.99;750;192;63;29.52;12.1;1;22;data;170;'-13;115;152;122;122;115;683;0;0;3.712;95.5;0.107;4.857;0;3;3300;3300
db_buhler_1_dsp;;1,5968E+18;15.11;1596.2;984; OK;0;1016;193924;33;2.9;3;2.9;2.7;20/05/2020 11:11;5.14;1.69;1.19;36;3.26;2.37;26.76;12.61;4.76;8.46;dsp_parametros_60.txt;1039;1006;37;29;55.8;43.7;66.1;22011;6.72;849;624;53.1;185081;0;759;174;167;3.98;751;191;66;29.96;12.09;0.99;26;data;171;'-13;115;153;122;123;116;684;0;0;3.703;96;0.107;4.899;0;3;3300;3300
db_buhler_1_dsp;;1,5968E+18;15.01;1596.2;984; OK;0;1018;193925;33;3;3.1;3;2.8;20/05/2020 11:13;5.15;1.69;1.1;34;3.26;2.31;27.14;12.61;4.75;8.41;dsp_parametros_60.txt;1041;1008;37;29;56.4;44.1;65;22033;6.66;850;626;53;185082;0;759;174;167;3.98;750;190;66;29.98;12.05;0.99;27;data;171;'-13;115;152;123;123;116;684;0;0;3.687;96.4;0.107;4.848;0;3;3300;3300
db_buhler_1_dsp;;1,5968E+18;14.6;1596.2;983; OK;0;1016;193923;33;2.9;3;2.9;2.8;20/05/2020 11:09;5.14;1.6;1.25;36;3.27;2.43;26.32;12.61;4.76;8.41;dsp_parametros_60.txt;1039;1006;36;28;56.5;42.8;65.4;22024;6.72;848;624;53;185080;0;758;174;167;3.97;750;193;66;30.14;12.1;0.99;25;data;171;'-13;115;152;122;122;116;683;0;0;3.695;95.7;0.107;5.054;0;3;3300;3300
db_buhler_1_dsp;;1,5968E+18;14.57;1596.3;983; OK;0;1016;193917;33;2.9;3;2.9;2.8;20/05/2020 11:00;5.15;1.66;1.19;36;3.28;2.37;26.52;12.62;4.77;8.43;dsp_parametros_60.txt;1039;1006;35;28;56.1;44.5;65.3;22100;6.74;842;624;53.1;185074;0;757;173;167;3.98;750;192;67;29.6;12.16;1;19;data;170;'-13;114;151;122;121;114;683;0;0;3.714;95.6;0.107;4.969;0;3;3300;3300
db_buhler_1_dsp;;1,5968E+18;14.42;1596.3;982; OK;0;1015;193916;33;3;3.1;2.9;2.9;20/05/2020 10:58;5.14;1.62;1.26;37;3.28;2.52;26.16;12.62;4.78;8.39;dsp_parametros_60.txt;1038;1005;35;28;58.3;43.8;65.5;22022;6.66;841;623;53.2;185073;0;756;174;167;3.99;750;189;64;29.94;12.06;1.01;18;data;170;'-12;114;151;122;121;114;683;0;0;3.713;95.3;0.107;4.936;0;3;3300;3300
db_buhler_1_dsp;;1,5968E+18;14.4;1596.3;984; OK;0;1018;193907;34;2.7;2.9;2.8;2.8;20/05/2020 10:44;5.14;1.63;1.11;33;3.31;2.98;26.32;12.61;4.83;8.39;dsp_parametros_60.txt;1042;1008;34;27;57;43.9;65.6;22147;6.66;832;626;53;185064;0;755;174;167;3.97;750;188;67;29.66;12.11;1.03;9;data;160;'-13;111;142;119;106;102;683;0;0;3.776;95.4;0.108;5.001;0;3;3300;3300
db_buhler_1_dsp;;1,5968E+18;14.94;1596.2;983; OK;0;1015;193932;33;3;3.1;2.9;2.7;20/05/2020 11:24;5.15;1.79;1.25;37;3.25;2.23;26.84;12.62;4.71;8.41;dsp_parametros_60.txt;1038;1005;39;31;58.7;43.4;65;22037;6.62;857;623;53;185089;0;761;174;167;3.97;750;193;67;30.18;12.01;0.98;34;data;172;'-13;115;153;123;125;118;678;0;0;3.646;96.3;0.107;4.919;0;3;3300;3300
db_buhler_1_dsp;;1,5968E+18;14.98;1596.2;984; OK;0;1016;193931;33;3;3;2.9;2.7;20/05/2020 11:22;5.15;1.6;1.24;35;3.25;2.24;26.42;12.62;4.71;8.4;dsp_parametros_60.txt;1040;1007;38;30;58;44.1;66.5;22083;6.72;856;625;53;185088;0;761;174;167;3.97;749;194;66;29.58;12.1;0.98;33;data;172;'-13;115;153;123;125;118;684;0;0;3.651;95.1;0.107;4.972;0;3;3300;3300
db_buhler_1_dsp;;1,5968E+18;14.77;1596.2;985; OK;0;1018;193929;34;3;3;2.9;2.7;20/05/2020 11:19;5.14;1.7;1.19;33;3.25;2.29;27.18;12.61;4.72;8.39;dsp_parametros_60.txt;1042;1008;36;29;57.1;42.9;64.5;22112;6.66;854;626;53.1;185086;0;760;174;167;3.98;750;188;66;29.58;12.04;0.99;31;data;171;'-13;115;153;123;124;117;685;0;0;3.667;95.9;0.107;4.914;0;3;3300;3300
db_buhler_1_dsp;;1,5968E+18;14.9;1596.2;984; OK;0;1016;193938;34;2.9;3;2.8;2.6;20/05/2020 11:33;5.15;1.78;1.25;35;3.24;2.13;26.44;12.61;4.63;8.44;dsp_parametros_60.txt;1040;1006;36;28;55.7;44.9;65.1;22010;6.66;863;624;53.2;185095;0;761;174;167;3.99;750;192;65;30.2;12.04;0.98;40;data;171;'-13;115;153;124;125;118;683;0;0;3.563;95.8;0.107;4.89;0;3;3300;3300
db_buhler_1_dsp;;1,5968E+18;14.62;1596.3;983; OK;0;1016;193922;32;3;3.1;2.9;2.8;20/05/2020 11:08;5.15;1.77;1.25;37;3.27;2.41;26.54;12.62;4.78;8.39;dsp_parametros_60.txt;1038;1006;37;29;57.2;43.3;64.8;22041;6.8;847;624;53;185079;0;758;174;167;3.98;750;194;67;29.88;12.2;0.99;24;data;171;'-13;115;152;122;122;116;684;0;0;3.714;95.7;0.107;4.667;0;3;3300;3300
db_buhler_1_dsp;;1,5968E+18;14.48;1596.2;984; OK;0;1018;193915;32;2.9;3.1;2.9;2.8;20/05/2020 10:57;5.14;1.68;1.11;35;3.29;2.4;26.86;12.62;4.78;8.48;dsp_parametros_60.txt;1040;1008;36;28;57.2;43;65.6;22053;6.7;840;626;53;185072;0;756;174;167;3.97;750;191;65;29.82;12.11;1.01;17;data;170;'-13;114;151;122;120;114;683;0;0;3.72;96;0.107;4.774;0;3;3300;3300
db_buhler_1_dsp;;1,5968E+18;14.86;1596.4;984; OK;0;1018;193486;35;2.7;2.7;2.6;2.2;15/05/2020 08:30;5.13;1.82;1.25;34;3.19;2.11;26.58;12.6;4.54;8.37;dsp_parametros_60.txt;1041;1006;36;25;82.8;42.1;74.2;22063;6.66;411;624;53.2;184643;0;764;173;166;3.99;749;191;68;29.68;12.03;0.96;110;data;166;'-13;148;61;'-16;123;122;686;0;0;3.481;95.1;0.107;4.587;0;3;3300;3300
db_buhler_1_dsp;;1,5968E+18;15.1;1596.2;984; OK;0;1017;193945;33;2.9;2.9;2.8;2.6;20/05/2020 11:44;5.14;1.8;1.26;35;3.24;2.1;26.68;12.62;4.57;8.56;dsp_parametros_60.txt;1040;1007;38;30;56.8;43.5;66.1;22064;6.68;870;625;53.2;185102;0;764;175;167;3.99;750;193;65;29.68;12.07;0.98;47;data;172;'-13;116;153;124;126;119;683;0;0;3.508;95.5;0.107;4.571;0;3;3300;3300
db_buhler_1_dsp;;1,5968E+18;15.11;1596.2;985; OK;0;1018;193939;33;3;3;2.8;2.6;20/05/2020 11:35;5.14;1.78;1.25;33;3.24;2.13;26.54;12.61;4.62;8.4;dsp_parametros_60.txt;1042;1009;37;29;57.3;43.7;66;22010;6.68;864;627;53.1;185096;0;762;175;167;3.98;749;193;66;29.96;12.05;0.98;41;data;172;'-13;116;153;124;125;118;683;0;0;3.561;95.5;0.107;4.984;0;3;3300;3300
db_buhler_1_dsp;;1,5968E+18;14.71;1596.3;984; OK;0;1018;193914;34;3;3.1;2.9;2.9;20/05/2020 10:55;5.14;1.68;1.1;33;3.29;2.71;26.5;12.62;4.78;8.49;dsp_parametros_60.txt;1042;1008;36;29;56.5;45;65.3;22031;6.68;839;626;53;185071;0;756;174;167;3.97;750;190;67;29.8;12.1;1.01;16;data;170;'-13;114;151;122;119;113;683;0;0;3.725;95.6;0.107;5.029;0;3;3300;3300
db_buhler_1_dsp;;1,5968E+18;15.02;1596.2;984; OK;0;1016;193928;34;3;3;2.9;2.7;20/05/2020 11:17;5.14;1.69;1.18;35;3.25;2.29;26.96;12.61;4.73;8.42;dsp_parametros_60.txt;1040;1006;36;28;56.7;43.2;65;22052;6.72;853;624;53;185085;0;759;174;167;3.98;750;192;67;29.9;12.1;0.99;30;data;171;'-13;115;152;122;124;117;684;0;0;3.666;96.3;0.107;4.982;0;3;3300;3300
db_buhler_1_dsp;;1,5968E+18;14.88;1596.2;982; OK;0;1014;193927;33;3;3.1;3;2.8;20/05/2020 11:16;5.14;1.68;1.25;38;3.26;2.3;27.16;12.62;4.74;8.6;dsp_parametros_60.txt;1037;1004;36;28;56.6;43.3;65.2;22053;6.72;852;622;53.1;185084;0;759;174;167;3.98;751;192;65;29.96;12.1;0.99;29;data;171;'-13;115;152;122;124;117;684;0;0;3.678;96.7;0.106;5.071;0;3;3300;3300
db_buhler_1_dsp;;1,5968E+18;14.73;1596.2;984; OK;0;1018;193937;33;2.9;3;2.8;2.6;20/05/2020 11:32;5.15;1.78;1.25;35;3.24;2.16;26.6;12.6;4.63;8.59;dsp_parametros_60.txt;1040;1007;36;28;56.8;42.2;65.1;22062;6.72;862;625;53.2;185094;0;762;174;167;3.99;749;192;64;29.96;12.1;0.98;39;data;172;'-13;115;153;124;125;118;683;0;0;3.561;96.1;0.107;4.56;0;3;3300;3300
db_buhler_1_dsp;;1,5968E+18;14.89;1596.2;984; OK;0;1017;193936;34;3;3;2.8;2.7;20/05/2020 11:30;5.15;1.74;1.26;35;3.24;2.19;26.44;12.62;4.67;8.43;dsp_parametros_60.txt;1040;1006;36;28;56.4;43.4;65.1;22060;6.78;861;624;53.2;185093;0;762;174;167;3.99;750;190;66;29.9;12.15;0.98;38;data;172;'-13;115;153;124;125;118;683;0;0;3.61;95.5;0.107;4.67;0;3;3300;3300
db_buhler_1_dsp;;1,5968E+18;15.1;1596.2;984; OK;0;1018;193951;33;2.9;2.9;2.8;2.5;20/05/2020 11:54;5.15;1.79;1.24;35;3.23;2.07;26.66;12.61;4.59;8.39;dsp_parametros_60.txt;1040;1007;37;30;58.7;44;65.7;22057;6.74;876;625;53.3;185108;0;763;175;167;3.99;749;189;65;29.86;12.13;0.97;53;data;173;'-13;116;154;125;126;119;684;0;0;3.521;95.6;0.107;4.484;0;3;3300;3300
db_buhler_1_dsp;;1,5968E+18;14.37;1596.2;985; OK;0;1022;193958;34;2.7;2.9;2.7;2.9;27/05/2020 11:49;5.14;1.62;1.11;29;3.34;3.06;26.46;12.62;4.96;8.36;dsp_parametros_60.txt;1046;1012;33;26;57.1;42.2;64.4;21973;6.64;883;630;53.1;185115;0;754;170;163;3.98;750;193;67;30.24;12.09;1.04;6;data;162;'-13;109;141;117;104;100;682;0;0;3.892;96.3;0.109;5.167;0;3;3300;3300
db_buhler_1_dsp;;1,5968E+18;14.27;1596.3;989;LOK;0;1024;193957;33;2.7;2.9;2.7;2.8;27/05/2020 11:48;5.15;1.62;1.11;28;3.35;3.11;26.4;12.62;5.06;8.39;dsp_parametros_60.txt;1047;1014;30;24;56.7;41.9;65.8;21849;6.7;882;632;52.4;185114;0;753;170;163;3.93;749;191;66;29.88;12.16;1.05;5;data;158;'-13;106;139;120;99;97;683;0;0;3.994;96.1;0.109;5.031;0;3;3300;3300
db_buhler_1_dsp;;1,5968E+18;14.32;1596.3;984; OK;0;1017;193913;33;2.9;3;2.9;2.8;20/05/2020 10:53;5.15;1.68;1.11;35;3.29;2.72;26.46;12.61;4.79;8.42;dsp_parametros_60.txt;1040;1007;37;29;58.5;43.4;65.7;22072;6.66;838;625;53;185070;0;756;174;167;3.97;751;190;68;29.66;12.08;1.01;15;data;170;'-13;114;150;122;119;112;683;0;0;3.723;95.5;0.107;4.778;0;3;3300;3300
db_buhler_1_dsp;;1,5968E+18;15.05;1596.2;984; OK;0;1017;193934;33;3;3.1;2.9;2.7;20/05/2020 11:27;5.15;1.79;1.26;35;3.25;2.19;26.62;12.61;4.69;8.39;dsp_parametros_60.txt;1040;1007;37;29;56.7;43.5;65.3;22055;6.7;859;625;53.2;185091;0;761;174;167;3.99;750;192;65;29.66;12.07;0.98;36;data;172;'-13;116;153;124;125;118;681;0;0;3.622;95.4;0.107;4.794;0;3;3300;3300
db_buhler_1_dsp;;1,5968E+18;14.73;1596.2;984; OK;0;1017;193935;33;3;3.1;2.9;2.7;20/05/2020 11:29;5.15;1.8;1.25;35;3.25;2.2;26.84;12.62;4.68;8.43;dsp_parametros_60.txt;1040;1007;37;28;57.3;44;65.4;22039;6.76;860;625;53.2;185092;0;761;174;167;3.99;750;193;65;29.94;12.15;0.98;37;data;172;'-13;115;153;124;125;118;683;0;0;3.62;96.1;0.107;4.817;0;3;3300;3300
db_buhler_1_dsp;;1,5968E+18;14.96;1596.2;985; OK;0;1018;193941;34;3;3;2.8;2.6;20/05/2020 11:38;5.14;1.81;1.26;33;3.24;2.1;26.64;12.6;4.64;8.4;dsp_parametros_60.txt;1042;1008;36;28;57.3;43.9;66;22077;6.72;866;626;53.1;185098;0;763;174;167;3.98;750;191;65;29.26;12.1;0.98;43;data;172;'-13;116;153;124;126;118;683;0;0;3.571;95;0.107;4.943;0;3;3300;3300
db_buhler_1_dsp;;1,5968E+18;14.91;1596.2;985; OK;0;1018;193942;34;2.9;3;2.8;2.6;20/05/2020 11:40;5.14;1.8;1.26;34;3.24;2.1;26.62;12.61;4.58;8.42;dsp_parametros_60.txt;1041;1007;36;29;58;43.2;66.8;22085;6.7;867;625;53.1;185099;0;764;175;167;3.98;750;188;67;29.92;12.08;0.98;44;data;172;'-13;115;153;124;126;118;683;0;0;3.52;95.5;0.107;4.785;0;3;3300;3300
db_buhler_1_dsp;;1,5968E+18;14.85;1596.2;984; OK;0;1017;193943;34;2.9;2.9;2.8;2.6;20/05/2020 11:41;5.15;1.8;1.26;35;3.23;2.09;26.52;12.62;4.57;8.59;dsp_parametros_60.txt;1040;1006;37;29;58.2;42.8;64.9;22031;6.86;868;624;53.2;185100;0;764;175;167;3.99;750;190;65;29.94;12.24;0.98;45;data;172;'-13;116;153;124;126;118;683;0;0;3.503;95.8;0.107;4.638;0;3;3300;3300
db_buhler_1_dsp;;1,5968E+18;14.97;1596.2;985; OK;0;1018;193944;35;2.9;3;2.8;2.6;20/05/2020 11:43;5.14;1.8;1.25;33;3.24;2.08;26.66;12.61;4.56;8.42;dsp_parametros_60.txt;1042;1007;38;30;56.8;44.4;65.2;22065;6.7;869;625;53.2;185101;0;765;175;167;3.99;750;190;64;30.26;12.08;0.98;46;data;172;'-13;115;153;124;126;119;683;0;0;3.495;95.9;0.107;4.911;0;3;3300;3300
db_buhler_1_dsp;;1,5968E+18;14.9;1596.2;984; OK;0;1017;193946;34;3;3;2.8;2.6;20/05/2020 11:46;5.15;1.8;1.26;35;3.24;2.1;26.8;12.62;4.58;8.4;dsp_parametros_60.txt;1040;1006;38;30;58.3;44.3;66;22091;6.66;871;624;53.1;185103;0;763;175;167;3.98;749;190;66;29.94;12.04;0.98;48;data;173;'-13;116;153;124;126;119;683;0;0;3.519;95.8;0.107;4.601;0;3;3300;3300
db_buhler_1_dsp;;1,5968E+18;15.01;1596.2;984; OK;0;1017;193947;33;3;3;2.9;2.6;20/05/2020 11:48;5.14;1.79;1.24;35;3.23;2.09;26.64;12.61;4.58;8.39;dsp_parametros_60.txt;1040;1007;37;29;57.5;44.3;66;22078;6.76;872;625;53.2;185104;0;763;175;167;3.99;749;190;66;29.96;12.14;0.98;49;data;172;'-13;116;153;124;126;119;683;0;0;3.516;95.6;0.107;4.648;0;3;3300;3300
db_buhler_1_dsp;;1,5968E+18;15.05;1596.1;984; OK;0;1018;193948;33;3;3;2.8;2.6;20/05/2020 11:49;5.14;1.8;1.26;34;3.23;2.04;26.8;12.61;4.56;8.38;dsp_parametros_60.txt;1041;1008;36;28;56.7;44.2;65.2;22081;6.7;873;626;53.3;185105;0;763;175;167;4;749;192;64;29.68;12.08;0.97;50;data;173;'-13;116;153;125;126;119;683;0;0;3.496;95.4;0.107;4.85;0;3;3300;3300
db_buhler_1_dsp;;1,5968E+18;14.99;1596.2;985; OK;0;1017;193950;33;2.9;3;2.9;2.6;20/05/2020 11:52;5.14;1.81;1.25;35;3.23;2.04;26.78;12.61;4.56;8.39;dsp_parametros_60.txt;1040;1007;37;29;58;43.6;65.5;21987;6.7;875;625;53.3;185107;0;764;175;167;4;749;189;64;30.26;12.09;0.97;52;data;172;'-13;115;153;124;126;119;684;0;0;3.495;96;0.107;4.603;0;3;3300;3300
db_buhler_1_dsp;;1,5968E+18;14.96;1596.2;984; OK;0;1017;193949;33;2.9;2.9;2.8;2.5;20/05/2020 11:51;5.14;1.81;1.25;35;3.23;2.04;26.82;12.61;4.58;8.39;dsp_parametros_60.txt;1040;1007;36;28;56.6;42.9;65.8;22024;6.66;874;625;53.1;185106;0;764;175;167;3.98;749;192;65;29.68;12.05;0.97;51;data;172;'-13;116;153;125;126;119;683;0;0;3.514;95.5;0.107;4.631;0;3;3300;3300
db_buhler_1_dsp;;1,5968E+18;15.1;1596.3;0;BAD;0;1018;193952;33;2.7;2.8;2.6;2.5;20/05/2020 12:31;5.15;1.8;1.24;35;3.23;2.04;26.74;12.61;4.59;8.01;dsp_parametros_60.txt;1040;1007;37;30;58.7;44;65.7;22057;6.74;877;625;0;185109;0;763;185;178;3.99;749;189;65;29.92;5.18;1.01;1;data;173;'-13;116;154;125;126;119;684;0;0;0;95.6;0.107;0;0;3;3300;3300
db_buhler_1_dsp;;1,5968E+18;14.29;1596.2;986; OK;0;1024;193959;33;2.8;2.9;2.8;2.9;27/05/2020 11:51;5.15;1.64;1.12;28;3.34;3.05;26.58;12.62;4.94;8.44;dsp_parametros_60.txt;1047;1014;31;24;56.4;43.5;64.8;22012;6.7;884;632;53.1;185116;0;753;170;163;3.98;750;192;65;30.18;12.15;1.04;7;data;164;'-13;110;144;117;108;102;683;0;0;3.877;96.3;0.109;5.067;0;3;3300;3300
db_buhler_1_dsp;;1,5968E+18;14.34;1596.2;984; OK;0;1022;193960;32;2.8;2.9;2.8;2.8;27/05/2020 11:52;5.14;1.63;1.1;32;3.33;3.03;26.42;12.62;4.91;8.4;dsp_parametros_60.txt;1043;1011;31;25;56.3;43;65.9;22074;6.72;885;629;53;185117;0;753;170;163;3.97;752;191;66;29.66;12.18;1.03;8;data;165;'-13;111;145;117;111;104;682;0;0;3.846;95.8;0.108;4.667;0;3;3300;3300
db_buhler_1_dsp;;1,5968E+18;14.48;1596.2;985; OK;0;1022;193961;33;2.8;2.9;2.8;2.8;27/05/2020 11:54;5.14;1.64;1.11;30;3.33;3;26.56;12.61;4.93;8.34;dsp_parametros_60.txt;1045;1012;32;25;57;42.1;65;22092;6.66;886;630;53.1;185118;0;754;170;163;3.98;750;190;64;29.94;12.1;1.03;9;data;166;'-13;111;146;117;112;106;682;0;0;3.88;95.9;0.109;4.918;0;3;3300;3300
db_buhler_1_dsp;;1,5968E+18;14.44;1596.2;984; OK;0;1021;193962;33;2.8;2.9;2.8;2.8;27/05/2020 11:56;5.15;1.64;1.1;31;3.32;2.96;26.76;12.61;4.9;8.37;dsp_parametros_60.txt;1044;1011;31;24;57.3;43.5;66.3;22046;6.8;887;629;53;185119;0;754;170;163;3.97;751;192;66;29.58;12.25;1.03;10;data;167;'-13;112;147;118;114;107;683;0;0;3.847;95.8;0.108;4.956;0;3;3300;3300
db_buhler_1_dsp;;1,5968E+18;14.13;1596.3;993;LOK;0;1025;193956;32;2.7;2.9;2.7;2.9;27/05/2020 11:46;5.15;1.52;1.11;29;3.37;3.18;25.74;12.62;5.32;8.35;dsp_parametros_60.txt;1046;1014;32;25;56.1;41.4;63.8;21800;9.32;881;632;50.8;185113;0;753;170;161;3.81;750;192;64;29.62;14.8;1.05;4;data;152;'-13;98;136;128;90;94;683;0;0;4.25;97.8;0.111;4.987;0;3;3300;3300
db_buhler_1_dsp;;1,5968E+18;14.94;1596.2;985; OK;0;1018;193940;34;3;3;2.8;2.6;20/05/2020 11:36;5.15;1.81;1.25;33;3.24;2.15;26.88;12.61;4.64;8.41;dsp_parametros_60.txt;1042;1008;37;29;58.7;44;65.3;22066;6.72;865;626;53.1;185097;0;763;175;167;3.98;749;193;68;29.62;12.1;0.98;42;data;172;'-13;116;153;124;126;118;683;0;0;3.577;95.6;0.107;4.892;0;3;3300;3300
db_buhler_1_dsp;;1,5968E+18;14.47;1596.2;984; OK;0;1021;193963;33;2.8;3;2.8;2.8;27/05/2020 11:57;5.15;1.64;1.1;31;3.32;2.95;26.56;12.61;4.9;8.37;dsp_parametros_60.txt;1044;1011;32;25;56.7;42.7;65.2;22012;6.7;888;629;53.2;185120;0;754;170;163;3.99;750;190;65;29.92;12.16;1.03;11;data;167;'-13;112;148;119;115;108;683;0;0;3.839;95.9;0.108;5.071;0;3;3300;3300
db_buhler_1_dsp;;1,5968E+18;14.47;1596.2;985; OK;0;1022;193964;32;2.8;3;2.8;2.8;27/05/2020 11:59;5.15;1.66;1.11;31;3.32;2.93;26.62;12.62;4.9;8.41;dsp_parametros_60.txt;1044;1012;32;25;57.9;43.1;65.4;21984;6.62;889;630;53.1;185121;0;754;170;163;3.98;750;189;66;30;12.07;1.03;12;data;168;'-13;112;148;119;116;109;683;0;0;3.833;95.9;0.108;4.721;0;3;3300;3300
db_buhler_1_dsp;;1,5968E+18;14.66;1596.2;984; OK;0;1021;193965;32;2.8;3;2.8;2.8;27/05/2020 12:00;5.15;1.65;1.11;31;3.32;2.94;26.6;12.61;4.89;8.36;dsp_parametros_60.txt;1044;1012;33;26;57.8;42.5;65.4;22055;6.66;890;630;53.1;185122;0;754;170;163;3.98;750;192;63;29.92;12.12;1.02;13;data;168;'-13;113;149;120;117;110;683;0;0;3.826;95.8;0.108;4.952;0;3;3300;3300
db_buhler_1_dsp;;1,5968E+18;14.4;1596.1;985; OK;0;1022;193972;33;3;3.1;2.9;2.9;27/05/2020 12:12;5.14;1.68;1.19;31;3.29;2.4;26.82;12.62;4.85;8.39;dsp_parametros_60.txt;1044;1011;33;26;57.1;43.4;64.9;22046;6.8;897;629;53;185129;0;755;170;164;3.98;751;188;67;29.34;12.23;1.01;20;data;169;'-13;114;151;121;121;114;684;0;0;3.787;95.6;0.108;4.807;0;3;3300;3300
db_buhler_1_dsp;;1,5968E+18;14.38;1596.2;985; OK;0;1021;193973;33;3;3.1;2.9;2.8;27/05/2020 12:13;5.15;1.75;1.26;31;3.29;2.53;26.24;12.61;4.84;8.42;dsp_parametros_60.txt;1044;1011;33;26;55.7;43.6;66;22110;6.74;898;629;53;185130;0;755;170;164;3.98;750;190;66;29.62;12.16;1.01;21;data;170;'-13;114;151;122;122;114;684;0;0;3.775;95.3;0.108;4.974;0;3;3300;3300
db_buhler_1_dsp;;1,5968E+18;14.58;1596.1;985; OK;0;1021;193970;32;3;3.1;2.9;2.9;27/05/2020 12:08;5.14;1.68;1.11;31;3.3;2.86;26.68;12.61;4.87;8.41;dsp_parametros_60.txt;1044;1012;33;26;56.4;43.7;65;22049;6.74;895;630;53.2;185127;0;755;170;163;3.99;750;196;64;29.92;12.18;1.01;18;data;169;'-13;114;150;121;121;113;684;0;0;3.802;96.1;0.108;5.005;0;3;3300;3300
db_buhler_1_dsp;;1,5968E+18;14.49;1596.1;985; OK;0;1020;193980;32;3.1;3.1;3;2.8;27/05/2020 12:24;5.14;1.75;1.26;32;3.27;2.39;26.36;12.62;4.83;8.44;dsp_parametros_60.txt;1043;1011;34;26;58.6;42.4;65.1;22062;6.78;905;629;53.2;185137;0;756;170;164;3.99;751;192;62;29.94;12.17;1;28;data;170;'-13;115;152;122;124;116;686;0;0;3.764;95.7;0.108;4.958;0;3;3300;3300
db_buhler_1_dsp;;1,5968E+18;14.55;1596.2;984; OK;0;1020;193971;32;2.9;3.1;2.9;2.8;27/05/2020 12:10;5.14;1.66;1.11;33;3.29;2.85;26.74;12.61;4.84;8.4;dsp_parametros_60.txt;1042;1010;33;25;58;43.3;65.1;22059;6.7;896;628;53.2;185128;0;755;171;164;3.99;751;191;63;29.56;12.12;1.01;19;data;169;'-13;114;151;121;121;114;684;0;0;3.776;95.6;0.108;4.709;0;3;3300;3300
db_buhler_1_dsp;;1,5968E+18;14.52;1596.2;985; OK;0;1021;193969;33;2.9;3.1;2.9;2.9;27/05/2020 12:07;5.14;1.65;1.11;31;3.3;2.88;26.6;12.62;4.85;8.4;dsp_parametros_60.txt;1044;1011;33;26;56.8;42.2;65.9;22121;6.66;894;629;53.2;185126;0;755;171;164;3.99;750;188;62;29.94;12.08;1.02;17;data;168;'-13;113;150;121;120;113;684;0;0;3.785;95.9;0.108;4.959;0;3;3300;3300
db_buhler_1_dsp;;1,5968E+18;14.45;1596.2;985; OK;0;1021;193974;33;2.9;3;2.9;2.8;27/05/2020 12:15;5.14;1.61;1.25;31;3.29;2.53;26.08;12.61;4.9;8.37;dsp_parametros_60.txt;1044;1011;33;26;59.8;43.9;65;22073;6.64;899;629;53.1;185131;0;755;170;164;3.98;750;192;64;29.92;12.03;1;22;data;170;'-12;114;151;122;122;115;685;0;0;3.831;95.4;0.108;5.006;0;3;3300;3300
db_buhler_1_dsp;;1,5968E+18;14.59;1596.1;985; OK;0;1020;193976;32;3;3.1;2.9;2.8;27/05/2020 12:18;5.14;1.76;1.25;33;3.28;2.46;26.42;12.61;4.87;8.72;dsp_parametros_60.txt;1042;1010;33;26;56.9;42.7;64.6;22006;6.72;901;628;53;185133;0;756;170;164;3.98;750;190;64;29.86;12.1;1;24;data;170;'-13;114;151;122;123;115;685;0;0;3.807;96.1;0.108;4.847;0;3;3300;3300
db_buhler_1_dsp;;1,5968E+18;14.57;1596.1;984; OK;0;1020;193979;32;3.1;3.1;3;2.8;27/05/2020 12:23;5.14;1.7;1.26;33;3.28;2.43;26.7;12.62;4.83;8.39;dsp_parametros_60.txt;1042;1010;34;26;55.7;43.4;65.5;22052;6.64;904;628;53.2;185136;0;756;171;164;3.99;751;192;63;30.16;12.04;1;27;data;170;'-13;115;152;122;123;115;685;0;0;3.778;96;0.108;4.841;0;3;3300;3300
db_buhler_1_dsp;;1,5968E+18;14.4;1596.2;985; OK;0;1021;193968;32;2.9;3.1;2.9;2.9;27/05/2020 12:05;5.14;1.67;1.1;31;3.3;2.89;26.74;12.61;4.87;8.4;dsp_parametros_60.txt;1044;1012;33;25;55.9;42.7;64.7;22088;6.7;893;630;53;185125;0;754;171;163;3.98;750;192;64;29.96;12.14;1.02;16;data;168;'-13;113;149;120;119;112;684;0;0;3.811;96.3;0.108;4.951;0;3;3300;3300
db_buhler_1_dsp;;1,5968E+18;14.46;1596.6;984; OK;0;1018;193541;36;2.6;2.7;2.5;2.3;15/05/2020 10:17;5.12;1.8;1.25;33;3.2;2.15;26.1;12.61;4.56;8.33;dsp_parametros_60.txt;1042;1006;39;28;82.1;43;75.4;22044;6.76;466;624;52.9;184698;0;767;174;167;3.97;750;193;69;29.88;12.12;0.96;165;data;166;'-13;147;62;'-16;121;120;685;0;0;3.497;95.1;0.107;4.642;0;3;3300;3300
db_buhler_1_dsp;;1,5968E+18;14.58;1596.2;985; OK;0;1022;193967;32;2.9;3.1;2.9;2.9;27/05/2020 12:04;5.15;1.66;1.1;31;3.31;2.9;26.78;12.62;4.89;8.39;dsp_parametros_60.txt;1044;1012;33;25;57.3;42.2;66.5;22039;6.7;892;630;53.3;185124;0;754;171;163;4;751;194;62;29.96;12.15;1.02;15;data;168;'-13;113;149;120;119;112;683;0;0;3.83;96.1;0.109;4.8;0;3;3300;3300
db_buhler_1_dsp;;1,5968E+18;14.49;1596.2;984; OK;0;1020;193966;32;2.9;3;2.8;2.8;27/05/2020 12:02;5.15;1.67;1.1;33;3.31;2.92;26.72;12.62;4.9;8.37;dsp_parametros_60.txt;1042;1010;33;25;56.6;42.9;64.4;22019;6.74;891;628;53.1;185123;0;754;171;163;3.98;751;191;65;29.86;12.19;1.02;14;data;168;'-13;113;149;120;118;111;683;0;0;3.834;96.1;0.108;4.782;0;3;3300;3300
db_buhler_1_dsp;;1,5968E+18;14.56;1596.1;985; OK;0;1021;193975;33;3;3.1;2.9;2.8;27/05/2020 12:16;5.15;1.75;1.25;31;3.28;2.5;26.22;12.62;4.88;8.38;dsp_parametros_60.txt;1044;1011;33;26;56.2;44.3;65.2;22010;6.84;900;629;53.1;185132;0;755;171;164;3.98;750;192;63;29.64;12.24;1;23;data;170;'-13;114;152;122;122;115;685;0;0;3.813;95.3;0.108;5.099;0;3;3300;3300
db_buhler_1_dsp;;1,5968E+18;14.61;1596.2;985; OK;0;1021;193977;33;3;3.1;3;2.8;27/05/2020 12:20;5.14;1.75;1.25;31;3.28;2.45;26.42;12.61;4.86;8.38;dsp_parametros_60.txt;1044;1011;34;26;57.7;42.9;65.7;21980;6.66;902;629;53.1;185134;0;756;171;164;3.98;750;195;62;29.92;12.04;1;25;data;170;'-13;114;151;122;123;115;685;0;0;3.795;95.6;0.109;5.106;0;3;3300;3300
db_buhler_1_dsp;;1,5968E+18;14.91;1596.5;984; OK;0;1017;193589;38;2.7;2.7;2.5;2.3;15/05/2020 11:33;5.12;1.84;1.25;33;3.21;2.1;26.54;12.62;4.55;8.3;dsp_parametros_60.txt;1042;1004;37;27;82.8;41.8;74.9;22063;6.66;514;622;53.2;184746;0;766;175;168;3.99;750;191;66;29.84;12.01;0.96;213;data;166;'-13;147;63;'-16;123;123;688;0;0;3.488;95.2;0.106;4.798;0;3;3300;3300
db_buhler_1_dsp;;1,5968E+18;14.88;1596.5;985; OK;0;1018;193593;36;2.7;2.7;2.5;2.3;15/05/2020 11:40;5.12;1.85;1.25;32;3.22;2.12;26.7;12.61;4.51;8.32;dsp_parametros_60.txt;1043;1007;37;26;83.4;42.1;74.5;22029;6.68;518;625;53.3;184750;0;768;175;168;4;750;191;66;29.52;12.02;0.96;217;data;167;'-13;149;63;'-16;124;123;683;0;0;3.446;94.9;0.106;4.684;0;3;3300;3300
db_buhler_1_dsp;;1,5968E+18;14.6;1596.5;985; OK;0;1020;193131;35;2.6;2.6;2.6;2.2;13/05/2020 13:11;5.12;1.82;1.24;31;3.18;2.06;26.34;12.62;4.51;8.36;dsp_parametros_60.txt;1044;1009;37;26;83;41.3;73.1;22043;6.7;56;627;53.2;184288;0;769;177;170;3.99;750;191;68;29.68;12.07;0.95;49;data;167;'-13;151;63;126;125;124;683;0;0;3.443;95;0.107;4.436;0;3;3300;3300
db_buhler_1_dsp;;1,5968E+18;13.44;1596.3;930;BAD;0;1016;193301;22;2.7;2.9;2.8;2.9;15/05/2020 03:00;5.13;1.51;1.12;37;3.22;3.09;25.38;12.61;5.37;8.43;dsp_parametros_60.txt;1038;1016;0;0;0.1;0.1;'-0.1;21830;13.76;226;634;25.8;184458;0;290;171;160;1.93;251;192;28;29.64;19.23;1.04;4;data;142;'-13;126;49;'-16;100;92;685;0;0;4.317;102;0.202;5.368;0;3;3300;3300
db_buhler_1_dsp;;1,5968E+18;14.93;1596.4;984; OK;0;1018;193500;35;2.6;2.6;2.5;2.2;15/05/2020 08:52;5.13;1.83;1.24;34;3.18;2.12;26.44;12.61;4.55;8.3;dsp_parametros_60.txt;1041;1006;36;25;81.6;41.2;74.9;22046;6.74;425;624;53.3;184657;0;764;173;167;4;751;190;67;29.94;12.1;0.96;124;data;166;'-13;148;61;'-16;123;122;687;0;0;3.49;95.3;0.106;4.615;0;3;3300;3300
db_buhler_1_dsp;;1,5968E+18;13.61;1596.7;930;BAD;0;1013;193234;24;2.7;2.7;2.6;2.4;13/05/2020 16:28;5.13;1.48;1.24;39;3.15;2.18;25.42;12.61;4.94;8.09;dsp_parametros_60.txt;1036;1012;0;0;0.1;0;0;22018;13.64;159;630;25.8;184391;0;300;178;169;1.93;249;192;25;29.68;19.03;0.96;152;data;144;'-13;120;65;'-16;119;113;686;0;0;3.885;101.2;0.202;5.414;0;3;3300;3300
db_buhler_1_dsp;;1,5968E+18;13.47;1596.4;930;BAD;0;1015;193302;23;2.7;2.9;2.8;2.9;15/05/2020 03:02;5.12;1.51;1.1;38;3.22;3.07;25.36;12.62;5.37;8.65;dsp_parametros_60.txt;1037;1014;38;23;80.5;39.6;68.7;21938;12.82;227;632;25.7;184459;0;287;171;160;1.93;250;191;29;29.96;18.26;1.03;5;data;172;'-13;127;51;'-16;110;104;684;0;0;4.315;101.7;0.202;5.939;0;3;3300;3300
db_buhler_1_dsp;;1,5968E+18;14.52;1596.5;985; OK;0;1020;193199;35;2.7;2.6;2.6;2.3;13/05/2020 15:14;5.13;1.79;1.24;30;3.18;2.08;26.16;12.61;4.51;8.52;dsp_parametros_60.txt;1045;1010;39;28;82.7;42.5;73.1;22051;6.7;124;628;53.2;184356;0;768;177;170;3.99;750;192;65;29.98;12.06;0.95;117;data;166;'-13;149;63;'-16;125;124;684;0;0;3.449;95.3;0.108;4.694;0;3;3300;3300
db_buhler_1_dsp;;1,5968E+18;14.57;1596.5;987; OK;0;1022;193209;35;2.6;2.6;2.5;2.2;13/05/2020 15:30;5.15;1.78;1.24;29;3.18;2.07;26.34;12.61;4.48;8.35;dsp_parametros_60.txt;1046;1011;37;26;81.7;41.9;73.6;22031;6.66;134;629;53.1;184366;0;768;177;170;3.98;749;193;65;30.22;12;0.95;127;data;166;'-13;149;64;'-16;125;124;685;0;0;3.426;95.3;0.108;4.452;0;3;3300;3300
db_buhler_1_dsp;;1,5968E+18;15.06;1596.5;985; OK;0;1018;193594;36;2.7;2.8;2.6;2.3;15/05/2020 11:41;5.15;1.82;1.24;32;3.21;2.08;26.6;12.62;4.53;8.34;dsp_parametros_60.txt;1043;1007;37;25;82.8;41.9;73.9;22041;6.72;519;625;53.2;184751;0;767;174;168;3.99;749;191;67;29.7;12.08;0.96;218;data;166;'-13;147;63;'-16;124;123;681;0;0;3.463;95.1;0.107;4.739;0;3;3300;3300
db_buhler_1_dsp;;1,5968E+18;14.8;1596.5;986; OK;0;1019;193595;36;2.7;2.8;2.6;2.3;15/05/2020 11:43;5.13;1.86;1.24;31;3.22;2.12;26.76;12.61;4.55;8.34;dsp_parametros_60.txt;1044;1008;36;25;82.5;43.1;74.6;22019;6.74;520;626;53.1;184752;0;766;175;168;3.98;750;192;67;29.62;12.1;0.96;219;data;166;'-13;148;63;'-16;124;123;683;0;0;3.489;95.5;0.107;4.775;0;3;3300;3300
db_buhler_1_dsp;;1,5968E+18;14.68;1596.5;987; OK;0;1023;193217;37;2.6;2.6;2.6;2.2;13/05/2020 15:43;5.12;1.81;1.24;27;3.19;2.06;26.2;12.62;4.49;8.33;dsp_parametros_60.txt;1048;1011;38;26;80.7;41.4;73.6;22060;6.8;142;629;53;184374;0;767;177;170;3.98;750;190;67;29.94;12.16;0.95;135;data;167;'-13;152;64;'-16;125;124;685;0;0;3.436;95;0.108;4.825;0;3;3300;3300
db_buhler_1_dsp;;1,5968E+18;14.57;1596.6;986; OK;0;1022;193220;36;2.6;2.6;2.6;2.3;13/05/2020 15:48;5.15;1.8;1.24;29;3.18;2.08;26.16;12.61;4.51;8.34;dsp_parametros_60.txt;1046;1010;37;26;82;40.7;73.1;22042;6.7;145;628;53;184377;0;766;177;170;3.98;749;189;66;30.22;12.06;0.95;138;data;166;'-13;149;64;'-16;125;124;686;0;0;3.446;95.4;0.108;4.493;0;3;3300;3300
db_buhler_1_dsp;;1,5968E+18;14.75;1596.5;986; OK;0;1020;193225;36;2.6;2.6;2.5;2.2;13/05/2020 15:56;5.15;1.81;1.25;30;3.18;2.07;26.62;12.61;4.49;8.29;dsp_parametros_60.txt;1045;1009;38;27;83.1;42.3;73.2;22036;6.68;150;627;53.2;184382;0;766;177;170;3.99;750;190;65;29.94;12.05;0.95;143;data;166;'-13;149;64;'-16;125;124;688;0;0;3.43;95.5;0.107;4.766;0;3;3300;3300
db_buhler_1_dsp;;1,5968E+18;14.35;1596.6;986; OK;0;1022;193249;37;2.6;2.6;2.5;2.3;13/05/2020 16:53;5.13;1.81;1.24;29;3.18;2.09;26.12;12.61;4.52;8.31;dsp_parametros_60.txt;1046;1009;38;27;82.6;42.2;74.6;21997;6.7;174;627;53.2;184406;0;768;177;170;3.99;749;190;64;29.6;12.06;0.95;167;data;166;'-13;150;64;'-16;124;123;686;0;0;3.459;94.5;0.108;4.617;0;3;3300;3300
db_buhler_1_dsp;;1,5968E+18;14.69;1596.6;986; OK;0;1022;193272;36;2.6;2.6;2.5;2.2;13/05/2020 17:29;5.13;1.82;1.24;29;3.19;2.07;26.46;12.61;4.5;8.6;dsp_parametros_60.txt;1046;1010;39;28;82.9;42.4;72.7;22017;6.72;197;628;53;184429;0;768;177;170;3.97;750;193;65;30.26;12.09;0.96;190;data;166;'-13;149;64;'-16;125;124;684;0;0;3.445;95.8;0.108;4.615;0;3;3300;3300
db_buhler_1_dsp;;1,5968E+18;14.64;1596.6;986; OK;0;1022;193276;36;2.6;2.6;2.5;2.2;13/05/2020 17:36;5.13;1.8;1.24;29;3.19;2.07;26.18;12.61;4.52;8.38;dsp_parametros_60.txt;1046;1010;37;26;81.4;42;74.7;22049;6.66;201;628;53.2;184433;0;767;177;170;3.99;749;191;65;29.94;12.01;0.96;194;data;166;'-13;151;64;'-16;125;124;685;0;0;3.457;94.9;0.108;4.567;0;3;3300;3300
db_buhler_1_dsp;;1,5968E+18;14.71;1596.6;986; OK;0;1021;193277;36;2.7;2.7;2.6;2.3;13/05/2020 17:37;5.13;1.82;1.24;29;3.19;2.1;26.24;12.61;4.52;8.3;dsp_parametros_60.txt;1046;1010;37;26;82.5;42.1;74;22060;6.7;202;628;53.2;184434;0;767;177;170;3.99;750;191;65;29.6;12.07;0.96;195;data;167;'-13;152;64;'-16;125;124;685;0;0;3.46;94.6;0.107;4.679;0;3;3300;3300
db_buhler_1_dsp;;1,5968E+18;14.66;1596.6;986; OK;0;1021;193279;36;2.6;2.6;2.5;2.2;13/05/2020 17:40;5.15;1.83;1.25;29;3.18;2.09;26.2;12.61;4.5;8.35;dsp_parametros_60.txt;1046;1010;38;27;82;42.1;74;22028;6.68;204;628;53.2;184436;0;768;177;170;3.99;750;190;63;29.66;12.03;0.96;197;data;166;'-13;151;64;'-16;125;124;685;0;0;3.439;94.9;0.108;4.456;0;3;3300;3300
db_buhler_1_dsp;;1,5968E+18;14.52;1596.6;986; OK;0;1022;193285;36;2.7;2.6;2.6;2.3;13/05/2020 17:50;5.13;1.81;1.25;29;3.18;2.06;26.28;12.62;4.52;8.34;dsp_parametros_60.txt;1046;1010;37;26;82.2;41.1;74.4;22053;6.8;210;628;53.1;184442;0;767;177;170;3.98;750;192;66;29.96;12.17;0.96;203;data;166;'-13;151;64;'-16;125;124;685;0;0;3.454;95.2;0.107;4.571;0;3;3300;3300
db_buhler_1_dsp;;1,5968E+18;14.7;1596.2;985; OK;0;1018;193332;36;2.6;2.7;2.6;2.4;15/05/2020 03:49;5.13;1.69;1.18;33;3.23;2.37;26.54;12.61;4.72;8.39;dsp_parametros_60.txt;1042;1006;33;23;84;42.1;73.9;22075;6.76;257;624;53.1;184489;0;760;171;163;3.98;750;190;71;29.9;12.13;0.98;35;data;162;'-13;147;55;'-16;118;118;681;0;0;3.66;95.6;0.107;4.96;0;3;3300;3300
db_buhler_1_dsp;;1,5968E+18;14.56;1596.3;984; OK;0;1016;193399;35;2.6;2.7;2.5;2.3;15/05/2020 06:12;5.12;1.81;1.25;35;3.21;2.2;26.2;12.62;4.61;8.32;dsp_parametros_60.txt;1040;1005;35;25;83.6;42.7;73.8;22037;6.68;324;623;53.1;184556;0;762;172;166;3.98;750;191;72;29.9;12.04;0.97;23;data;165;'-13;147;58;'-16;120;119;689;0;0;3.542;94.9;0.106;4.526;0;3;3300;3300
db_buhler_1_dsp;;1,5968E+18;14.92;1596.3;984; OK;0;1017;193460;36;2.7;2.7;2.5;2.3;15/05/2020 07:49;5.11;1.83;1.24;34;3.19;2.12;26.52;12.61;4.58;8.44;dsp_parametros_60.txt;1041;1005;36;25;84.3;42.4;74.8;22012;6.72;385;623;53.2;184617;0;766;173;166;3.99;750;192;68;29.56;12.09;0.96;84;data;166;'-13;148;60;'-16;123;122;685;0;0;3.518;95.1;0.107;4.83;0;3;3300;3300
db_buhler_1_dsp;;1,5968E+18;13.8;1596.3;993;LOK;0;1025;193304;35;2.6;2.8;2.6;2.7;15/05/2020 03:05;5.12;1.55;1.1;28;3.3;3.03;25.42;12.61;5.21;8.32;dsp_parametros_60.txt;1047;1012;36;28;82.3;42.3;73.2;22023;8.62;229;630;50.6;184461;0;754;171;162;3.79;751;192;68;29.84;14.06;1.03;7;data;158;'-13;118;49;'-15;104;103;686;0;0;4.139;97;0.11;5.104;0;3;3300;3300
db_buhler_1_dsp;;1,5968E+18;15.2;1596.4;985; OK;0;1019;193470;36;2.6;2.6;2.5;2.2;15/05/2020 08:05;5.13;1.82;1.26;33;3.2;2.12;26.74;12.62;4.55;8.34;dsp_parametros_60.txt;1042;1006;35;24;82.2;41.6;74.3;22054;6.7;395;624;53.2;184627;0;767;173;166;3.99;748;191;68;29.62;12.06;0.96;94;data;165;'-13;148;60;'-16;122;122;683;0;0;3.482;95.3;0.107;4.469;0;3;3300;3300
db_buhler_1_dsp;;1,5968E+18;14.12;1596.3;987;LOK;0;1019;193391;36;2.5;2.6;2.5;2.3;15/05/2020 05:59;5.13;1.65;1.24;33;3.21;2.26;25.96;12.62;4.7;8.31;dsp_parametros_60.txt;1042;1006;38;28;82.6;42.6;75.1;21978;6.66;316;624;52.5;184548;0;764;173;166;3.94;750;191;69;29.68;12.03;0.97;15;data;153;'-13;144;58;'-16;114;112;685;0;0;3.632;94.7;0.108;4.585;0;3;3300;3300
db_buhler_1_dsp;;1,5968E+18;14.4;1596.5;987; OK;0;1022;193179;36;2.6;2.5;2.5;2.2;13/05/2020 14:43;5.12;1.8;1.24;29;3.18;2.1;26.12;12.6;4.5;8.39;dsp_parametros_60.txt;1046;1010;36;25;82.5;41.5;73.8;22045;6.66;104;628;53.1;184336;0;770;177;170;3.98;750;192;65;30.16;12;0.95;97;data;166;'-13;150;63;'-16;124;123;685;0;0;3.431;95.2;0.108;4.518;0;3;3300;3300
db_buhler_1_dsp;;1,5968E+18;14.41;1596.6;986; OK;0;1021;193246;36;2.6;2.6;2.6;2.3;13/05/2020 16:48;5.13;1.79;1.24;29;3.2;2.12;26.02;12.62;4.53;8.38;dsp_parametros_60.txt;1046;1010;37;25;83;41.6;74.1;22055;6.7;171;628;53.1;184403;0;767;177;171;3.98;750;191;64;29.62;12.07;0.95;164;data;165;'-13;150;64;'-16;123;122;685;0;0;3.463;94.5;0.107;4.708;0;3;3300;3300
db_buhler_1_dsp;;1,5968E+18;14.46;1596.6;986; OK;0;1022;193253;37;2.6;2.6;2.5;2.3;13/05/2020 16:59;5.15;1.8;1.25;28;3.18;2.07;26.12;12.61;4.51;8.35;dsp_parametros_60.txt;1047;1010;37;25;82;41.2;75;22020;6.64;178;628;53.1;184410;0;768;177;170;3.98;750;191;64;29.42;12;0.95;171;data;167;'-13;152;64;'-16;125;124;685;0;0;3.444;94.3;0.108;4.859;0;3;3300;3300
db_buhler_1_dsp;;1,5968E+18;14.28;1596.6;987; OK;0;1022;193254;36;2.7;2.6;2.6;2.3;13/05/2020 17:00;5.15;1.79;1.25;28;3.18;2.08;26.08;12.6;4.52;8.53;dsp_parametros_60.txt;1047;1011;36;25;82.3;42.6;72.9;22031;6.66;179;629;53.1;184411;0;766;177;170;3.98;749;190;62;29.64;12.02;0.96;172;data;167;'-13;151;64;'-16;125;124;686;0;0;3.461;94.7;0.108;4.667;0;3;3300;3300
db_buhler_1_dsp;;1,5968E+18;14.75;1596.6;986; OK;0;1022;193268;37;2.7;2.6;2.6;2.3;13/05/2020 17:23;5.12;1.81;1.24;28;3.19;2.06;26.06;12.61;4.48;8.33;dsp_parametros_60.txt;1047;1010;37;26;82.1;42.9;74.2;21990;6.72;193;628;53.1;184425;0;767;177;170;3.98;750;190;64;29.86;12.07;0.96;186;data;166;'-13;151;64;'-16;125;124;684;0;0;3.414;94.8;0.108;4.781;0;3;3300;3300
db_buhler_1_dsp;;1,5968E+18;14.59;1596.6;986; OK;0;1021;193288;36;2.6;2.6;2.5;2.2;13/05/2020 17:55;5.13;1.8;1.25;29;3.18;2.08;26.4;12.61;4.53;8.37;dsp_parametros_60.txt;1046;1010;37;26;81.9;42.3;73.3;22045;6.66;213;628;53.2;184445;0;766;177;170;3.99;750;190;64;29.76;12.02;0.96;206;data;167;'-13;151;64;'-16;125;124;686;0;0;3.465;95;0.107;4.703;0;3;3300;3300
db_buhler_1_dsp;;1,5968E+18;14.6;1596.6;987; OK;0;1024;193292;36;2.7;2.6;2.6;2.3;13/05/2020 18:01;5.13;1.82;1.25;27;3.18;2.11;26.16;12.62;4.53;8.34;dsp_parametros_60.txt;1048;1012;38;26;83.1;41.8;73.9;22078;6.7;217;630;53.1;184449;0;767;177;170;3.98;751;190;66;29.64;12.04;0.96;210;data;167;'-13;150;64;'-16;125;124;687;0;0;3.469;94.6;0.108;4.615;0;3;3300;3300
db_buhler_1_dsp;;1,5968E+18;13.65;1596.6;930;BAD;0;1014;193229;21;2.7;2.7;2.6;2.4;13/05/2020 16:08;5.15;1.8;1.24;40;3.15;2.1;26.44;12.61;4.87;9.18;dsp_parametros_60.txt;1035;1014;37;24;0.1;0.1;'-0.1;22127;6.78;154;632;25.8;184386;0;296;181;175;1.93;252;190;21;29.64;12.39;0.96;147;data;110;'-13;102;63;'-16;110;108;684;0;0;3.813;438.8;0.201;5.081;0;3;3300;3300
db_buhler_1_dsp;;1,5968E+18;14.44;1596.2;985; OK;0;1019;193330;35;2.7;2.7;2.6;2.5;15/05/2020 03:46;5.12;1.77;1.25;33;3.23;2.4;26.3;12.62;4.72;8.38;dsp_parametros_60.txt;1042;1007;33;23;81.9;41.5;73.8;21985;6.66;255;625;53;184487;0;760;170;163;3.98;750;190;73;29.88;12.02;0.98;33;data;162;'-13;147;55;'-16;118;117;681;0;0;3.652;95.4;0.107;4.651;0;3;3300;3300
db_buhler_1_dsp;;1,5968E+18;14.54;1596.2;986; OK;0;1020;193338;35;2.7;2.7;2.6;2.4;15/05/2020 03:59;5.13;1.67;1.25;31;3.23;2.29;26.68;12.61;4.64;8.33;dsp_parametros_60.txt;1044;1009;33;23;81.6;42;74.7;22084;6.66;263;627;53;184495;0;763;171;163;3.98;748;193;73;29.96;12.03;0.98;41;data;163;'-13;147;56;'-16;119;118;683;0;0;3.578;95.5;0.107;4.802;0;3;3300;3300
db_buhler_1_dsp;;1,5968E+18;14.82;1596.2;984; OK;0;1017;193363;35;2.7;2.7;2.6;2.4;15/05/2020 04:39;5.13;1.79;1.25;35;3.22;2.17;26.36;12.62;4.58;8.58;dsp_parametros_60.txt;1040;1005;36;26;82.2;43.2;74.3;22079;6.7;288;623;53;184520;0;764;172;164;3.97;750;192;72;29.96;12.07;0.97;66;data;164;'-13;147;58;'-16;121;120;683;0;0;3.516;95.5;0.107;4.54;0;3;3300;3300
db_buhler_1_dsp;;1,5968E+18;14.49;1596.3;986; OK;0;1018;193388;36;2.6;2.7;2.6;2.4;15/05/2020 05:48;5.13;1.81;1.25;33;3.21;2.2;26.26;12.62;4.61;8.57;dsp_parametros_60.txt;1042;1006;35;25;83.3;42.4;74.8;22108;6.68;313;624;53;184545;0;764;172;165;3.97;749;190;70;29.86;12.05;0.97;12;data;165;'-13;148;59;'-16;120;119;687;0;0;3.549;95.2;0.106;4.82;0;3;3300;3300
db_buhler_1_dsp;;1,5968E+18;14.67;1596.6;985; OK;0;1018;193685;35;2.9;2.9;2.7;2.5;15/05/2020 14:17;5.13;1.84;1.23;33;3.21;2.1;26.54;12.61;4.55;8.66;dsp_parametros_60.txt;1042;1007;38;27;83;42.6;75;22033;6.68;610;625;53.1;184842;0;767;175;168;3.98;750;190;66;29.66;12.04;0.96;83;data;166;'-13;147;64;'-16;124;123;684;0;0;3.488;95.3;0.106;4.601;0;3;3300;3300
db_buhler_1_dsp;;1,5968E+18;14.5;1596.6;986; OK;0;1022;193161;35;2.7;2.6;2.6;2.3;13/05/2020 14:14;5.12;1.78;1.24;29;3.18;2.08;26.02;12.62;4.5;8.09;dsp_parametros_60.txt;1046;1011;36;25;80.3;41.3;73.6;22008;6.74;86;629;53.1;184318;0;768;177;171;3.98;750;192;66;29.68;12.09;0.95;79;data;166;'-13;150;63;'-16;123;122;683;0;0;3.436;94.3;0.108;4.492;0;3;3300;3300
db_buhler_1_dsp;;1,5968E+18;14.04;1596.3;986; OK;0;1024;193309;35;2.6;2.8;2.6;2.6;15/05/2020 03:13;5.12;1.65;1.1;28;3.28;2.94;26.12;12.61;4.85;8.36;dsp_parametros_60.txt;1047;1012;30;20;82.6;42.1;74.3;22006;6.7;234;630;53;184466;0;755;170;163;3.98;750;193;68;29.92;12.13;1.01;12;data;161;'-12;146;51;'-16;112;111;687;0;0;3.783;95.4;0.109;4.836;0;3;3300;3300
db_buhler_1_dsp;;1,5968E+18;14.38;1596.6;986; OK;0;1021;193241;36;2.6;2.6;2.6;2.3;13/05/2020 16:39;5.13;1.81;1.25;30;3.2;2.12;26;12.62;4.53;8.31;dsp_parametros_60.txt;1045;1009;36;25;82.5;40.8;74.3;22078;6.7;166;627;53.1;184398;0;767;177;170;3.98;749;192;65;29.64;12.07;0.95;159;data;163;'-13;148;64;'-16;122;122;686;0;0;3.467;94.6;0.107;4.648;0;3;3300;3300
db_buhler_1_dsp;;1,5968E+18;14.68;1596.2;984; OK;0;1018;193339;36;2.7;2.7;2.6;2.4;15/05/2020 04:01;5.13;1.7;1.18;33;3.22;2.28;26.6;12.62;4.63;8.35;dsp_parametros_60.txt;1042;1006;33;23;82.4;41.7;74.7;22073;6.66;264;624;53.2;184496;0;762;171;163;3.99;750;191;70;29.7;12.04;0.98;42;data;163;'-13;147;56;'-16;119;118;683;0;0;3.566;95.4;0.107;4.83;0;3;3300;3300
db_buhler_1_dsp;;1,5968E+18;14.03;1596.3;985; OK;0;1022;193308;36;2.6;2.8;2.6;2.6;15/05/2020 03:11;5.12;1.64;1.11;29;3.28;2.97;26.12;12.61;4.85;8.36;dsp_parametros_60.txt;1046;1010;29;20;81.4;42.6;74.5;22015;6.76;233;628;53.1;184465;0;755;170;163;3.98;750;190;69;30.14;12.18;1.01;11;data;160;'-13;146;51;'-16;111;110;686;0;0;3.785;95.6;0.108;4.909;0;3;3300;3300
db_buhler_1_dsp;;1,5968E+18;14.65;1596.6;986; OK;0;1023;193294;36;2.7;2.7;2.6;2.3;13/05/2020 18:04;5.12;1.81;1.25;28;3.18;2.09;26.2;12.61;4.47;8.31;dsp_parametros_60.txt;1047;1011;37;26;82.8;41.6;73.9;22039;6.7;219;629;53.2;184451;0;769;177;170;3.99;750;190;65;29.62;12.06;0.96;212;data;167;'-13;150;64;'-16;125;124;686;0;0;3.404;94.5;0.108;4.589;0;3;3300;3300
db_buhler_1_dsp;;1,5968E+18;13.91;1596.4;989;LOK;0;1024;193305;36;2.6;2.8;2.6;2.7;15/05/2020 03:06;5.12;1.65;1.1;27;3.21;3;25.92;12.61;4.97;8.33;dsp_parametros_60.txt;1048;1012;37;27;83.5;42.7;74.8;22004;6.68;230;630;52.3;184462;0;754;170;163;3.92;751;190;70;29.7;12.11;1.02;8;data;158;'-13;143;50;'-16;108;106;686;0;0;3.906;95;0.109;5.063;0;3;3300;3300
db_buhler_1_dsp;;1,5968E+18;14.76;1596.4;985; OK;0;1020;193499;36;2.6;2.6;2.6;2.2;15/05/2020 08:51;5.11;1.82;1.24;31;3.2;2.12;26.44;12.62;4.55;8.35;dsp_parametros_60.txt;1044;1008;36;25;82;42.6;74.1;22053;6.7;424;626;53.1;184656;0;766;173;167;3.98;751;190;69;29.9;12.05;0.96;123;data;166;'-13;148;61;'-16;123;122;688;0;0;3.482;95.2;0.107;4.826;0;3;3300;3300
db_buhler_1_dsp;;1,5968E+18;14.85;1596.4;984; OK;0;1016;193420;36;2.6;2.6;2.5;2.2;15/05/2020 06:45;5.13;1.82;1.24;34;3.2;2.14;26.3;12.62;4.59;8.42;dsp_parametros_60.txt;1041;1005;38;27;83.5;42.5;74.5;22050;6.8;345;623;53;184577;0;764;173;166;3.98;751;192;71;29.6;12.15;0.97;44;data;166;'-13;149;59;'-16;122;121;687;0;0;3.522;95.1;0.106;4.838;0;3;3300;3300
db_buhler_1_dsp;;1,5968E+18;14.61;1596.2;984; OK;0;1017;193328;34;2.7;2.8;2.6;2.5;15/05/2020 03:43;5.12;1.69;1.18;35;3.23;2.45;26.64;12.62;4.75;8.39;dsp_parametros_60.txt;1040;1006;33;23;83.4;40.8;73.9;21978;6.7;253;624;53.2;184485;0;759;171;163;3.99;750;193;72;29.88;12.08;0.98;31;data;162;'-13;147;54;'-16;118;117;681;0;0;3.682;95.9;0.107;4.613;0;3;3300;3300
db_buhler_1_dsp;;1,5968E+18;14.63;1596.4;984; OK;0;1016;193409;37;2.6;2.6;2.5;2.3;15/05/2020 06:28;5.12;1.82;1.24;34;3.21;2.16;26.44;12.61;4.62;8.3;dsp_parametros_60.txt;1041;1004;38;27;82.2;41.4;74.2;22049;6.76;334;622;53.2;184566;0;764;173;166;3.99;750;191;67;30.26;12.12;0.97;33;data;165;'-13;147;59;'-16;122;121;685;0;0;3.554;95.6;0.107;4.911;0;3;3300;3300
db_buhler_1_dsp;;1,5968E+18;14.74;1596.3;984; OK;0;1018;193410;36;2.6;2.7;2.5;2.3;15/05/2020 06:29;5.13;1.83;1.25;33;3.2;2.16;26.26;12.62;4.59;8.34;dsp_parametros_60.txt;1042;1006;37;26;82.3;41.3;74.6;22041;6.7;335;624;53.2;184567;0;763;173;166;3.99;751;191;69;29.82;12.06;0.97;34;data;165;'-13;148;59;'-16;122;121;685;0;0;3.533;94.9;0.107;4.863;0;3;3300;3300
db_buhler_1_dsp;;1,5968E+18;14.95;1596.4;984; OK;0;1018;193456;36;2.6;2.7;2.5;2.2;15/05/2020 07:42;5.13;1.82;1.24;33;3.19;2.11;26.34;12.62;4.55;8.33;dsp_parametros_60.txt;1042;1006;38;28;83.8;42.7;74.8;22057;6.72;381;624;53.2;184613;0;765;173;166;3.99;749;191;69;29.62;12.08;0.96;80;data;166;'-13;148;60;'-16;123;122;687;0;0;3.492;94.8;0.107;4.758;0;3;3300;3300
db_buhler_1_dsp;;1,5968E+18;14.44;1596.6;986; OK;0;1020;193175;36;2.6;2.6;2.6;2.2;13/05/2020 14:37;5.15;1.78;1.24;30;3.18;2.1;26.08;12.61;4.51;8.33;dsp_parametros_60.txt;1045;1009;38;27;82.4;41.6;72.8;22085;6.74;100;627;53.1;184332;0;767;177;170;3.98;750;192;65;29.6;12.11;0.95;93;data;167;'-13;150;63;'-16;125;124;685;0;0;3.446;94.6;0.108;4.776;0;3;3300;3300
db_buhler_1_dsp;;1,5968E+18;14.86;1596.5;985; OK;0;1019;193514;37;2.7;2.7;2.6;2.2;15/05/2020 09:14;5.15;1.82;1.25;31;3.18;2.11;26.6;12.62;4.52;8.31;dsp_parametros_60.txt;1044;1007;36;25;83.2;42.2;74.5;22082;6.82;439;625;53.2;184671;0;767;173;167;3.99;750;190;67;29.92;12.17;0.96;138;data;165;'-13;148;61;'-16;123;122;684;0;0;3.46;95.4;0.107;4.868;0;3;3300;3300
db_buhler_1_dsp;;1,5968E+18;14.52;1596.5;987; OK;0;1022;193190;36;2.6;2.6;2.6;2.2;13/05/2020 15:00;5.12;1.82;1.25;28;3.18;2.07;26.18;12.61;4.49;8.32;dsp_parametros_60.txt;1047;1011;37;26;82.4;41.8;73.8;22091;6.72;115;629;53.1;184347;0;768;177;170;3.98;750;191;66;29.94;12.09;0.95;108;data;167;'-13;150;63;'-16;125;124;683;0;0;3.434;94.9;0.108;4.735;0;3;3300;3300
db_buhler_1_dsp;;1,5968E+18;14.5;1596.6;986; OK;0;1021;193195;36;2.6;2.6;2.6;2.3;13/05/2020 15:08;5.12;1.8;1.24;30;3.18;2.1;26.26;12.61;4.5;8.31;dsp_parametros_60.txt;1045;1009;36;25;81.1;40.2;73.6;22037;6.7;120;627;53.1;184352;0;768;177;170;3.98;750;189;66;29.86;12.07;0.95;113;data;166;'-13;149;63;'-16;125;123;683;0;0;3.439;95.1;0.107;4.682;0;3;3300;3300
db_buhler_1_dsp;;1,5968E+18;14.84;1596.4;985; OK;0;1018;193582;37;2.7;2.7;2.5;2.3;15/05/2020 11:22;5.12;1.8;1.25;32;3.21;2.24;26.74;12.62;4.55;8.32;dsp_parametros_60.txt;1043;1006;36;25;83.5;42.4;75.3;22067;6.76;507;624;53.2;184739;0;766;174;168;3.99;751;191;66;29.56;12.12;0.96;206;data;166;'-13;147;63;'-16;123;123;686;0;0;3.486;95.2;0.106;4.809;0;3;3300;3300
db_buhler_1_dsp;;1,5968E+18;14.46;1596.3;985; OK;0;1019;193327;35;2.7;2.8;2.7;2.6;15/05/2020 03:41;5.12;1.75;1.25;33;3.24;2.48;26.28;12.61;4.75;8.37;dsp_parametros_60.txt;1042;1007;32;23;83;42.3;73.8;22096;6.74;252;625;53.1;184484;0;759;170;163;3.98;750;189;72;30.16;12.11;0.98;30;data;162;'-13;147;54;'-16;118;117;681;0;0;3.685;95.6;0.107;4.668;0;3;3300;3300
db_buhler_1_dsp;;1,5968E+18;15.14;1596.6;984; OK;0;1019;193794;35;2.7;2.7;2.6;2.3;15/05/2020 18:13;5.15;1.83;1.25;32;3.21;2.09;26.94;12.6;4.53;8.35;dsp_parametros_60.txt;1043;1008;36;24;81.7;42.3;74;22072;6.66;719;626;53.2;184951;0;766;176;168;3.99;749;191;67;29.5;12.03;0.96;2;data;165;'-13;150;62;'-16;124;124;688;0;0;3.461;95.5;0.107;4.619;0;3;3300;3300
db_buhler_1_dsp;;1,5968E+18;15.23;1596.6;984; OK;0;1019;193793;36;2.7;2.7;2.6;2.3;15/05/2020 18:11;5.13;1.82;1.25;31;3.21;2.1;26.74;12.62;4.53;8.35;dsp_parametros_60.txt;1044;1008;37;25;82.4;43.2;74.2;22064;6.7;718;626;53.2;184950;0;767;176;168;3.99;750;191;66;29.9;12.06;0.96;1;data;166;'-13;149;62;'-16;124;124;688;0;0;3.466;95.5;0.107;4.789;0;3;3300;3300
db_buhler_1_dsp;;1,5968E+18;43.4;1596.6;930;BAD;0;1019;193853;18;3.3;3.2;3.3;3;15/05/2020 21:59;5.13;1.84;1.24;39;3.19;2.08;26.84;12.62;5.19;44.53;dsp_parametros_60.txt;1036;1018;41;27;0;0;'-0.1;22845;23.84;778;636;25.7;185010;0;303;177;168;1.93;250;192;29;29.82;29.5;0.99;61;data;58;'-13;56;56;'-16;56;57;685;0;0;4.136;4464.7;0.201;4.768;0;3;3300;3300
db_buhler_1_dsp;;1,5968E+18;13.6;1596.7;930;BAD;0;1022;193854;19;3.1;3.5;3.1;3.4;15/05/2020 22:18;5.14;1.49;1.19;35;3.21;2.42;25.98;12.61;5.11;8.05;dsp_parametros_60.txt;1040;1021;0;0;0.1;12;12;22149;6.66;779;639;25.8;185011;0;302;179;175;1.94;251;190;32;29.86;12.37;0.98;62;data;34;'-13;34;53;'-16;41;48;685;0;0;4.051;1117.7;0.202;4.673;0;3;3300;3300
db_buhler_1_dsp;;1,5968E+18;15.03;1596.6;984; OK;0;1019;193803;36;2.7;2.7;2.5;2.3;15/05/2020 18:27;5.12;1.88;1.24;32;3.21;2.11;26.76;12.61;4.53;8.31;dsp_parametros_60.txt;1043;1007;38;26;81.8;43.4;75.1;22021;6.72;728;625;53.2;184960;0;766;175;168;3.99;750;189;67;29.66;12.09;0.96;11;data;166;'-13;149;62;'-16;124;124;678;0;0;3.47;95.4;0.107;4.727;0;3;3300;3300
db_buhler_1_dsp;;1,5968E+18;15.23;1596.6;986; OK;0;1021;193815;36;2.6;2.7;2.5;2.4;15/05/2020 19:46;5.13;1.82;1.24;30;3.21;2.14;26.68;12.61;4.58;8.37;dsp_parametros_60.txt;1045;1009;36;26;83.1;41.8;74.1;22073;6.64;740;627;53.1;184972;0;766;175;168;3.98;750;191;67;29.92;12;0.96;23;data;164;'-13;150;60;'-16;119;119;687;0;0;3.513;95.5;0.107;4.713;0;3;3300;3300
db_buhler_1_dsp;;1,5968E+18;14.92;1596.6;985; OK;0;1019;193741;35;2.7;2.7;2.5;2.3;15/05/2020 16:10;5.13;1.86;1.24;32;3.2;2.12;26.62;12.61;4.52;8.37;dsp_parametros_60.txt;1043;1008;37;26;84.1;41.7;74.1;22039;6.76;666;626;53.3;184898;0;766;176;169;4;749;192;66;30.18;12.13;0.96;139;data;166;'-13;150;64;'-16;124;123;684;0;0;3.462;95.7;0.107;4.77;0;3;3300;3300
db_buhler_1_dsp;;1,5968E+18;14.77;1596.5;985; OK;0;1018;193585;36;2.7;2.7;2.5;2.3;15/05/2020 11:27;5.13;1.82;1.24;33;3.21;2.11;26.46;12.62;4.56;8.33;dsp_parametros_60.txt;1042;1006;36;25;83.8;42;74.8;22041;6.74;510;624;53.2;184742;0;766;174;168;3.99;750;191;68;29.94;12.09;0.96;209;data;166;'-13;147;63;'-16;123;123;686;0;0;3.492;95.5;0.106;4.529;0;3;3300;3300
db_buhler_1_dsp;;1,5968E+18;14.93;1596.5;985; OK;0;1018;193614;35;2.7;2.7;2.5;2.3;15/05/2020 12:24;5.13;1.82;1.25;33;3.21;2.12;26.44;12.62;4.55;8.3;dsp_parametros_60.txt;1042;1007;36;25;84.9;42.3;74;22093;6.74;539;625;53.2;184771;0;766;175;168;3.99;751;190;67;29.92;12.1;0.96;12;data;166;'-13;147;63;'-16;122;122;688;0;0;3.486;95.2;0.107;4.572;0;3;3300;3300
db_buhler_1_dsp;;1,5968E+18;14.66;1596.5;984; OK;0;1018;193629;36;2.7;2.7;2.5;2.3;15/05/2020 12:48;5.12;1.83;1.25;33;3.21;2.1;26.54;12.62;4.5;8.35;dsp_parametros_60.txt;1042;1006;37;26;82.7;43;74;22023;6.68;554;624;53;184786;0;767;175;168;3.97;749;191;69;30.14;12.04;0.96;27;data;166;'-13;147;63;'-16;123;122;688;0;0;3.44;95.4;0.107;4.814;0;3;3300;3300
db_buhler_1_dsp;;1,5968E+18;15;1596.5;985; OK;0;1018;193720;36;2.9;2.9;2.7;2.4;15/05/2020 15:13;5.13;1.86;1.24;32;3.21;2.08;26.72;12.61;4.53;8.35;dsp_parametros_60.txt;1043;1007;37;26;81.9;42.8;75.2;22064;6.74;645;625;53.2;184877;0;767;176;168;3.99;749;191;67;29.88;12.11;0.96;118;data;166;'-13;148;65;'-16;124;124;685;0;0;3.466;95.6;0.107;4.874;0;3;3300;3300
db_buhler_1_dsp;;1,5968E+18;14.42;1596.4;984; OK;0;1016;193401;36;2.6;2.7;2.5;2.3;15/05/2020 06:15;5.12;1.83;1.26;35;3.2;2.16;26.06;12.62;4.6;8.3;dsp_parametros_60.txt;1040;1004;36;25;84.4;41.8;74.4;22050;6.74;326;622;53.1;184558;0;765;173;165;3.98;749;193;69;29.62;12.09;0.97;25;data;165;'-13;150;59;'-16;121;120;690;0;0;3.533;94.8;0.107;4.524;0;3;3300;3300
db_buhler_1_dsp;;1,5968E+18;14.67;1596.3;985; OK;0;1018;193407;36;2.6;2.7;2.5;2.3;15/05/2020 06:25;5.12;1.81;1.24;33;3.21;2.16;26.4;12.61;4.58;8.32;dsp_parametros_60.txt;1042;1006;36;26;82.5;41.7;75.1;22065;6.74;332;624;53.2;184564;0;765;173;166;3.99;750;191;68;29.62;12.11;0.97;31;data;165;'-13;150;59;'-16;121;121;684;0;0;3.522;94.9;0.107;4.804;0;3;3300;3300
db_buhler_1_dsp;;1,5968E+18;15.11;1596.5;985; OK;0;1018;193662;35;2.8;2.8;2.6;2.3;15/05/2020 13:40;5.13;1.84;1.25;33;3.21;2.09;26.84;12.62;4.54;8.33;dsp_parametros_60.txt;1042;1007;37;25;83;41.5;73.9;22053;6.7;587;625;53.1;184819;0;767;175;168;3.98;750;191;68;30.2;12.07;0.96;60;data;165;'-13;146;64;'-16;123;123;688;0;0;3.476;96.1;0.107;4.632;0;3;3300;3300
db_buhler_1_dsp;;1,5968E+18;14.94;1596.2;984; OK;0;1018;193365;36;2.6;2.6;2.5;2.3;15/05/2020 04:42;5.13;1.81;1.25;33;3.2;2.16;26.84;12.61;4.57;8.66;dsp_parametros_60.txt;1042;1006;37;27;82.5;42.4;73.8;22049;6.72;290;624;53;184522;0;764;172;164;3.97;751;189;70;29.7;12.09;0.97;68;data;164;'-13;147;58;'-16;121;120;683;0;0;3.506;95.9;0.107;4.792;0;3;3300;3300
db_buhler_1_dsp;;1,5968E+18;14.68;1596.5;984; OK;0;1018;193621;36;2.7;2.7;2.6;2.3;15/05/2020 12:35;5.13;1.81;1.24;33;3.2;2.12;26.2;12.61;4.53;8.28;dsp_parametros_60.txt;1042;1006;37;26;83.2;42.7;75.5;22072;6.7;546;624;53.3;184778;0;766;175;168;3.99;750;192;66;29.56;12.06;0.96;19;data;166;'-13;148;63;'-16;123;122;687;0;0;3.462;94.5;0.107;4.584;0;3;3300;3300
db_buhler_1_dsp;;1,5968E+18;14.46;1596.6;986; OK;0;1021;193188;35;2.7;2.6;2.6;2.3;13/05/2020 14:57;5.15;1.79;1.25;30;3.18;2.06;26.02;12.61;4.48;8.08;dsp_parametros_60.txt;1045;1010;38;27;82.5;41.7;73.8;22067;6.72;113;628;53.1;184345;0;769;177;170;3.98;750;193;66;29.88;12.09;0.95;106;data;167;'-13;150;63;'-16;125;124;688;0;0;3.418;94.4;0.107;4.528;0;3;3300;3300
db_buhler_1_dsp;;1,5968E+18;14.61;1596.5;986; OK;0;1021;193127;35;2.7;2.7;2.6;2.3;13/05/2020 13:05;5.13;1.79;1.24;30;3.18;2.09;26.2;12.61;4.5;8.33;dsp_parametros_60.txt;1045;1010;37;26;83.4;42;73.2;22046;6.68;52;628;53.2;184284;0;768;177;170;3.99;750;194;66;30.16;12.05;0.95;45;data;167;'-13;150;62;127;125;124;688;0;0;3.438;95.1;0.108;4.699;0;3;3300;3300
db_buhler_1_dsp;;1,5968E+18;14.62;1596.5;986; OK;0;1021;193135;36;2.7;2.6;2.5;2.2;13/05/2020 13:18;5.13;1.83;1.24;29;3.19;2.06;26.28;12.61;4.53;8.33;dsp_parametros_60.txt;1046;1010;37;25;81.3;42.5;73.6;22078;6.76;60;628;53.2;184292;0;768;177;170;3.99;750;189;67;29.66;12.13;0.95;53;data;167;'-13;151;63;127;125;124;684;0;0;3.466;95;0.108;4.763;0;3;3300;3300
db_buhler_1_dsp;;1,5968E+18;47.66;1596.2;930;BAD;0;1024;193953;16;3.4;3;3.4;2.9;27/05/2020 11:39;5.15;0;0;35;3.33;0;0;12.62;5.45;16.28;dsp_parametros_60.txt;1040;1024;21;17;0.1;0;'-0.1;23145;32.4;878;642;25.7;185110;0;304;172;166;1.93;252;192;23;0;38.09;1.12;1;data;22;'-13;21;22;22;22;22;683;0;0;4.4;0;0.202;5.328;0;3;3300;3300
db_buhler_1_dsp;;1,5968E+18;13.56;1596.3;930;BAD;0;1020;193954;19;2.9;3.1;2.9;3.1;27/05/2020 11:43;5.15;1.51;1.12;36;3.35;3.82;26.24;12.61;5.51;8.41;dsp_parametros_60.txt;1039;1020;0;0;0.1;'-0.1;'-0.1;22139;26.28;879;638;25.7;185111;0;307;169;162;1.93;251;190;35;0;31.95;1.06;2;data;80;'-13;59;75;76;49;56;683;0;0;4.455;247.4;0.202;5.579;0;3;3300;3300
db_buhler_1_dsp;;1,5968E+18;13.63;1596.3;930;BAD;0;1016;193955;22;2.7;2.9;2.7;2.9;27/05/2020 11:44;5.15;1.52;1.13;37;3.33;3.45;25.56;12.61;5.49;8.34;dsp_parametros_60.txt;1038;1016;0;0;0;0;'-0.1;21896;13.62;880;634;25.7;185112;0;292;170;161;1.93;249;194;44;29.84;19.12;1.06;3;data;125;'-13;84;118;113;75;83;683;0;0;4.439;102.3;0.202;5.464;0;3;3300;3300
db_buhler_1_dsp;;1,5968E+18;14.55;1596.6;986; OK;0;1021;193197;37;2.7;2.6;2.6;2.3;13/05/2020 15:11;5.13;1.79;1.24;29;3.18;2.07;26.08;12.61;4.5;8.29;dsp_parametros_60.txt;1046;1009;37;26;81.7;41.6;73.1;22060;6.7;122;627;53.1;184354;0;768;177;170;3.98;750;191;66;29.66;12.05;0.95;115;data;166;'-13;151;63;'-16;125;124;683;0;0;3.437;94.5;0.108;4.87;0;3;3300;3300
db_buhler_1_dsp;;1,5968E+18;14.43;1596.6;987; OK;0;1022;193248;36;2.7;2.6;2.6;2.3;13/05/2020 16:51;5.12;1.8;1.24;29;3.19;2.09;26.04;12.61;4.54;8.32;dsp_parametros_60.txt;1046;1010;37;26;82.3;41.7;74.1;22048;6.74;173;628;53.1;184405;0;767;177;170;3.98;749;190;64;29.62;12.09;0.95;166;data;166;'-13;150;64;'-16;124;123;686;0;0;3.473;94.5;0.108;4.511;0;3;3300;3300
db_buhler_1_dsp;;1,5968E+18;14.56;1596.6;986; OK;0;1022;193270;37;2.7;2.6;2.6;2.3;13/05/2020 17:26;5.13;1.82;1.24;28;3.19;2.07;26.24;12.62;4.48;8.52;dsp_parametros_60.txt;1047;1010;38;26;81.9;42;73.5;22069;6.66;195;628;53.2;184427;0;769;177;170;3.99;749;190;64;29.92;12.02;0.96;188;data;166;'-13;150;64;'-16;125;124;684;0;0;3.422;95.2;0.108;4.689;0;3;3300;3300
db_buhler_1_dsp;;1,5968E+18;14.03;1596.3;986; OK;0;1024;193307;35;2.6;2.8;2.6;2.7;15/05/2020 03:10;5.13;1.64;1.1;28;3.29;2.98;25.98;12.61;4.85;8.37;dsp_parametros_60.txt;1047;1012;29;20;82.6;43;75.5;22106;6.64;232;630;53.1;184464;0;755;170;163;3.98;751;191;69;29.3;12.05;1.02;10;data;160;'-13;147;51;'-16;111;109;686;0;0;3.789;94.5;0.108;4.924;0;3;3300;3300
db_buhler_1_dsp;;1,5968E+18;14.06;1596.3;984; OK;0;1020;193313;34;2.6;2.8;2.6;2.6;15/05/2020 03:19;5.12;1.68;1.09;32;3.26;2.91;26.16;12.62;4.81;8.39;dsp_parametros_60.txt;1043;1009;32;23;83.2;42.8;74.9;22020;6.66;238;627;53.1;184470;0;755;171;163;3.98;752;189;69;29.64;12.06;1;16;data;161;'-13;147;52;'-16;115;113;687;0;0;3.746;95;0.108;4.675;0;3;3300;3300
db_buhler_1_dsp;;1,5968E+18;14.5;1596.3;984; OK;0;1019;193319;35;2.6;2.7;2.6;2.5;15/05/2020 03:29;5.13;1.68;1.1;32;3.25;2.84;26.5;12.62;4.78;8.34;dsp_parametros_60.txt;1043;1008;33;23;83.9;42.6;74.5;22048;6.66;244;626;53.2;184476;0;757;170;163;3.99;751;190;69;30.24;12.04;0.99;22;data;162;'-13;147;53;'-16;117;116;686;0;0;3.715;95.8;0.107;5.09;0;3;3300;3300
db_buhler_1_dsp;;1,5968E+18;14.71;1596.3;984; OK;0;1017;193417;36;2.6;2.7;2.5;2.3;15/05/2020 06:41;5.12;1.83;1.24;34;3.19;2.16;26.4;12.62;4.54;8.34;dsp_parametros_60.txt;1041;1005;36;26;83.5;43.1;74.6;22029;6.78;342;623;53.1;184574;0;766;173;166;3.98;750;192;69;29.98;12.15;0.97;41;data;165;'-13;148;59;'-16;122;121;686;0;0;3.49;95.3;0.107;4.79;0;3;3300;3300
db_buhler_1_dsp;;1,5968E+18;14.87;1596.3;984; OK;0;1018;193435;36;2.6;2.6;2.5;2.3;15/05/2020 07:09;5.13;1.83;1.25;33;3.19;2.15;26.44;12.62;4.58;8.32;dsp_parametros_60.txt;1042;1006;36;25;81.7;41.6;73.8;22088;6.66;360;624;53.2;184592;0;765;173;166;3.99;750;190;68;30.2;12.03;0.97;59;data;165;'-13;149;60;'-16;122;121;683;0;0;3.525;95.5;0.107;4.767;0;3;3300;3300
db_buhler_1_dsp;;1,5968E+18;14.81;1596.4;985; OK;0;1018;193454;36;2.6;2.7;2.5;2.2;15/05/2020 07:39;5.13;1.81;1.24;32;3.2;2.12;26.64;12.61;4.57;8.35;dsp_parametros_60.txt;1043;1007;37;27;83.2;41.9;73.4;22012;6.74;379;625;53.2;184611;0;766;173;166;3.99;749;191;69;29.58;12.11;0.96;78;data;165;'-13;149;60;'-16;123;122;687;0;0;3.509;95.4;0.107;4.884;0;3;3300;3300
db_buhler_1_dsp;;1,5968E+18;14.88;1596.4;985; OK;0;1018;193498;36;2.7;2.7;2.6;2.3;15/05/2020 08:49;5.13;1.82;1.24;33;3.19;2.12;26.62;12.61;4.56;8.34;dsp_parametros_60.txt;1042;1006;36;25;83.5;41.6;74.2;22065;6.7;423;624;53.1;184655;0;765;173;167;3.98;751;192;69;29.86;12.05;0.96;122;data;166;'-13;148;61;'-16;123;122;688;0;0;3.499;95.6;0.107;4.578;0;3;3300;3300
db_buhler_1_dsp;;1,5968E+18;14.76;1596.2;984; OK;0;1018;193347;36;2.7;2.7;2.6;2.4;15/05/2020 04:13;5.12;1.81;1.24;33;3.21;2.24;26.52;12.62;4.63;8.4;dsp_parametros_60.txt;1042;1006;33;23;81.2;41.1;74.5;22051;6.7;272;624;53.2;184504;0;762;171;164;3.99;750;192;69;30.2;12.07;0.97;50;data;163;'-13;147;56;'-16;119;119;685;0;0;3.563;95.9;0.107;4.8;0;3;3300;3300
db_buhler_1_dsp;;1,5968E+18;14.71;1596.3;984; OK;0;1018;193436;35;2.6;2.6;2.5;2.2;15/05/2020 07:11;5.11;1.81;1.25;34;3.2;2.14;26.54;12.62;4.55;8.35;dsp_parametros_60.txt;1041;1006;36;25;83.4;43.1;74.8;22044;6.64;361;624;53.2;184593;0;764;173;166;3.99;750;190;68;29.64;12.01;0.97;60;data;165;'-13;148;60;'-16;122;121;683;0;0;3.488;95;0.106;4.549;0;3;3300;3300
db_buhler_1_dsp;;1,5968E+18;14.43;1596.5;986; OK;0;1022;193141;36;2.6;2.6;2.5;2.2;13/05/2020 13:27;5.13;1.84;1.25;29;3.18;2.04;26.3;12.62;4.49;8.4;dsp_parametros_60.txt;1046;1010;38;27;83.8;42.7;73.8;22027;6.68;66;628;53.1;184298;0;767;177;170;3.98;749;190;64;29.68;12.05;0.95;59;data;167;'-13;151;63;'-16;125;124;684;0;0;3.434;94.8;0.108;4.559;0;3;3300;3300
db_buhler_1_dsp;;1,5968E+18;14.36;1596.6;986; OK;0;1021;193170;36;2.6;2.6;2.6;2.2;13/05/2020 14:29;5.15;1.81;1.24;29;3.18;2.11;25.92;12.61;4.5;8.31;dsp_parametros_60.txt;1046;1010;37;26;82.4;41.4;73;22061;6.66;95;628;53.1;184327;0;768;177;170;3.98;749;190;65;29.84;12.03;0.95;88;data;166;'-13;151;63;'-16;124;124;684;0;0;3.44;94.5;0.107;4.888;0;3;3300;3300
db_buhler_1_dsp;;1,5968E+18;14.76;1596.5;984; OK;0;1017;193522;36;2.7;2.7;2.6;2.3;15/05/2020 09:27;5.12;1.81;1.25;35;3.19;2.11;26.7;12.61;4.54;8.29;dsp_parametros_60.txt;1040;1004;35;24;83.1;41.9;74.4;22066;6.7;447;622;53.2;184679;0;765;174;167;3.99;749;191;70;29.96;12.05;0.96;146;data;166;'-13;148;61;'-16;123;122;686;0;0;3.47;95.5;0.107;4.416;0;3;3300;3300
db_buhler_1_dsp;;1,5968E+18;15.02;1596.5;984; OK;0;1017;193521;37;2.7;2.7;2.6;2.2;15/05/2020 09:26;5.13;1.83;1.24;33;3.2;2.1;26.74;12.6;4.52;8.32;dsp_parametros_60.txt;1042;1005;35;24;82.8;41.6;74.3;22082;6.76;446;623;53.2;184678;0;766;173;167;3.99;749;190;67;29.88;12.11;0.96;145;data;166;'-13;148;61;'-16;123;122;686;0;0;3.45;95.5;0.106;4.931;0;3;3300;3300
db_buhler_1_dsp;;1,5968E+18;13.93;1596.6;993;LOK;0;1024;193230;37;2.6;2.6;2.6;2.3;13/05/2020 16:09;5.13;1.59;1.24;27;3.15;2.1;25.2;12.62;4.76;8.07;dsp_parametros_60.txt;1048;1011;38;25;81.9;41.9;73.2;22014;8.42;155;629;50.9;184387;0;768;178;170;3.82;750;190;64;30.14;13.78;0.96;148;data;145;'-13;125;65;'-16;119;115;684;0;0;3.693;96;0.109;4.888;0;3;3300;3300
db_buhler_1_dsp;;1,5968E+18;14.89;1596.4;984; OK;0;1017;193531;36;2.7;2.7;2.6;2.3;15/05/2020 09:41;5.12;1.83;1.24;34;3.2;2.1;26.6;12.62;4.55;8.36;dsp_parametros_60.txt;1041;1005;37;25;84;42.1;74.9;22084;6.72;456;623;53.2;184688;0;765;174;167;3.99;750;191;69;29.88;12.08;0.96;155;data;166;'-13;148;62;'-16;123;122;683;0;0;3.487;95.4;0.107;4.791;0;3;3300;3300
db_buhler_1_dsp;;1,5968E+18;15.01;1596.3;985; OK;0;1018;193461;36;2.7;2.7;2.6;2.3;15/05/2020 07:50;5.12;1.8;1.25;33;3.19;2.13;26.66;12.61;4.57;8.35;dsp_parametros_60.txt;1042;1006;36;25;82.2;42.5;74.5;22108;6.66;386;624;53.1;184618;0;764;173;166;3.98;751;189;71;29.62;12.03;0.96;85;data;166;'-13;147;60;'-16;122;122;683;0;0;3.505;95.3;0.107;4.819;0;3;3300;3300
db_buhler_1_dsp;;1,5968E+18;14.53;1596.6;986; OK;0;1022;193260;36;2.7;2.6;2.6;2.3;13/05/2020 17:10;5.15;1.82;1.25;29;3.18;2.07;26.2;12.61;4.47;8.33;dsp_parametros_60.txt;1046;1010;39;28;81.7;42;73.5;22042;6.66;185;628;53.2;184417;0;768;177;170;3.99;750;194;64;29.86;12.01;0.95;178;data;167;'-13;152;64;'-16;125;125;688;0;0;3.417;94.8;0.108;4.599;0;3;3300;3300
db_buhler_1_dsp;;1,5968E+18;14.83;1596.2;985; OK;0;1018;193371;35;2.6;2.6;2.5;2.3;15/05/2020 04:51;5.13;1.82;1.25;33;3.2;2.15;26.94;12.62;4.54;8.37;dsp_parametros_60.txt;1042;1007;35;25;81.6;42.8;74.1;22065;6.7;296;625;53.2;184528;0;765;172;164;3.99;750;192;70;29.96;12.07;0.97;74;data;165;'-13;148;58;'-16;121;120;684;0;0;3.487;95.9;0.107;4.638;0;3;3300;3300
db_buhler_1_dsp;;1,5968E+18;15.15;1596.2;984; OK;0;1016;193372;36;2.6;2.7;2.6;2.3;15/05/2020 04:53;5.12;1.82;1.24;35;3.21;2.17;26.5;12.62;4.56;8.34;dsp_parametros_60.txt;1040;1004;35;25;82.8;42.8;74.2;22033;6.66;297;622;53.1;184529;0;765;172;164;3.98;750;192;72;29.62;12.03;0.97;75;data;165;'-13;148;58;'-16;121;120;685;0;0;3.495;95;0.106;4.704;0;3;3300;3300
db_buhler_1_dsp;;1,5968E+18;14.54;1596.6;986; OK;0;1020;193189;36;2.6;2.6;2.6;2.2;13/05/2020 14:59;5.12;1.79;1.25;29;3.18;2.06;26.1;12.62;4.5;8.32;dsp_parametros_60.txt;1046;1010;37;26;83.3;41.5;74.7;22052;6.66;114;628;53;184346;0;769;177;170;3.98;750;195;65;29.88;12.03;0.95;107;data;167;'-13;151;63;'-16;125;124;685;0;0;3.433;94.7;0.108;4.916;0;3;3300;3300
db_buhler_1_dsp;;1,5968E+18;14.66;1596.6;986; OK;0;1023;193283;36;2.6;2.6;2.5;2.2;13/05/2020 17:47;5.13;1.8;1.24;28;3.18;2.07;26.26;12.61;4.51;8.36;dsp_parametros_60.txt;1047;1011;37;26;82.2;41.7;74.5;22050;6.66;208;629;53.1;184440;0;768;177;170;3.98;750;190;65;29.62;12.02;0.96;201;data;167;'-13;152;64;'-16;125;124;686;0;0;3.442;94.9;0.108;4.622;0;3;3300;3300
db_buhler_1_dsp;;1,5968E+18;14.37;1596.6;986; OK;0;1020;193176;36;2.7;2.6;2.6;2.3;13/05/2020 14:38;5.13;1.79;1.24;31;3.18;2.08;26.12;12.61;4.53;8.37;dsp_parametros_60.txt;1044;1008;38;26;81.1;41.6;73.1;22045;6.64;101;626;53.1;184333;0;767;177;170;3.98;749;190;66;30.22;12;0.95;94;data;166;'-13;150;63;'-16;125;124;685;0;0;3.461;95.1;0.107;4.459;0;3;3300;3300
db_buhler_1_dsp;;1,5968E+18;14.48;1596.6;987; OK;0;1022;193185;36;2.7;2.6;2.6;2.3;13/05/2020 14:52;5.12;1.8;1.25;28;3.18;2.09;26.04;12.62;4.52;8.34;dsp_parametros_60.txt;1047;1011;37;26;81.6;41.7;73.3;22020;6.68;110;629;53.1;184342;0;767;177;170;3.98;751;191;65;29.9;12.03;0.95;103;data;167;'-13;150;63;'-16;125;124;688;0;0;3.457;94.9;0.108;4.781;0;3;3300;3300
db_buhler_1_dsp;;1,5968E+18;14.67;1596.5;987; OK;0;1022;193202;36;2.7;2.6;2.6;2.3;13/05/2020 15:19;5.11;1.79;1.24;28;3.18;2.07;26.06;12.62;4.49;8.34;dsp_parametros_60.txt;1047;1011;37;26;82;41;73.8;22034;6.7;127;629;53;184359;0;768;177;170;3.98;750;191;66;29.68;12.05;0.95;120;data;167;'-13;151;63;'-16;125;124;685;0;0;3.426;94.5;0.108;4.872;0;3;3300;3300
db_buhler_1_dsp;;1,5968E+18;14.48;1596.6;986; OK;0;1021;193252;36;2.6;2.6;2.5;2.2;13/05/2020 16:57;5.13;1.8;1.25;29;3.18;2.08;26.2;12.61;4.51;8.34;dsp_parametros_60.txt;1046;1010;38;26;81;42.2;73.7;22057;6.72;177;628;53.2;184409;0;767;177;170;3.99;750;190;65;29.7;12.09;0.95;170;data;167;'-13;152;64;'-16;125;124;688;0;0;3.445;94.7;0.107;4.659;0;3;3300;3300
db_buhler_1_dsp;;1,5968E+18;14.61;1596.6;986; OK;0;1022;193275;37;2.7;2.6;2.6;2.3;13/05/2020 17:34;5.12;1.81;1.24;27;3.2;2.07;26.18;12.62;4.51;8.32;dsp_parametros_60.txt;1048;1011;37;26;82.4;42.4;72.5;22057;6.76;200;629;53.1;184432;0;767;177;170;3.98;750;191;65;29.96;12.12;0.96;193;data;166;'-14;150;64;'-16;125;124;685;0;0;3.457;95.2;0.108;4.851;0;3;3300;3300
db_buhler_1_dsp;;1,5968E+18;14.24;1596.3;986; OK;0;1020;193382;36;2.6;2.7;2.5;2.4;15/05/2020 05:38;5.13;1.74;1.25;32;3.22;2.3;25.82;12.61;4.6;8.31;dsp_parametros_60.txt;1043;1007;39;28;82.6;42.8;76;22086;6.68;307;625;53.1;184539;0;765;172;165;3.98;750;192;70;29.66;12.03;0.97;6;data;172;'-13;148;60;'-16;120;118;684;0;0;3.546;94.3;0.107;4.726;0;3;3300;3300
db_buhler_1_dsp;;1,5968E+18;14.19;1596.6;986; OK;0;1022;193159;35;2.6;2.6;2.6;2.3;13/05/2020 14:11;5.13;1.78;1.24;29;3.18;2.1;25.96;12.62;4.53;8.31;dsp_parametros_60.txt;1046;1011;36;25;82.3;42;74.9;22123;6.7;84;629;53.2;184316;0;767;177;171;3.99;750;192;64;29.68;12.07;0.95;77;data;167;'-13;151;63;'-16;123;122;683;0;0;3.471;94.4;0.108;4.458;0;3;3300;3300
db_buhler_1_dsp;;1,5968E+18;14.37;1596.6;986; OK;0;1022;193232;36;2.7;2.7;2.6;2.4;13/05/2020 16:12;5.13;1.75;1.24;28;3.18;2.11;25.84;12.62;4.53;8.32;dsp_parametros_60.txt;1047;1011;40;29;80.7;42.6;74.4;22036;6.7;157;629;53.1;184389;0;768;177;171;3.98;749;188;66;29.62;12.07;0.95;150;data;162;'-13;149;64;'-16;122;121;685;0;0;3.466;94.4;0.108;4.834;0;3;3300;3300
db_buhler_1_dsp;;1,5968E+18;14.22;1596.6;986; OK;0;1021;193238;37;2.6;2.7;2.6;2.3;13/05/2020 16:34;5.12;1.77;1.25;30;3.19;2.14;25.84;12.61;4.53;8.29;dsp_parametros_60.txt;1045;1008;40;28;81.9;41.1;74.7;22088;6.76;163;626;53.1;184395;0;768;177;171;3.98;749;191;67;29.98;12.1;0.96;156;data;168;'-13;150;65;'-16;123;122;686;0;0;3.465;94.6;0.108;4.716;0;3;3300;3300
db_buhler_1_dsp;;1,5968E+18;14.45;1596.6;986; OK;0;1022;193263;35;2.7;2.7;2.6;2.4;13/05/2020 17:15;5.15;1.83;1.24;30;3.19;2.1;26.16;12.61;4.5;8.31;dsp_parametros_60.txt;1045;1010;35;24;81.8;41.5;74;22106;6.72;188;628;53.2;184420;0;768;177;170;3.99;750;189;64;29.86;12.07;0.96;181;data;161;'-13;149;63;'-16;123;123;681;0;0;3.433;94.8;0.107;4.469;0;3;3300;3300
db_buhler_1_dsp;;1,5968E+18;14.6;1596.6;986; OK;0;1022;193274;36;2.6;2.6;2.5;2.2;13/05/2020 17:33;5.15;1.81;1.24;29;3.19;2.06;26.38;12.62;4.5;8.32;dsp_parametros_60.txt;1046;1010;37;26;80.4;41;73.8;22060;6.64;199;628;53.1;184431;0;766;177;170;3.98;750;191;66;29.86;11.99;0.96;192;data;166;'-13;150;64;'-16;125;124;686;0;0;3.443;94.9;0.108;4.525;0;3;3300;3300
db_buhler_1_dsp;;1,5968E+18;14.62;1596.6;986; OK;0;1023;193284;37;2.7;2.6;2.6;2.3;13/05/2020 17:48;5.12;1.81;1.24;27;3.18;2.08;26.34;12.62;4.52;8.29;dsp_parametros_60.txt;1048;1011;37;26;81.7;40.2;72;22056;6.72;209;629;53.2;184441;0;767;177;170;3.99;750;191;65;30.2;12.08;0.96;202;data;166;'-13;151;64;'-16;125;124;686;0;0;3.458;95.5;0.108;4.879;0;3;3300;3300
db_buhler_1_dsp;;1,5968E+18;14.7;1596.3;984; OK;0;1016;193397;35;2.6;2.6;2.5;2.3;15/05/2020 06:09;5.13;1.82;1.25;35;3.21;2.18;26.08;12.61;4.6;8.33;dsp_parametros_60.txt;1040;1005;35;25;83.5;42;75.4;22084;6.66;322;623;53.1;184554;0;764;172;166;3.98;749;192;70;29.62;12.02;0.97;21;data;164;'-13;148;58;'-16;120;119;688;0;0;3.533;94.8;0.106;4.558;0;3;3300;3300
db_buhler_1_dsp;;1,5968E+18;15.07;1596.4;984; OK;0;1017;193469;35;2.6;2.6;2.5;2.2;15/05/2020 08:03;5.13;1.85;1.24;34;3.19;2.12;26.5;12.62;4.58;8.38;dsp_parametros_60.txt;1041;1006;34;23;82.5;41.6;73.7;22050;6.7;394;624;53.2;184626;0;766;173;166;3.99;750;191;69;29.94;12.06;0.96;93;data;166;'-13;148;60;'-16;122;122;682;0;0;3.512;95.3;0.106;4.839;0;3;3300;3300
db_buhler_1_dsp;;1,5968E+18;14.7;1596.5;986; OK;0;1020;193205;34;2.7;2.6;2.6;2.3;13/05/2020 15:24;5.12;1.78;1.25;31;3.18;2.08;26.28;12.6;4.51;8.35;dsp_parametros_60.txt;1044;1010;36;24;82.5;41.2;74.6;22032;6.62;130;628;53.2;184362;0;768;177;170;3.99;749;191;65;29.94;11.99;0.95;123;data;167;'-13;151;63;'-16;125;124;685;0;0;3.451;94.9;0.107;4.456;0;3;3300;3300
db_buhler_1_dsp;;1,5968E+18;14.47;1596.6;985; OK;0;1020;193255;35;2.8;2.7;2.7;2.4;13/05/2020 17:02;5.13;1.8;1.25;30;3.18;2.07;25.92;12.61;4.52;8.56;dsp_parametros_60.txt;1045;1010;37;25;81.5;41.5;74.3;22070;6.68;180;628;53.1;184412;0;768;177;170;3.98;750;195;64;29.62;12.05;0.96;173;data;167;'-13;151;64;'-16;125;124;684;0;0;3.46;94.5;0.108;4.589;0;3;3300;3300
db_buhler_1_dsp;;1,5968E+18;14.48;1596.2;985; OK;0;1019;193331;34;2.7;2.7;2.6;2.5;15/05/2020 03:48;5.13;1.69;1.18;33;3.22;2.39;26.54;12.61;4.75;8.41;dsp_parametros_60.txt;1042;1008;33;23;82.5;42.1;74.2;21979;6.66;256;626;53;184488;0;759;170;163;3.98;750;193;71;29.9;12.03;0.98;34;data;162;'-13;147;55;'-16;118;117;682;0;0;3.684;95.6;0.107;4.609;0;3;3300;3300
db_buhler_1_dsp;;1,5968E+18;14.27;1596.3;986; OK;0;1020;193383;36;2.6;2.7;2.5;2.3;15/05/2020 05:40;5.12;1.75;1.25;31;3.22;2.24;25.96;12.62;4.61;8.32;dsp_parametros_60.txt;1044;1008;38;28;82.9;42.8;76.3;22070;6.66;308;626;53;184540;0;764;172;165;3.98;750;193;71;29.68;12.03;0.97;7;data;169;'-13;148;60;'-16;120;118;686;0;0;3.548;94.5;0.107;4.752;0;3;3300;3300
db_buhler_1_dsp;;1,5968E+18;14.6;1596.5;986; OK;0;1021;193100;35;2.7;2.6;2.6;2.2;13/05/2020 12:22;5.15;1.82;1.25;30;3.2;2.08;26.14;12.62;4.49;8.36;dsp_parametros_60.txt;1045;1010;37;26;82.1;42.1;73.4;22039;6.76;25;628;53.2;184257;0;768;176;170;3.99;750;190;66;29.5;12.09;0.96;18;data;166;'-13;150;62;127;125;124;683;0;0;3.431;94.5;0.108;4.641;0;3;3300;3300
db_buhler_1_dsp;;1,5968E+18;15.68;1596.6;985; OK;0;1019;193842;36;2.7;2.8;2.6;2.4;15/05/2020 20:29;5.13;1.84;1.24;32;3.21;2.06;27.02;12.61;4.55;8.4;dsp_parametros_60.txt;1043;1007;38;27;82.5;40.2;74.1;22054;6.78;767;625;53.1;184999;0;766;175;168;3.98;750;191;67;29.28;12.15;0.96;50;data;166;'-13;151;59;'-16;123;123;685;0;0;3.49;95.3;0.107;4.756;0;3;3300;3300
db_buhler_1_dsp;;1,5968E+18;14;1596.7;991;LOK;0;1021;193235;39;2.6;2.6;2.6;2.3;13/05/2020 16:30;5.13;1.59;1.24;29;3.16;2.14;25.06;12.62;4.79;8.12;dsp_parametros_60.txt;1046;1007;43;27;81.7;40.6;73.2;21956;9.12;160;625;50.9;184392;0;765;177;169;3.82;751;191;62;29.68;14.47;0.96;153;data;169;'-13;135;66;'-17;127;122;686;0;0;3.737;96.3;0.109;5.148;0;3;3300;3300
db_buhler_1_dsp;;1,5968E+18;14.9;1596.4;984; OK;0;1018;193513;36;2.6;2.6;2.5;2.2;15/05/2020 09:13;5.12;1.83;1.25;33;3.19;2.13;26.3;12.62;4.55;8.36;dsp_parametros_60.txt;1042;1006;36;25;82.8;42.4;75.4;22059;6.8;438;624;53.2;184670;0;765;173;167;3.99;750;192;67;29.64;12.15;0.96;137;data;166;'-13;148;61;'-16;123;122;683;0;0;3.487;95;0.107;4.599;0;3;3300;3300
db_buhler_1_dsp;;1,5968E+18;14.43;1596.6;986; OK;0;1022;193180;34;2.7;2.6;2.6;2.3;13/05/2020 14:44;5.12;1.81;1.25;29;3.18;2.06;26.04;12.61;4.48;8.3;dsp_parametros_60.txt;1046;1012;37;26;81.3;42.5;73.9;22010;6.72;105;630;53;184337;0;768;177;170;3.97;750;196;67;29.66;12.07;0.95;98;data;166;'-13;151;63;'-16;124;124;685;0;0;3.415;94.5;0.108;4.51;0;3;3300;3300
db_buhler_1_dsp;;1,5968E+18;14.69;1596.5;984; OK;0;1018;193532;35;2.8;2.8;2.6;2.3;15/05/2020 09:43;5.12;1.84;1.24;33;3.2;2.12;26.58;12.62;4.58;8.3;dsp_parametros_60.txt;1042;1007;36;25;82.9;41.9;75;22064;6.68;457;625;53.1;184689;0;764;174;167;3.98;751;191;68;29.5;12.03;0.96;156;data;166;'-13;148;62;'-16;123;122;684;0;0;3.518;94.9;0.107;4.557;0;3;3300;3300
db_buhler_1_dsp;;1,5968E+18;14.85;1596.4;985; OK;0;1018;193581;36;2.7;2.7;2.6;2.3;15/05/2020 11:21;5.12;1.85;1.24;33;3.22;2.12;26.36;12.62;4.53;8.33;dsp_parametros_60.txt;1042;1006;36;25;83;42.9;75;22077;6.78;506;624;53.2;184738;0;766;174;168;3.99;750;192;67;29.58;12.13;0.96;205;data;166;'-13;147;62;'-16;123;123;686;0;0;3.473;95;0.106;4.723;0;3;3300;3300
db_buhler_1_dsp;;1,5968E+18;14.66;1596.5;986; OK;0;1022;193206;36;2.7;2.6;2.6;2.3;13/05/2020 15:26;5.13;1.8;1.24;29;3.18;2.08;26.4;12.61;4.5;8.29;dsp_parametros_60.txt;1046;1010;36;24;80.4;40.8;74.1;22081;6.72;131;628;53;184363;0;768;177;170;3.98;751;189;66;29.64;12.07;0.95;124;data;166;'-13;150;63;'-16;125;124;685;0;0;3.443;95;0.108;4.589;0;3;3300;3300
db_buhler_1_dsp;;1,5968E+18;14.45;1596.6;986; OK;0;1022;193267;36;2.6;2.6;2.5;2.2;13/05/2020 17:21;5.13;1.83;1.24;28;3.19;2.09;26.16;12.62;4.51;8.32;dsp_parametros_60.txt;1047;1011;37;25;80.5;42.2;74.5;22038;6.74;192;629;53.1;184424;0;766;177;170;3.98;751;191;64;29.58;12.09;0.96;185;data;166;'-13;151;64;'-16;124;124;684;0;0;3.449;94.5;0.107;4.806;0;3;3300;3300
db_buhler_1_dsp;;1,5968E+18;14.41;1596.5;986; OK;0;1022;193101;36;2.7;2.7;2.6;2.3;13/05/2020 12:24;5.15;1.83;1.25;29;3.18;2.1;26.26;12.62;4.51;8.31;dsp_parametros_60.txt;1046;1010;37;26;81.7;40.5;73.4;22062;6.72;26;628;53.1;184258;0;768;176;170;3.98;751;189;67;29.92;12.07;0.96;19;data;166;'-13;151;62;126;125;124;683;0;0;3.45;94.9;0.108;4.736;0;3;3300;3300
db_buhler_1_dsp;;1,5968E+18;15.12;1596.2;984; OK;0;1016;193364;35;2.7;2.7;2.6;2.4;15/05/2020 04:40;5.12;1.82;1.24;35;3.22;2.16;26.52;12.62;4.58;8.57;dsp_parametros_60.txt;1040;1005;37;26;83;41.7;74.1;22048;6.7;289;623;53;184521;0;763;172;164;3.97;750;190;72;29.56;12.06;0.97;67;data;165;'-13;148;58;'-16;121;120;683;0;0;3.514;95.2;0.107;4.617;0;3;3300;3300
db_buhler_1_dsp;;1,5968E+18;14.64;1596.3;983; OK;0;1016;193402;36;2.6;2.7;2.5;2.3;15/05/2020 06:17;5.13;1.82;1.24;35;3.21;2.15;26.04;12.62;4.58;8.32;dsp_parametros_60.txt;1040;1004;36;25;83.4;41.6;73.5;22053;6.68;327;622;53.2;184559;0;764;173;166;3.99;750;192;68;29.68;12.05;0.97;26;data;165;'-13;148;58;'-16;121;120;684;0;0;3.518;94.6;0.107;4.649;0;3;3300;3300
db_buhler_1_dsp;;1,5968E+18;14.62;1596.5;986; OK;0;1022;193139;35;2.6;2.6;2.5;2.2;13/05/2020 13:24;5.15;1.81;1.24;29;3.18;2.04;26.08;12.62;4.49;8.31;dsp_parametros_60.txt;1046;1011;36;25;83.9;42.4;73.7;22057;6.7;64;629;53.2;184296;0;768;177;170;3.99;750;190;66;29.62;12.07;0.95;57;data;166;'-13;151;63;'-16;125;124;684;0;0;3.428;94.4;0.108;4.529;0;3;3300;3300
db_buhler_1_dsp;;1,5968E+18;14.66;1596.5;986; OK;0;1022;193140;36;2.6;2.6;2.5;2.2;13/05/2020 13:26;5.13;1.82;1.24;28;3.2;2.05;26.28;12.62;4.5;8.29;dsp_parametros_60.txt;1047;1011;37;26;81.3;41.8;73.4;22046;6.7;65;629;53.2;184297;0;768;177;170;3.99;749;191;65;29.88;12.06;0.95;58;data;166;'-13;151;63;'-16;125;124;685;0;0;3.437;94.9;0.108;4.723;0;3;3300;3300
db_buhler_1_dsp;;1,5968E+18;14.82;1596.3;984; OK;0;1017;193452;35;2.6;2.6;2.5;2.2;15/05/2020 07:36;5.13;1.83;1.25;34;3.19;2.12;26.46;12.6;4.56;8.3;dsp_parametros_60.txt;1041;1006;36;25;83.8;42;74.4;22063;6.72;377;624;53.2;184609;0;765;173;166;3.99;750;192;69;29.94;12.06;0.96;76;data;165;'-13;148;60;'-16;122;121;686;0;0;3.491;95.4;0.106;4.725;0;3;3300;3300
db_buhler_1_dsp;;1,5968E+18;14.31;1596.5;986; OK;0;1022;193168;35;2.7;2.6;2.6;2.3;13/05/2020 14:25;5.13;1.81;1.24;29;3.18;2.07;25.96;12.62;4.53;8.32;dsp_parametros_60.txt;1046;1011;37;26;81.1;42.2;74;22082;6.74;93;629;53;184325;0;768;177;170;3.98;749;192;66;30.16;12.11;0.96;86;data;166;'-13;151;63;'-16;124;123;683;0;0;3.463;95;0.108;4.489;0;3;3300;3300
db_buhler_1_dsp;;1,5968E+18;14.98;1596.6;986; OK;0;1021;193224;36;2.6;2.6;2.5;2.2;13/05/2020 15:54;5.13;1.82;1.25;29;3.18;2.07;26.26;12.62;4.49;8.33;dsp_parametros_60.txt;1046;1010;37;26;81;42.1;74.3;22016;6.68;149;628;53.1;184381;0;767;177;170;3.98;749;191;65;29.64;12.03;0.95;142;data;166;'-13;151;64;'-16;125;124;686;0;0;3.424;94.9;0.108;4.582;0;3;3300;3300
db_buhler_1_dsp;;1,5968E+18;14.76;1596.5;986; OK;0;1021;193228;36;2.6;2.6;2.6;2.2;13/05/2020 16:00;5.13;1.81;1.24;29;3.18;2.06;26.38;12.6;4.5;8.34;dsp_parametros_60.txt;1046;1010;37;26;82;40.9;73.5;22093;6.74;153;628;53.2;184385;0;767;177;170;3.99;751;192;65;29.94;12.11;0.95;146;data;167;'-13;151;64;'-16;125;125;685;0;0;3.431;95.1;0.107;4.755;0;3;3300;3300
db_buhler_1_dsp;;1,5968E+18;14.63;1596.2;985; OK;0;1018;193341;35;2.7;2.8;2.6;2.5;15/05/2020 04:04;5.12;1.7;1.18;33;3.21;2.3;26.86;12.62;4.62;8.58;dsp_parametros_60.txt;1042;1007;33;23;82.9;41.2;73.9;22028;6.62;266;625;53.1;184498;0;762;171;163;3.98;749;190;70;29.66;11.99;0.97;44;data;163;'-13;147;56;'-16;119;118;683;0;0;3.561;95.6;0.107;4.642;0;3;3300;3300
db_buhler_1_dsp;;1,5968E+18;14.85;1596.4;984; OK;0;1018;193442;36;2.7;2.7;2.6;2.3;15/05/2020 07:20;5.11;1.82;1.24;33;3.2;2.12;26.4;12.61;4.59;8.32;dsp_parametros_60.txt;1042;1006;38;27;83.3;42.5;74.1;22072;6.68;367;624;53.2;184599;0;765;173;166;3.99;749;191;68;29.7;12.05;0.97;66;data;165;'-13;148;60;'-16;122;121;684;0;0;3.525;95;0.107;4.629;0;3;3300;3300
db_buhler_1_dsp;;1,5968E+18;14.59;1596.4;984; OK;0;1018;193403;36;2.6;2.6;2.5;2.3;15/05/2020 06:18;5.13;1.83;1.25;33;3.21;2.17;26.42;12.62;4.58;8.31;dsp_parametros_60.txt;1042;1006;34;24;82.6;42.4;74.6;22027;6.72;328;624;53.1;184560;0;764;173;166;3.98;750;193;70;29.26;12.08;0.97;27;data;165;'-13;147;59;'-16;121;120;681;0;0;3.515;94.5;0.107;4.804;0;3;3300;3300
db_buhler_1_dsp;;1,5968E+18;14.61;1596.4;984; OK;0;1017;193421;34;2.7;2.7;2.5;2.3;15/05/2020 06:47;5.13;1.83;1.23;35;3.2;2.14;26.52;12.61;4.57;8.31;dsp_parametros_60.txt;1040;1006;36;26;84.2;43.4;74.8;22060;6.66;346;624;53.2;184578;0;765;173;166;3.99;750;192;69;29.82;12;0.97;45;data;166;'-13;148;59;'-16;122;121;686;0;0;3.507;95.3;0.107;4.531;0;3;3300;3300
db_buhler_1_dsp;;1,5968E+18;14.79;1596.4;985; OK;0;1018;193533;36;2.7;2.7;2.6;2.3;15/05/2020 09:45;5.12;1.82;1.25;32;3.2;2.11;26.36;12.61;4.56;8.32;dsp_parametros_60.txt;1043;1007;36;25;83.3;42.9;73.8;22048;6.72;458;625;53.2;184690;0;765;174;167;3.99;750;190;68;29.92;12.08;0.96;157;data;166;'-13;148;62;'-16;123;122;684;0;0;3.492;95.1;0.107;4.815;0;3;3300;3300
db_buhler_1_dsp;;1,5968E+18;14.61;1596.6;985; OK;0;1020;193194;36;2.6;2.5;2.5;2.2;13/05/2020 15:07;5.12;1.82;1.24;30;3.18;2.11;26.22;12.61;4.51;8.49;dsp_parametros_60.txt;1045;1009;36;24;81.9;41.6;73.5;22038;6.74;119;627;53.1;184351;0;767;177;170;3.98;750;190;65;29.58;12.11;0.95;112;data;166;'-13;151;63;'-16;125;124;683;0;0;3.447;94.8;0.107;4.853;0;3;3300;3300
db_buhler_1_dsp;;1,5968E+18;15.27;1596.6;985; OK;0;1020;193837;36;2.6;2.7;2.5;2.3;15/05/2020 20:21;5.12;1.85;1.24;31;3.21;2.09;27.22;12.61;4.53;8.41;dsp_parametros_60.txt;1044;1008;37;26;81.8;40.8;74.2;22008;6.66;762;626;53.2;184994;0;766;175;168;3.99;749;190;66;29.64;12.02;0.96;45;data;165;'-13;150;59;'-16;123;123;684;0;0;3.467;95.9;0.107;4.641;0;3;3300;3300
db_buhler_1_dsp;;1,5968E+18;14.52;1596.5;986; OK;0;1021;193117;36;2.7;2.6;2.5;2.2;13/05/2020 12:49;5.13;1.81;1.25;29;3.19;2.11;26.2;12.6;4.53;8.31;dsp_parametros_60.txt;1046;1010;36;25;81;42.1;73.8;22043;6.72;42;628;53.1;184274;0;766;177;170;3.98;750;191;66;29.88;12.08;0.96;35;data;166;'-13;151;63;127;125;124;686;0;0;3.462;95;0.108;4.839;0;3;3300;3300
db_buhler_1_dsp;;1,5968E+18;14.93;1596.4;984; OK;0;1018;193508;36;2.7;2.7;2.5;2.2;15/05/2020 09:05;5.13;1.82;1.24;33;3.2;2.11;26.58;12.61;4.53;8.42;dsp_parametros_60.txt;1042;1006;38;27;83.8;41.7;74.7;22050;6.66;433;624;53.2;184665;0;767;174;167;3.99;749;192;68;29.62;12.01;0.96;132;data;166;'-13;148;61;'-16;123;122;682;0;0;3.468;95;0.107;4.614;0;3;3300;3300
db_buhler_1_dsp;;1,5968E+18;14.93;1596.5;985; OK;0;1017;193559;36;2.6;2.7;2.6;2.3;15/05/2020 10:46;5.13;1.83;1.24;33;3.19;2.11;26.54;12.6;4.54;8.31;dsp_parametros_60.txt;1042;1006;38;27;81.9;43.4;74.1;22054;6.68;484;624;53.2;184716;0;767;174;167;3.99;750;191;68;29.68;12.03;0.96;183;data;166;'-13;148;62;'-16;123;123;683;0;0;3.471;95;0.106;4.78;0;3;3300;3300
db_buhler_1_dsp;;1,5968E+18;14.75;1596.5;985; OK;0;1017;193568;36;2.6;2.7;2.6;2.3;15/05/2020 11:00;5.13;1.85;1.24;34;3.21;2.12;26.42;12.6;4.55;8.37;dsp_parametros_60.txt;1041;1005;36;26;82.8;42.5;75.6;22085;6.66;493;623;53.2;184725;0;766;174;168;3.99;749;191;68;29.82;12.02;0.96;192;data;166;'-13;149;62;'-16;123;123;684;0;0;3.481;95;0.106;4.623;0;3;3300;3300
db_buhler_1_dsp;;1,5968E+18;14.62;1596.5;986; OK;0;1019;193577;36;2.7;2.7;2.6;2.2;15/05/2020 11:14;5.12;1.82;1.24;32;3.21;2.12;26.3;12.62;4.54;8.3;dsp_parametros_60.txt;1043;1007;37;26;83.6;41.7;74.3;22050;6.7;502;625;53;184734;0;765;174;168;3.97;750;193;70;29.9;12.07;0.96;201;data;166;'-13;147;62;'-16;123;123;685;0;0;3.487;95;0.106;4.792;0;3;3300;3300
db_buhler_1_dsp;;1,5968E+18;14.93;1596.6;985; OK;0;1021;193781;36;2.7;2.7;2.6;2.4;15/05/2020 17:52;5.12;1.82;1.25;30;3.21;2.11;27.1;12.62;4.53;8.35;dsp_parametros_60.txt;1045;1009;38;27;82.6;42.8;73.7;22084;6.66;706;627;53.2;184938;0;766;176;168;3.99;749;190;66;29.94;12.02;0.96;179;data;165;'-13;149;62;'-16;123;123;686;0;0;3.468;96;0.107;4.655;0;3;3300;3300
db_buhler_1_dsp;;1,5968E+18;14.4;1596.5;987; OK;0;1023;193112;36;2.7;2.6;2.7;2.3;13/05/2020 12:41;5.13;1.78;1.26;27;3.19;2.07;25.94;12.61;4.51;8.42;dsp_parametros_60.txt;1048;1012;37;26;83;42.6;74.1;22047;6.68;37;630;53.1;184269;0;766;177;170;3.98;751;191;65;29.94;12.03;0.96;30;data;167;'-13;152;62;127;125;124;685;0;0;3.445;94.7;0.108;4.755;0;3;3300;3300
db_buhler_1_dsp;;1,5968E+18;14.91;1596.4;984; OK;0;1018;193526;35;2.7;2.7;2.6;2.3;15/05/2020 09:34;5.12;1.82;1.24;33;3.2;2.09;26.58;12.61;4.57;8.34;dsp_parametros_60.txt;1042;1007;37;27;82.2;42.6;75.8;22089;6.74;451;625;53.2;184683;0;765;174;167;3.99;750;192;66;29.6;12.11;0.96;150;data;166;'-13;148;61;'-16;123;122;687;0;0;3.504;95.1;0.107;4.726;0;3;3300;3300
db_buhler_1_dsp;;1,5968E+18;14.83;1596.5;985; OK;0;1018;193668;36;2.7;2.7;2.5;2.2;15/05/2020 13:50;5.13;1.87;1.24;33;3.21;2.11;26.88;12.62;4.51;8.33;dsp_parametros_60.txt;1042;1006;37;26;82.2;41.9;74.6;22026;6.74;593;624;53.1;184825;0;767;175;168;3.98;750;191;67;29.92;12.09;0.96;66;data;165;'-13;146;64;'-16;123;123;678;0;0;3.444;95.7;0.107;4.596;0;3;3300;3300
db_buhler_1_dsp;;1,5968E+18;14.99;1596.6;984; OK;0;1018;193698;36;2.7;2.7;2.6;2.2;15/05/2020 14:38;5.12;1.83;1.24;33;3.2;2.08;26.8;12.61;4.56;8.49;dsp_parametros_60.txt;1042;1006;37;25;82.5;42.4;74;22040;6.66;623;624;53;184855;0;766;175;168;3.98;750;191;68;29.5;12.02;0.96;96;data;166;'-13;147;65;'-16;124;123;688;0;0;3.496;95.3;0.107;4.742;0;3;3300;3300
db_buhler_1_dsp;;1,5968E+18;14.68;1596.3;985; OK;0;1018;193416;35;2.6;2.7;2.5;2.3;15/05/2020 06:39;5.13;1.84;1.24;33;3.2;2.17;26.42;12.62;4.59;8.31;dsp_parametros_60.txt;1042;1007;36;26;83.5;40.9;74.4;22064;6.64;341;625;53.1;184573;0;765;173;166;3.98;749;192;69;30.1;11.99;0.97;40;data;165;'-13;148;59;'-16;122;121;686;0;0;3.53;95.3;0.107;4.594;0;3;3300;3300
db_buhler_1_dsp;;1,5968E+18;14.76;1596.7;988;LOK;0;1021;193808;37;2.6;2.7;2.6;2.5;15/05/2020 19:35;5.12;1.82;1.24;30;3.22;2.23;25.98;12.6;4.7;8.05;dsp_parametros_60.txt;1045;1008;35;26;82.4;41.2;74.1;21958;6.66;733;626;52.4;184965;0;765;175;168;3.93;750;191;68;30.18;12.02;0.97;16;data;162;'-13;146;61;'-16;110;110;686;0;0;3.629;94.9;0.107;4.788;0;3;3300;3300
db_buhler_1_dsp;;1,5968E+18;14.74;1596.5;986; OK;0;1018;193580;37;2.7;2.7;2.5;2.2;15/05/2020 11:19;5.13;1.82;1.24;32;3.21;2.12;26.3;12.62;4.54;8.3;dsp_parametros_60.txt;1043;1006;36;26;82.8;42.2;74.6;22054;6.74;505;624;53.2;184737;0;767;174;168;3.99;749;191;67;29.92;12.11;0.96;204;data;166;'-13;148;62;'-16;123;123;686;0;0;3.474;95.1;0.107;4.767;0;3;3300;3300
db_buhler_1_dsp;;1,5968E+18;14.61;1596.5;985; OK;0;1019;193678;35;2.8;2.8;2.6;2.3;15/05/2020 14:06;5.13;1.85;1.24;32;3.21;2.1;26.4;12.6;4.52;8.38;dsp_parametros_60.txt;1043;1008;37;26;82.8;41.7;74.9;22047;6.72;603;626;53.2;184835;0;767;175;168;3.99;750;192;68;29.92;12.09;0.96;76;data;166;'-13;147;64;'-16;123;123;683;0;0;3.451;95.2;0.107;4.664;0;3;3300;3300
db_buhler_1_dsp;;1,5968E+18;15.33;1596.6;986; OK;0;1020;193780;35;2.7;2.7;2.6;2.4;15/05/2020 17:50;5.12;1.83;1.25;31;3.21;2.1;26.66;12.61;4.52;8.37;dsp_parametros_60.txt;1044;1009;38;27;83.4;42.7;73.7;22062;6.7;705;627;53.2;184937;0;767;176;168;3.99;751;192;68;29.88;12.06;0.96;178;data;165;'-13;150;62;'-16;123;123;686;0;0;3.456;95.4;0.107;4.495;0;3;3300;3300
db_buhler_1_dsp;;1,5968E+18;13.6;1596.5;930;BAD;0;1015;193534;19;2.8;2.9;2.7;2.5;15/05/2020 10:05;5.12;1.85;1.24;42;3.2;2.11;26.56;12.61;4.99;7.92;dsp_parametros_60.txt;1033;1014;36;23;0;0;'-0.1;22211;26.22;459;632;25.8;184691;0;313;178;171;1.93;248;191;27;30.18;31.79;0.98;158;data;77;'-13;66;57;'-16;84;79;685;0;0;3.932;1247.4;0.201;5.456;0;3;3300;3300
db_buhler_1_dsp;;1,5968E+18;14.85;1596.3;984; OK;0;1017;193468;35;2.6;2.6;2.4;2.2;15/05/2020 08:01;5.13;1.85;1.25;35;3.19;2.12;26.64;12.62;4.57;8.61;dsp_parametros_60.txt;1040;1005;35;24;83.7;42.5;74.8;22087;6.68;393;623;52.9;184625;0;765;173;166;3.97;750;191;71;29.96;12.04;0.96;92;data;165;'-13;148;60;'-16;122;122;683;0;0;3.501;95.7;0.107;4.485;0;3;3300;3300
db_buhler_1_dsp;;1,5968E+18;14.57;1596.4;985; OK;0;1018;193579;37;2.7;2.7;2.6;2.3;15/05/2020 11:17;5.13;1.83;1.25;33;3.21;2.1;26.34;12.62;4.55;8.28;dsp_parametros_60.txt;1042;1005;37;26;82.7;42.5;75.1;22056;6.74;504;623;53.2;184736;0;767;174;168;3.99;750;190;68;30.18;12.1;0.96;203;data;166;'-13;148;62;'-16;123;123;685;0;0;3.483;95.3;0.106;4.723;0;3;3300;3300
db_buhler_1_dsp;;1,5968E+18;14.93;1596.6;985; OK;0;1019;193695;35;2.7;2.7;2.5;2.2;15/05/2020 14:33;5.12;1.83;1.24;32;3.21;2.12;26.3;12.61;4.53;8.36;dsp_parametros_60.txt;1043;1008;37;26;81.9;43;74.5;22029;6.66;620;626;53.2;184852;0;768;175;168;3.99;750;192;66;29.66;12.03;0.96;93;data;166;'-13;148;65;'-16;124;123;688;0;0;3.466;94.8;0.107;4.682;0;3;3300;3300
db_buhler_1_dsp;;1,5968E+18;14.85;1596.6;984; OK;0;1018;193759;36;2.7;2.7;2.5;2.3;15/05/2020 16:39;5.12;1.84;1.24;32;3.2;2.09;26.62;12.62;4.51;8.37;dsp_parametros_60.txt;1043;1007;36;25;83.4;42.1;73.8;22072;6.66;684;625;53.2;184916;0;766;176;169;3.99;751;192;65;29.98;12.01;0.96;157;data;165;'-13;149;64;'-16;124;124;688;0;0;3.443;95.4;0.107;4.813;0;3;3300;3300
db_buhler_1_dsp;;1,5968E+18;15.13;1596.6;986; OK;0;1021;193848;35;2.7;2.7;2.6;2.4;15/05/2020 20:39;5.12;1.82;1.25;30;3.2;2.07;26.56;12.61;4.53;8.36;dsp_parametros_60.txt;1045;1010;36;25;83.5;41.5;73.9;22034;6.72;773;628;53.1;185005;0;768;175;168;3.98;749;191;67;30.16;12.07;0.96;56;data;166;'-13;150;59;'-16;123;124;688;0;0;3.466;95.8;0.107;4.734;0;3;3300;3300
db_buhler_1_dsp;;1,5968E+18;15.18;1596.6;985; OK;0;1021;193869;35;2.7;3.1;2.8;2.8;15/05/2020 22:42;5.13;1.83;1.24;31;3.21;2.15;26.82;12.61;4.67;8.61;dsp_parametros_60.txt;1044;1009;36;25;83.5;41.7;73.8;22014;6.72;794;627;53.2;185026;0;765;174;168;3.99;750;189;68;29.62;12.09;0.97;77;data;164;'-13;151;57;'-16;120;120;685;0;0;3.609;95.7;0.108;4.532;0;3;3300;3300
db_buhler_1_dsp;;1,5968E+18;13.6;1596.7;930;BAD;0;1012;193725;22;2.7;2.8;2.6;2.5;15/05/2020 15:45;5.12;1.6;1.25;41;3.16;2.16;25.12;12.62;4.95;8.4;dsp_parametros_60.txt;1034;1012;0;0;0;0;0;21969;17.34;650;630;25.8;184882;0;308;176;166;1.94;250;195;21;29.82;22.72;0.96;123;data;174;'-13;133;67;'-16;129;121;683;0;0;3.908;104.9;0.201;5.188;0;3;3300;3300
db_buhler_1_dsp;;1,5968E+18;14.97;1596.6;985; OK;0;1021;193776;35;2.6;2.7;2.5;2.4;15/05/2020 17:44;5.13;1.83;1.25;30;3.21;2.09;26.76;12.62;4.57;8.35;dsp_parametros_60.txt;1045;1010;36;26;81.8;42.8;73.9;22040;6.76;701;628;53.2;184933;0;766;176;169;3.99;750;190;66;29.66;12.12;0.96;174;data;165;'-13;150;62;'-16;121;121;686;0;0;3.501;95.6;0.107;4.612;0;3;3300;3300
db_buhler_1_dsp;;1,5968E+18;13.67;1596.7;930;BAD;0;1012;193806;24;2.7;2.8;2.7;2.7;15/05/2020 19:32;5.12;1.59;1.25;39;3.19;2.26;25.22;12.61;5.21;7.74;dsp_parametros_60.txt;1036;1012;0;0;0.1;0;'-0.1;21694;13.26;731;630;25.8;184963;0;299;176;167;1.94;251;189;31;29.86;18.63;0.97;14;data;135;'-13;109;61;'-16;100;98;686;0;0;4.166;101;0.201;5.726;0;3;3300;3300
db_buhler_1_dsp;;1,5968E+18;15.03;1596.6;984; OK;0;1020;193797;35;2.8;2.8;2.6;2.4;15/05/2020 18:17;5.12;1.84;1.24;31;3.21;2.09;26.8;12.61;4.54;8.32;dsp_parametros_60.txt;1044;1009;37;26;81.7;42.9;73.7;22061;6.72;722;627;53;184954;0;765;176;168;3.98;749;193;68;29.92;12.07;0.96;5;data;165;'-13;150;62;'-16;124;124;686;0;0;3.478;95.5;0.107;4.65;0;3;3300;3300
db_buhler_1_dsp;;1,5968E+18;14.65;1596.7;986; OK;0;1023;193860;36;2.6;3.1;2.7;2.9;15/05/2020 22:28;5.13;1.8;1.25;28;3.21;2.25;26.5;12.62;4.61;8.52;dsp_parametros_60.txt;1047;1011;36;25;82.6;40.6;73.3;22026;6.74;785;629;53.1;185017;0;765;175;168;3.98;750;191;66;30.2;12.11;0.97;68;data;162;'-13;151;58;'-16;114;114;684;0;0;3.544;96;0.108;4.734;0;3;3300;3300
db_buhler_1_dsp;;1,5968E+18;14.78;1596.4;985; OK;0;1018;193489;36;2.6;2.7;2.6;2.2;15/05/2020 08:35;5.13;1.82;1.24;32;3.2;2.13;26.58;12.61;4.55;8.33;dsp_parametros_60.txt;1043;1007;36;25;84.5;42.5;74.1;22068;6.68;414;625;53.2;184646;0;766;173;166;3.99;750;191;67;29.64;12.04;0.96;113;data;166;'-13;148;61;'-16;123;122;688;0;0;3.496;95;0.107;4.911;0;3;3300;3300
db_buhler_1_dsp;;1,5968E+18;14.72;1596.5;984; OK;0;1018;193639;37;2.6;2.6;2.5;2.2;15/05/2020 13:04;5.13;1.84;1.24;32;3.21;2.08;26.36;12.61;4.56;8.32;dsp_parametros_60.txt;1043;1006;36;25;84.5;41.6;75.3;22045;6.7;564;624;53.2;184796;0;766;175;168;3.99;748;191;67;29.66;12.07;0.96;37;data;166;'-13;147;63;'-16;123;123;683;0;0;3.491;95;0.107;4.896;0;3;3300;3300
db_buhler_1_dsp;;1,5968E+18;14.96;1596.6;984; OK;0;1018;193664;37;2.7;2.7;2.5;2.3;15/05/2020 13:44;5.12;1.84;1.24;32;3.21;2.11;26.96;12.62;4.56;8.28;dsp_parametros_60.txt;1043;1006;37;26;82.1;40.9;73.6;22059;6.76;589;624;53.2;184821;0;766;175;168;3.99;750;190;66;30.22;12.13;0.96;62;data;165;'-13;147;64;'-16;123;123;686;0;0;3.492;96;0.107;4.974;0;3;3300;3300
db_buhler_1_dsp;;1,5968E+18;14.9;1596.5;985; OK;0;1019;193674;36;2.7;2.7;2.5;2.2;15/05/2020 14:00;5.13;1.83;1.24;32;3.2;2.09;26.58;12.61;4.53;8.45;dsp_parametros_60.txt;1043;1007;36;25;82.6;42.5;74.6;22064;6.68;599;625;53.1;184831;0;768;175;168;3.98;751;192;67;29.7;12.02;0.96;72;data;166;'-13;147;64;'-16;124;123;681;0;0;3.469;95.2;0.107;4.654;0;3;3300;3300
db_buhler_1_dsp;;1,5968E+18;15.18;1596.5;984; OK;0;1016;193721;36;2.8;2.8;2.6;2.3;15/05/2020 15:14;5.15;1.82;1.25;34;3.21;2.1;26.64;12.61;4.52;8.63;dsp_parametros_60.txt;1041;1005;36;25;82.9;41.4;73.9;22053;6.66;646;623;53.1;184878;0;766;175;168;3.98;751;190;67;29.88;12.04;0.96;119;data;166;'-13;148;64;'-16;124;124;685;0;0;3.455;95.7;0.107;4.693;0;3;3300;3300
db_buhler_1_dsp;;1,5968E+18;15.27;1596.7;984; OK;0;1019;193774;36;2.6;2.7;2.5;2.4;15/05/2020 17:41;5.11;1.84;1.24;32;3.21;2.12;26.62;12.62;4.5;8.37;dsp_parametros_60.txt;1043;1007;35;25;83.5;43;74.2;21996;6.68;699;625;53.2;184931;0;767;176;169;3.99;749;189;67;29.88;12.05;0.96;172;data;164;'-13;149;62;'-16;120;120;686;0;0;3.446;95.3;0.107;4.612;0;3;3300;3300
db_buhler_1_dsp;;1,5968E+18;14.96;1596.7;985; OK;0;1020;193810;36;2.6;2.7;2.6;2.5;15/05/2020 19:38;5.13;1.81;1.25;30;3.21;2.18;26.52;12.62;4.62;8.31;dsp_parametros_60.txt;1045;1009;37;27;83.2;41.4;75;22021;6.72;735;627;53.2;184967;0;764;175;168;3.99;750;190;68;29.54;12.09;0.97;18;data;163;'-13;150;61;'-16;114;114;686;0;0;3.554;95;0.107;4.736;0;3;3300;3300
db_buhler_1_dsp;;1,5968E+18;14.86;1596.6;985; OK;0;1021;193862;35;2.6;3;2.7;2.8;15/05/2020 22:31;5.13;1.8;1.24;30;3.21;2.23;26.38;12.62;4.6;8.2;dsp_parametros_60.txt;1045;1010;36;26;82.9;41.5;74.4;22073;6.74;787;628;53.1;185019;0;764;174;168;3.98;750;192;69;30.12;12.11;0.97;70;data;163;'-13;152;58;'-16;116;116;684;0;0;3.538;95.5;0.108;4.667;0;3;3300;3300
db_buhler_1_dsp;;1,5968E+18;14.88;1596.5;984; OK;0;1017;193519;36;2.7;2.7;2.6;2.2;15/05/2020 09:22;5.13;1.83;1.24;33;3.2;2.11;26.64;12.62;4.56;8.38;dsp_parametros_60.txt;1042;1006;38;28;82.5;43.8;74.8;22068;6.62;444;624;53.1;184676;0;765;174;167;3.98;750;190;67;30.18;11.97;0.96;143;data;166;'-13;148;61;'-16;123;122;685;0;0;3.494;95.6;0.107;4.946;0;3;3300;3300
db_buhler_1_dsp;;1,5968E+18;14.29;1596.3;983; OK;0;1016;193911;34;2.8;3;2.8;2.8;20/05/2020 10:50;5.15;1.64;1.11;35;3.3;2.89;26.62;12.61;4.8;8.36;dsp_parametros_60.txt;1040;1006;37;29;56.4;43.9;65;22103;6.76;836;624;53;185068;0;755;174;167;3.97;750;189;67;29.94;12.2;1.02;13;data;168;'-13;113;149;121;116;110;683;0;0;3.739;95.9;0.107;5.026;0;3;3300;3300
db_buhler_1_dsp;;1,5968E+18;14.86;1596.5;984; OK;0;1018;193666;36;2.7;2.7;2.5;2.2;15/05/2020 13:47;5.13;1.69;1.19;33;3.21;2.25;27;12.61;4.54;8.33;dsp_parametros_60.txt;1042;1006;36;25;82.6;42.3;74.1;22053;6.74;591;624;53.2;184823;0;766;175;168;3.99;749;192;67;30.12;12.11;0.96;64;data;165;'-13;147;64;'-16;123;123;684;0;0;3.476;96.1;0.107;4.78;0;3;3300;3300
db_buhler_1_dsp;;1,5968E+18;15.31;1596.6;985; OK;0;1020;193816;36;2.6;2.7;2.5;2.4;15/05/2020 19:47;5.13;1.82;1.24;31;3.21;2.12;26.88;12.62;4.56;8.34;dsp_parametros_60.txt;1044;1008;36;25;83.7;41.9;74.1;22008;6.72;741;626;53.2;184973;0;765;175;168;3.99;750;190;66;29.9;12.09;0.97;24;data;164;'-13;150;60;'-16;119;119;687;0;0;3.497;95.7;0.107;4.539;0;3;3300;3300
db_buhler_1_dsp;;1,5968E+18;15.09;1596.6;984; OK;0;1019;193819;36;2.6;2.7;2.5;2.4;15/05/2020 19:52;5.13;1.83;1.24;32;3.21;2.14;26.96;12.61;4.54;8.35;dsp_parametros_60.txt;1043;1007;37;27;82.2;40.6;74.1;22030;6.72;744;625;53.2;184976;0;766;175;168;3.99;749;190;68;29.54;12.08;0.96;27;data;165;'-13;152;59;'-16;121;121;684;0;0;3.488;95.5;0.107;4.619;0;3;3300;3300
db_buhler_1_dsp;;1,5968E+18;14.84;1596.2;986; OK;0;1019;193349;35;2.7;2.7;2.6;2.4;15/05/2020 04:16;5.12;1.81;1.24;32;3.22;2.22;26.78;12.62;4.62;8.33;dsp_parametros_60.txt;1043;1008;33;23;81.9;41.9;74.3;22049;6.68;274;626;53.2;184506;0;764;171;164;3.99;749;190;72;29.68;12.05;0.97;52;data;163;'-12;147;57;'-16;119;119;685;0;0;3.569;95.4;0.107;4.803;0;3;3300;3300
db_buhler_1_dsp;;1,5968E+18;14.3;1596.5;986; OK;0;1021;193172;36;2.6;2.6;2.6;2.3;13/05/2020 14:32;5.13;1.78;1.25;29;3.18;2.07;26.08;12.62;4.52;8.33;dsp_parametros_60.txt;1046;1010;37;26;82.4;40.9;73.7;22044;6.68;97;628;53.1;184329;0;769;177;170;3.98;750;190;66;30.24;12.04;0.95;90;data;166;'-13;150;63;'-16;124;123;684;0;0;3.454;95.4;0.107;4.819;0;3;3300;3300
db_buhler_1_dsp;;1,5968E+18;13.6;1596.6;930;BAD;0;1016;193233;20;2.7;2.7;2.6;2.4;13/05/2020 16:26;5.12;1.8;1.25;39;3.15;2.09;26.1;12.61;4.92;9.14;dsp_parametros_60.txt;1036;1016;41;27;0.1;0;'-0.1;22170;33.96;158;634;25.8;184390;0;308;182;174;1.94;250;189;24;29.9;39.69;0.96;151;data;98;'-13;91;63;'-16;99;94;686;0;0;3.862;827.2;0.201;4.858;0;3;3300;3300
db_buhler_1_dsp;;1,5968E+18;14.51;1596.6;986; OK;0;1021;193149;36;2.7;2.6;2.6;2.3;13/05/2020 13:40;5.12;1.82;1.25;29;3.18;2.05;26.16;12.62;4.5;8.35;dsp_parametros_60.txt;1046;1010;36;25;81.7;41.6;72.8;22045;6.66;74;628;53.2;184306;0;768;177;170;3.99;750;193;66;30.2;12.02;0.96;67;data;166;'-13;150;63;'-16;125;124;686;0;0;3.432;95.1;0.108;4.824;0;3;3300;3300
db_buhler_1_dsp;;1,5968E+18;14.91;1596.4;985; OK;0;1018;193485;36;2.6;2.6;2.5;2.2;15/05/2020 08:28;5.12;1.83;1.24;32;3.2;2.12;26.48;12.62;4.54;8.33;dsp_parametros_60.txt;1043;1007;36;26;83;43.1;74.7;22003;6.68;410;625;53.2;184642;0;765;173;166;3.99;750;190;68;29.54;12.04;0.96;109;data;166;'-13;148;61;'-16;123;122;686;0;0;3.471;94.8;0.107;4.806;0;3;3300;3300
db_buhler_1_dsp;;1,5968E+18;14.23;1596.5;987;LOK;0;1018;193538;36;2.6;2.7;2.6;2.3;15/05/2020 10:12;5.15;1.82;1.24;33;3.19;2.2;25.86;12.61;4.65;8.3;dsp_parametros_60.txt;1042;1006;38;27;83.6;42.7;75.1;22042;6.8;463;624;52.3;184695;0;766;174;167;3.92;749;192;69;29.68;12.16;0.96;162;data;168;'-13;145;62;'-16;121;118;684;0;0;3.582;94.8;0.107;4.818;0;3;3300;3300
db_buhler_1_dsp;;1,5968E+18;14.93;1596.4;984; OK;0;1018;193497;36;2.6;2.6;2.6;2.3;15/05/2020 08:47;5.13;1.83;1.25;33;3.19;2.1;26.58;12.61;4.54;8.31;dsp_parametros_60.txt;1042;1006;37;26;84.8;42;75.4;22057;6.66;422;624;53.2;184654;0;765;173;167;3.99;750;189;68;29.62;12.01;0.96;121;data;166;'-13;148;61;'-16;123;122;686;0;0;3.474;94.9;0.107;4.725;0;3;3300;3300
db_buhler_1_dsp;;1,5968E+18;14.65;1596.5;986; OK;0;1022;193210;36;2.6;2.6;2.6;2.2;13/05/2020 15:32;5.12;1.8;1.24;28;3.18;2.07;26.24;12.61;4.48;8.33;dsp_parametros_60.txt;1047;1011;37;26;81.8;41.7;72.7;22044;6.72;135;629;53.1;184367;0;768;177;170;3.98;750;191;64;29.9;12.09;0.95;128;data;166;'-13;150;64;'-16;125;124;685;0;0;3.412;95.1;0.107;4.593;0;3;3300;3300
db_buhler_1_dsp;;1,5968E+18;14.71;1596.5;986; OK;0;1022;193211;35;2.6;2.6;2.6;2.2;13/05/2020 15:33;5.12;1.79;1.24;29;3.18;2.06;26.28;12.62;4.48;8.4;dsp_parametros_60.txt;1046;1011;37;26;83.8;42;74.1;22066;6.66;136;629;53;184368;0;769;177;170;3.98;750;192;65;29.62;12.01;0.95;129;data;166;'-13;151;64;'-16;125;124;686;0;0;3.417;94.7;0.108;4.481;0;3;3300;3300
db_buhler_1_dsp;;1,5968E+18;14.58;1596.5;986; OK;0;1021;193216;37;2.6;2.6;2.6;2.2;13/05/2020 15:41;5.12;1.8;1.25;29;3.18;2.09;26.3;12.62;4.51;8.34;dsp_parametros_60.txt;1046;1009;38;27;82.4;41.4;75.2;22060;6.7;141;627;53.2;184373;0;767;177;170;3.99;749;188;65;29.54;12.06;0.95;134;data;167;'-13;151;64;'-16;125;124;686;0;0;3.449;94.6;0.108;4.801;0;3;3300;3300
db_buhler_1_dsp;;1,5968E+18;14.63;1596.5;986; OK;0;1022;193221;37;2.6;2.6;2.6;2.2;13/05/2020 15:49;5.15;1.81;1.26;28;3.19;2.08;26.14;12.61;4.49;8.33;dsp_parametros_60.txt;1047;1010;37;26;81.2;41.3;73.7;22019;6.8;146;628;53;184378;0;767;177;170;3.98;750;189;67;29.88;12.15;0.95;139;data;166;'-13;150;64;'-16;125;124;685;0;0;3.432;95.1;0.108;4.78;0;3;3300;3300
db_buhler_1_dsp;;1,5968E+18;14.71;1596.6;986; OK;0;1020;193222;37;2.6;2.6;2.6;2.2;13/05/2020 15:51;5.15;1.8;1.24;29;3.18;2.09;26.3;12.61;4.47;8.31;dsp_parametros_60.txt;1046;1009;37;25;82.2;41.9;73.2;22032;6.72;147;627;53.1;184379;0;767;177;170;3.98;750;190;65;29.6;12.08;0.95;140;data;166;'-13;149;64;'-16;125;124;686;0;0;3.41;94.9;0.107;4.822;0;3;3300;3300
db_buhler_1_dsp;;1,5968E+18;14.31;1596.6;985; OK;0;1020;193242;37;2.6;2.5;2.5;2.3;13/05/2020 16:41;5.12;1.79;1.25;30;3.19;2.13;26.04;12.61;4.53;8.09;dsp_parametros_60.txt;1045;1008;40;27;80.6;38.7;65;22055;26.16;167;626;53.1;184399;0;766;177;170;3.98;750;192;67;29.86;31.55;0.95;160;data;155;'-13;137;63;'-16;120;118;684;0;0;3.466;114;0.107;4.697;0;3;3300;3300
db_buhler_1_dsp;;1,5968E+18;14.46;1596.6;986; OK;0;1022;193286;36;2.6;2.6;2.5;2.2;13/05/2020 17:52;5.15;1.83;1.24;29;3.18;2.09;26.12;12.62;4.52;8.37;dsp_parametros_60.txt;1046;1010;37;26;81.2;41.9;75.1;22049;6.74;211;628;53.1;184443;0;767;177;170;3.98;751;192;65;29.64;12.08;0.96;204;data;166;'-13;151;64;'-16;125;124;684;0;0;3.456;94.6;0.108;4.454;0;3;3300;3300
db_buhler_1_dsp;;1,5968E+18;14.71;1596.6;986; OK;0;1022;193295;36;2.7;2.7;2.6;2.3;13/05/2020 18:06;5.15;1.82;1.23;28;3.19;2.07;26.36;12.61;4.5;8.31;dsp_parametros_60.txt;1047;1011;37;26;80.5;42.5;73.9;22053;6.66;220;629;53.1;184452;0;768;177;170;3.98;750;192;65;30.12;12.02;0.96;213;data;167;'-13;150;64;'-16;125;125;688;0;0;3.437;95.4;0.108;4.783;0;3;3300;3300
db_buhler_1_dsp;;1,5968E+18;14.09;1596.3;985; OK;0;1020;193312;35;2.7;2.9;2.7;2.6;15/05/2020 03:18;5.13;1.65;1.1;31;3.27;2.91;26.2;12.62;4.83;8.47;dsp_parametros_60.txt;1044;1009;30;21;82.2;41.4;73.9;22041;6.68;237;627;53;184469;0;755;171;163;3.98;750;190;68;29.86;12.08;1;15;data;161;'-13;146;51;'-16;114;113;686;0;0;3.763;95.6;0.108;4.858;0;3;3300;3300
db_buhler_1_dsp;;1,5968E+18;14.37;1596.3;985; OK;0;1020;193317;34;2.6;2.7;2.6;2.5;15/05/2020 03:25;5.13;1.65;1.09;32;3.25;2.87;26.3;12.62;4.8;8.36;dsp_parametros_60.txt;1043;1009;34;25;83.1;42.5;74.2;22040;6.84;242;627;53.2;184474;0;756;170;163;3.99;750;191;66;29.9;12.22;1;20;data;162;'-13;147;53;'-16;116;115;684;0;0;3.734;95.5;0.108;4.754;0;3;3300;3300
db_buhler_1_dsp;;1,5968E+18;14.41;1596.3;983; OK;0;1016;193400;38;2.5;2.6;2.5;2.3;15/05/2020 06:14;5.12;1.8;1.25;35;3.21;2.19;26.34;12.62;4.59;8.39;dsp_parametros_60.txt;1040;1002;35;25;82.7;43.7;74.7;22071;6.66;325;620;52.9;184557;0;764;173;166;3.97;749;190;74;29.94;12.01;0.97;24;data;165;'-13;148;59;'-16;121;120;690;0;0;3.534;95.2;0.106;4.672;0;3;3300;3300
db_buhler_1_dsp;;1,5968E+18;14.73;1596.3;984; OK;0;1017;193434;35;2.6;2.6;2.5;2.3;15/05/2020 07:07;5.13;1.88;1.24;34;3.19;2.13;26.42;12.6;4.55;8.37;dsp_parametros_60.txt;1041;1006;37;27;83.5;42.2;74.3;22074;6.72;359;624;53.2;184591;0;766;173;166;3.99;750;191;69;29.94;12.07;0.97;58;data;165;'-13;151;60;'-16;122;121;683;0;0;3.481;95.4;0.106;4.761;0;3;3300;3300
db_buhler_1_dsp;;1,5968E+18;14.48;1596.6;985; OK;0;1020;193178;36;2.6;2.6;2.6;2.2;13/05/2020 14:41;5.13;1.82;1.25;31;3.18;2.09;25.92;12.62;4.52;8.3;dsp_parametros_60.txt;1044;1008;35;24;81.4;41.7;73;22043;6.82;103;626;53.1;184335;0;768;177;170;3.98;749;189;65;29.92;12.19;0.95;96;data;166;'-13;150;63;'-16;124;124;685;0;0;3.452;94.7;0.107;4.679;0;3;3300;3300
db_buhler_1_dsp;;1,5968E+18;14.73;1596.5;985; OK;0;1018;193550;36;2.6;2.7;2.6;2.3;15/05/2020 10:31;5.13;1.82;1.24;33;3.2;2.15;26.38;12.61;4.55;8.35;dsp_parametros_60.txt;1042;1006;37;26;81.9;41.9;73.8;22039;6.76;475;624;53.2;184707;0;766;174;167;3.99;749;193;67;29.9;12.11;0.96;174;data;165;'-13;148;62;'-16;122;122;686;0;0;3.487;95.5;0.106;4.659;0;3;3300;3300
db_buhler_1_dsp;;1,5968E+18;15.02;1596.5;984; OK;0;1017;193566;36;2.6;2.7;2.6;2.3;15/05/2020 10:57;5.13;1.84;1.25;33;3.21;2.12;26.68;12.61;4.53;8.31;dsp_parametros_60.txt;1042;1006;37;26;83.4;41.5;74.7;22054;6.7;491;624;53.2;184723;0;767;174;168;3.99;751;192;68;29.92;12.06;0.96;190;data;165;'-13;147;62;'-16;123;123;684;0;0;3.464;95.5;0.106;4.935;0;3;3300;3300
db_buhler_1_dsp;;1,5968E+18;14.43;1596.5;986; OK;0;1020;193213;37;2.7;2.6;2.6;2.3;13/05/2020 15:37;5.12;1.82;1.25;29;3.18;2.09;26.26;12.61;4.51;8.35;dsp_parametros_60.txt;1046;1009;38;26;82.5;41;74.4;22078;6.72;138;627;53.1;184370;0;768;177;170;3.98;750;191;66;29.56;12.09;0.95;131;data;166;'-13;150;64;'-16;125;124;686;0;0;3.442;94.9;0.107;4.763;0;3;3300;3300
db_buhler_1_dsp;;1,5968E+18;14.6;1596.6;986; OK;0;1022;193289;36;2.7;2.6;2.6;2.3;13/05/2020 17:56;5.15;1.82;1.24;28;3.18;2.08;26.22;12.61;4.51;8.36;dsp_parametros_60.txt;1047;1011;37;26;82.9;42.8;74.1;22066;6.7;214;629;53.1;184446;0;767;177;170;3.98;749;190;65;29.66;12.06;0.96;207;data;167;'-13;149;64;'-16;125;124;688;0;0;3.454;94.7;0.108;4.757;0;3;3300;3300
db_buhler_1_dsp;;1,5968E+18;14.48;1596.6;986; OK;0;1023;193290;36;2.6;2.6;2.5;2.2;13/05/2020 17:58;5.13;1.81;1.24;27;3.18;2.06;26.24;12.61;4.51;8.38;dsp_parametros_60.txt;1048;1012;38;27;81.6;41.2;73.3;22050;6.66;215;630;53.1;184447;0;767;177;170;3.98;750;190;65;29.62;12.03;0.96;208;data;167;'-13;150;64;'-16;125;124;688;0;0;3.456;94.8;0.108;4.723;0;3;3300;3300
db_buhler_1_dsp;;1,5968E+18;14.03;1596.4;930;BAD;0;1015;193299;19;3.2;3.4;3.2;3.4;15/05/2020 02:56;5.12;1.82;1.24;43;3.21;2.07;26.22;12.61;5.37;7.89;dsp_parametros_60.txt;1032;1013;10;11;0;0;'-0.2;22092;56.08;224;631;25.7;184456;0;271;173;164;1.93;250;190;27;29.92;61.71;1.06;2;data;42;'-13;75;36;'-16;44;37;689;0;0;4.317;0;0.202;5.599;0;3;3300;3300
db_buhler_1_dsp;;1,5968E+18;14.72;1596.2;984; OK;0;1018;193333;35;2.7;2.8;2.6;2.5;15/05/2020 03:51;5.13;1.71;1.19;33;3.22;2.38;26.76;12.62;4.7;8.39;dsp_parametros_60.txt;1042;1007;33;24;82.4;41.5;73.7;22078;6.72;258;625;53.2;184490;0;761;171;163;3.99;750;191;70;29.94;12.09;0.98;36;data;162;'-12;145;55;'-16;118;118;681;0;0;3.637;95.9;0.107;4.795;0;3;3300;3300
db_buhler_1_dsp;;1,5968E+18;14.77;1596.2;986; OK;0;1019;193334;36;2.7;2.8;2.6;2.5;15/05/2020 03:53;5.12;1.69;1.26;32;3.22;2.34;26.88;12.61;4.67;8.43;dsp_parametros_60.txt;1043;1007;33;24;84;42.4;74.6;22069;6.64;259;625;53.1;184491;0;761;171;163;3.98;750;190;70;29.68;12.01;0.98;37;data;162;'-13;146;55;'-16;118;118;682;0;0;3.603;95.6;0.107;4.872;0;3;3300;3300
db_buhler_1_dsp;;1,5968E+18;14.85;1596.2;985; OK;0;1018;193336;35;2.7;2.7;2.6;2.4;15/05/2020 03:56;5.13;1.68;1.19;33;3.23;2.33;26.68;12.61;4.66;8.38;dsp_parametros_60.txt;1042;1007;34;24;82.7;42;74.1;22090;6.7;261;625;53.1;184493;0;761;171;163;3.98;750;193;72;29.5;12.07;0.98;39;data;163;'-13;146;55;'-16;119;118;682;0;0;3.602;95.3;0.107;4.978;0;3;3300;3300
db_buhler_1_dsp;;1,5968E+18;14.68;1596.2;985; OK;0;1019;193337;34;2.7;2.8;2.6;2.4;15/05/2020 03:57;5.12;1.81;1.24;33;3.21;2.33;26.7;12.61;4.69;8.33;dsp_parametros_60.txt;1042;1008;33;23;84.7;42.6;74;22126;6.7;262;626;53.2;184494;0;762;171;163;3.99;749;192;70;29.66;12.07;0.98;40;data;163;'-13;147;55;'-16;119;118;683;0;0;3.627;95.5;0.107;4.636;0;3;3300;3300
db_buhler_1_dsp;;1,5968E+18;14.65;1596.2;985; OK;0;1019;193362;35;2.7;2.7;2.6;2.4;15/05/2020 04:37;5.12;1.82;1.24;33;3.2;2.16;26.52;12.62;4.58;8.55;dsp_parametros_60.txt;1042;1007;36;26;83.2;43;73.9;22047;6.68;287;625;53.2;184519;0;763;171;164;3.99;750;191;68;29.7;12.05;0.97;65;data;164;'-13;148;58;'-16;121;120;682;0;0;3.527;95.4;0.107;4.517;0;3;3300;3300
db_buhler_1_dsp;;1,5968E+18;14.69;1596.4;983; OK;0;1016;193426;35;2.6;2.6;2.4;2.2;15/05/2020 06:55;5.13;1.85;1.25;35;3.19;2.13;26.14;12.61;4.57;8.39;dsp_parametros_60.txt;1040;1005;35;24;81.3;41.8;75.5;22065;6.66;351;623;53.1;184583;0;764;173;166;3.98;750;192;70;29.94;12.03;0.96;50;data;166;'-13;148;59;'-16;122;121;681;0;0;3.51;95;0.107;4.714;0;3;3300;3300
db_buhler_1_dsp;;1,5968E+18;14.15;1596.4;988;LOK;0;1018;193381;35;2.6;2.8;2.6;2.5;15/05/2020 05:37;5.13;1.78;1.24;34;3.2;2.29;25.7;12.62;4.71;8.34;dsp_parametros_60.txt;1041;1006;39;27;82.6;42.7;75.9;22015;6.66;306;624;52.4;184538;0;764;172;165;3.93;749;193;69;29.88;12.03;0.97;5;data;178;'-13;147;61;'-16;122;119;683;0;0;3.642;94.6;0.107;4.672;0;3;3300;3300
db_buhler_1_dsp;;1,5968E+18;14.85;1596.5;984; OK;0;1017;193551;36;2.6;2.6;2.5;2.2;15/05/2020 10:33;5.13;1.82;1.25;33;3.2;2.13;26.42;12.62;4.55;8.38;dsp_parametros_60.txt;1042;1006;37;26;83.4;42.5;73.2;22066;6.7;476;624;53.2;184708;0;766;174;167;3.99;750;191;67;30.14;12.06;0.96;175;data;165;'-13;148;62;'-16;122;122;688;0;0;3.494;95.5;0.106;4.839;0;3;3300;3300
db_buhler_1_dsp;;1,5968E+18;14.71;1596.3;984; OK;0;1017;193441;35;2.6;2.6;2.5;2.2;15/05/2020 07:19;5.15;1.81;1.24;34;3.2;2.09;26.44;12.61;4.55;8.38;dsp_parametros_60.txt;1041;1006;37;27;83;41.8;74.6;22077;6.68;366;624;53.2;184598;0;765;173;166;3.99;750;192;68;29.88;12.05;0.96;65;data;165;'-13;148;60;'-16;122;121;684;0;0;3.49;95.4;0.107;4.697;0;3;3300;3300
db_buhler_1_dsp;;1,5968E+18;14.68;1596.4;985; OK;0;1019;193495;36;2.6;2.6;2.6;2.2;15/05/2020 08:44;5.12;1.82;1.25;32;3.2;2.12;26.5;12.62;4.52;8.33;dsp_parametros_60.txt;1043;1007;37;27;84.3;42.6;73.6;22076;6.72;420;625;53.2;184652;0;765;173;167;3.99;751;192;69;29.92;12.07;0.96;119;data;166;'-13;148;61;'-16;123;122;688;0;0;3.458;95.5;0.107;4.791;0;3;3300;3300
db_buhler_1_dsp;;1,5968E+18;15.14;1596.2;984; OK;0;1017;193354;35;2.6;2.7;2.6;2.4;15/05/2020 04:24;5.12;1.81;1.25;34;3.22;2.19;26.56;12.61;4.61;8.64;dsp_parametros_60.txt;1041;1006;34;24;82.4;40.9;73.4;22036;6.7;279;624;53.1;184511;0;763;171;164;3.98;750;191;68;29.66;12.07;0.97;57;data;164;'-13;147;57;'-16;120;119;688;0;0;3.541;95.7;0.107;4.76;0;3;3300;3300
db_buhler_1_dsp;;1,5968E+18;14.43;1596.5;986; OK;0;1022;193173;36;2.6;2.6;2.6;2.2;13/05/2020 14:33;5.13;1.81;1.24;29;3.18;2.11;25.96;12.61;4.52;8.32;dsp_parametros_60.txt;1046;1010;37;26;81.8;41.6;75.2;22076;6.68;98;628;53;184330;0;768;177;171;3.98;750;191;66;29.66;12.05;0.95;91;data;166;'-13;151;63;'-16;124;124;684;0;0;3.455;94.5;0.108;4.558;0;3;3300;3300
db_buhler_1_dsp;;1,5968E+18;14.8;1596.5;985; OK;0;1018;193567;36;2.6;2.7;2.6;2.3;15/05/2020 10:58;5.12;1.84;1.25;33;3.21;2.12;26.86;12.6;4.54;8.33;dsp_parametros_60.txt;1042;1006;38;27;82.9;42.8;75;22044;6.68;492;624;53.2;184724;0;767;174;168;3.99;750;194;68;29.94;12.04;0.96;191;data;165;'-13;148;62;'-16;123;123;684;0;0;3.47;95.6;0.106;4.737;0;3;3300;3300
db_buhler_1_dsp;;1,5968E+18;14.9;1596.4;984; OK;0;1018;193496;35;2.6;2.7;2.6;2.2;15/05/2020 08:46;5.12;1.83;1.24;33;3.2;2.1;26.34;12.62;4.56;8.37;dsp_parametros_60.txt;1042;1007;37;26;82.9;42.2;74.9;22094;6.68;421;625;53.2;184653;0;766;173;167;3.99;750;192;70;29.66;12.03;0.96;120;data;166;'-13;148;61;'-16;123;122;688;0;0;3.493;95;0.107;4.723;0;3;3300;3300
db_buhler_1_dsp;;1,5968E+18;14.47;1596.6;985; OK;0;1020;193736;36;2.7;2.7;2.5;2.3;15/05/2020 16:02;5.13;1.85;1.24;31;3.21;2.12;26.38;12.61;4.5;8.62;dsp_parametros_60.txt;1044;1008;36;26;82.1;42.6;74.7;22078;6.66;661;626;53.2;184893;0;768;176;169;3.99;749;192;67;29.62;12.03;0.96;134;data;166;'-13;149;64;'-16;123;123;683;0;0;3.431;95;0.107;4.686;0;3;3300;3300
db_buhler_1_dsp;;1,5968E+18;15.08;1596.2;984; OK;0;1017;193356;35;2.7;2.7;2.6;2.4;15/05/2020 04:28;5.12;1.81;1.26;34;3.22;2.19;26.6;12.61;4.56;8.34;dsp_parametros_60.txt;1041;1006;34;24;83;42.2;74.4;22016;6.7;281;624;53.2;184513;0;763;171;164;3.99;749;191;69;29.62;12.06;0.97;59;data;164;'-13;147;57;'-16;120;119;687;0;0;3.498;95.1;0.107;4.618;0;3;3300;3300
db_buhler_1_dsp;;1,5968E+18;14.57;1596.5;986; OK;0;1019;193569;37;2.7;2.7;2.6;2.3;15/05/2020 11:02;5.12;1.82;1.24;31;3.21;2.12;26.42;12.61;4.58;8.34;dsp_parametros_60.txt;1044;1007;36;25;83.3;42.1;74.6;22072;6.68;494;625;53.1;184726;0;766;174;168;3.98;750;190;68;29.86;12.05;0.96;193;data;165;'-13;148;62;'-16;123;123;684;0;0;3.516;95.1;0.106;4.914;0;3;3300;3300
db_buhler_1_dsp;;1,5968E+18;14.48;1596.5;985; OK;0;1018;193544;37;2.5;2.6;2.5;2.2;15/05/2020 10:22;5.15;1.82;1.24;32;3.2;2.14;26.2;12.61;4.55;8.38;dsp_parametros_60.txt;1043;1006;37;26;84.2;43;75.4;22030;6.76;469;624;53.2;184701;0;766;174;167;3.99;749;193;69;29.96;12.12;0.96;168;data;165;'-13;148;62;'-16;122;121;685;0;0;3.489;95.1;0.106;4.923;0;3;3300;3300
db_buhler_1_dsp;;1,5968E+18;14.69;1596.6;984; OK;0;1018;193737;36;2.7;2.7;2.5;2.3;15/05/2020 16:04;5.12;1.83;1.25;33;3.2;2.11;26.18;12.61;4.51;8.42;dsp_parametros_60.txt;1042;1006;37;26;83.2;43.1;74.8;22062;6.68;662;624;53.4;184894;0;767;176;169;4;750;191;65;29.52;12.05;0.96;135;data;166;'-13;150;64;'-16;123;123;683;0;0;3.443;94.6;0.107;4.634;0;3;3300;3300
db_buhler_1_dsp;;1,5968E+18;14.78;1596.5;985; OK;0;1018;193603;36;2.7;2.7;2.5;2.2;15/05/2020 11:56;5.12;1.83;1.25;32;3.21;2.1;26.52;12.61;4.55;8.33;dsp_parametros_60.txt;1043;1007;37;26;82.4;43;74.6;22042;6.68;528;625;53.2;184760;0;767;175;168;3.99;749;191;68;29.64;12.05;0.96;1;data;166;'-13;148;63;'-16;123;123;684;0;0;3.484;95;0.106;4.81;0;3;3300;3300
db_buhler_1_dsp;;1,5968E+18;14.56;1596.5;986; OK;0;1021;193114;36;2.6;2.6;2.6;2.2;13/05/2020 12:44;5.13;1.81;1.24;29;3.2;2.1;26.38;12.62;4.52;8.37;dsp_parametros_60.txt;1046;1010;37;25;82.3;42.6;73.2;22061;6.7;39;628;53.2;184271;0;767;177;170;3.99;750;188;65;29.92;12.05;0.96;32;data;167;'-13;151;62;127;125;124;686;0;0;3.468;95.1;0.108;4.86;0;3;3300;3300
db_buhler_1_dsp;;1,5968E+18;14.8;1596.5;985; OK;0;1018;193584;36;2.6;2.7;2.5;2.2;15/05/2020 11:25;5.12;1.83;1.24;32;3.21;2.11;26.5;12.62;4.55;8.36;dsp_parametros_60.txt;1043;1007;36;25;83.8;42.9;73.7;22029;6.72;509;625;53.2;184741;0;767;174;168;3.99;750;192;68;29.6;12.09;0.96;208;data;166;'-13;148;63;'-16;123;123;687;0;0;3.482;95.2;0.106;4.831;0;3;3300;3300
db_buhler_1_dsp;;1,5968E+18;14.68;1596.5;985; OK;0;1018;193676;36;2.8;2.8;2.6;2.3;15/05/2020 14:03;5.12;1.83;1.24;33;3.21;2.09;26.52;12.6;4.51;8.36;dsp_parametros_60.txt;1042;1006;36;25;83.7;41.8;73.5;22057;6.66;601;624;53.2;184833;0;767;175;168;3.99;750;194;69;29.66;12.03;0.96;74;data;166;'-13;147;64;'-16;123;123;683;0;0;3.451;95.1;0.107;4.78;0;3;3300;3300
db_buhler_1_dsp;;1,5968E+18;14.95;1596.3;985; OK;0;1017;193482;36;2.6;2.6;2.4;2.1;15/05/2020 08:24;5.12;1.82;1.24;33;3.19;2.12;26.54;12.62;4.54;8.46;dsp_parametros_60.txt;1042;1006;36;26;82.4;42.6;73.5;22055;6.7;407;624;53.2;184639;0;767;173;166;3.99;750;192;69;29.86;12.06;0.96;106;data;165;'-13;147;61;'-16;122;122;685;0;0;3.471;95.6;0.106;4.82;0;3;3300;3300
db_buhler_1_dsp;;1,5968E+18;14.86;1596.5;984; OK;0;1018;193696;35;2.8;2.8;2.6;2.3;15/05/2020 14:34;5.15;1.83;1.25;33;3.2;2.1;26.62;12.62;4.55;8.42;dsp_parametros_60.txt;1042;1007;37;25;83.8;42.1;75.2;22050;6.64;621;625;53;184853;0;766;175;168;3.97;751;192;68;29.92;12.01;0.96;94;data;166;'-13;147;64;'-16;124;123;688;0;0;3.49;95.6;0.107;4.64;0;3;3300;3300
db_buhler_1_dsp;;1,5968E+18;14.93;1596.5;985; OK;0;1018;193645;36;2.6;2.6;2.5;2.2;15/05/2020 13:13;5.13;1.84;1.25;32;3.21;2.07;26.52;12.61;4.54;8.36;dsp_parametros_60.txt;1043;1007;38;27;83.6;41.8;74.9;22057;6.7;570;625;53.2;184802;0;767;175;168;3.99;749;191;68;29.62;12.07;0.96;43;data;166;'-13;147;63;'-16;123;123;684;0;0;3.472;95;0.107;4.722;0;3;3300;3300
db_buhler_1_dsp;;1,5968E+18;14.86;1596.5;985; OK;0;1020;193628;36;2.7;2.7;2.5;2.3;15/05/2020 12:46;5.12;1.82;1.25;31;3.21;2.14;26.14;12.61;4.53;8.34;dsp_parametros_60.txt;1044;1008;37;26;82.2;41.5;74.3;22062;6.66;553;626;53.1;184785;0;766;175;168;3.98;750;190;66;30.2;12.02;0.96;26;data;166;'-13;147;63;'-16;123;123;688;0;0;3.464;95.1;0.107;4.914;0;3;3300;3300
db_buhler_1_dsp;;1,5968E+18;15.19;1596.5;984; OK;0;1018;193699;35;2.8;2.8;2.6;2.3;15/05/2020 14:39;5.12;1.85;1.25;33;3.21;2.09;26.84;12.61;4.54;8.36;dsp_parametros_60.txt;1042;1007;36;24;81.8;41.2;73.5;22046;6.7;624;625;53.2;184856;0;765;175;168;3.99;749;191;66;29.96;12.05;0.96;97;data;165;'-13;148;65;'-16;123;123;681;0;0;3.474;95.9;0.107;4.575;0;3;3300;3300
db_buhler_1_dsp;;1,5968E+18;14.69;1596.5;985; OK;0;1018;193604;36;2.7;2.8;2.6;2.3;15/05/2020 11:57;5.12;1.84;1.26;32;3.2;2.11;26.46;12.61;4.55;8.32;dsp_parametros_60.txt;1043;1007;38;28;83.1;43.2;73.8;22053;6.76;529;625;53.3;184761;0;766;174;168;3.99;750;192;67;29.92;12.13;0.96;2;data;166;'-13;148;63;'-16;123;123;685;0;0;3.487;95.3;0.107;4.748;0;3;3300;3300
db_buhler_1_dsp;;1,5968E+18;14.69;1596.5;985; OK;0;1018;193573;35;2.6;2.7;2.6;2.2;15/05/2020 11:08;5.15;1.82;1.26;33;3.21;2.11;26.48;12.61;4.55;8.34;dsp_parametros_60.txt;1042;1007;37;26;83.5;41.6;75.7;22077;6.76;498;625;53.2;184730;0;767;174;168;3.99;750;194;69;29.96;12.12;0.96;197;data;166;'-13;148;62;'-16;123;123;684;0;0;3.482;95.4;0.106;4.612;0;3;3300;3300
db_buhler_1_dsp;;1,5968E+18;14.59;1596.5;986; OK;0;1022;193106;35;2.7;2.6;2.6;2.2;13/05/2020 12:32;5.15;1.81;1.25;29;3.18;2.1;26.08;12.62;4.51;8.33;dsp_parametros_60.txt;1046;1011;36;25;82;41.7;73.7;22040;6.74;31;629;53.1;184263;0;766;176;170;3.98;750;190;66;29.88;12.09;0.96;24;data;166;'-13;150;62;126;125;124;684;0;0;3.45;95;0.108;4.564;0;3;3300;3300
db_buhler_1_dsp;;1,5968E+18;14.69;1596.4;984; OK;0;1018;193512;36;2.6;2.6;2.5;2.2;15/05/2020 09:11;5.13;1.83;1.25;33;3.19;2.13;26.4;12.61;4.56;8.3;dsp_parametros_60.txt;1042;1006;36;25;81.3;42.5;74.8;22064;6.66;437;624;53.2;184669;0;765;173;167;3.99;749;191;67;29.92;12.01;0.96;136;data;166;'-13;148;61;'-16;123;122;684;0;0;3.492;95.1;0.107;4.646;0;3;3300;3300
db_buhler_1_dsp;;1,5968E+18;15.36;1596.6;985; OK;0;1019;193843;37;2.7;2.7;2.6;2.4;15/05/2020 20:31;5.13;1.84;1.24;31;3.21;2.06;27.36;12.61;4.54;8.38;dsp_parametros_60.txt;1044;1007;39;28;82.7;41;72.7;22093;6.7;768;625;53.2;185000;0;766;175;168;3.99;750;190;66;29.88;12.08;0.96;51;data;165;'-13;150;59;'-16;123;123;685;0;0;3.477;96.3;0.107;4.726;0;3;3300;3300
db_buhler_1_dsp;;1,5968E+18;14.4;1596.5;986; OK;0;1022;193105;35;2.7;2.6;2.6;2.3;13/05/2020 12:30;5.12;1.79;1.25;29;3.18;2.08;26.22;12.61;4.52;8.35;dsp_parametros_60.txt;1046;1011;36;25;82.4;41.2;72.9;22027;6.72;30;629;53.2;184262;0;767;176;170;3.99;749;189;65;29.94;12.08;0.96;23;data;166;'-13;150;62;126;125;124;684;0;0;3.451;95;0.108;4.582;0;3;3300;3300
db_buhler_1_dsp;;1,5968E+18;14.69;1596.5;985; OK;0;1018;193570;36;2.7;2.7;2.6;2.3;15/05/2020 11:03;5.13;1.83;1.25;33;3.21;2.14;26.3;12.62;4.55;8.31;dsp_parametros_60.txt;1042;1006;36;25;81.9;41.7;73.7;22029;6.66;495;624;53.2;184727;0;765;174;168;3.99;749;189;67;29.92;12.02;0.96;194;data;165;'-13;148;62;'-16;123;123;684;0;0;3.489;95.2;0.106;4.674;0;3;3300;3300
db_buhler_1_dsp;;1,5968E+18;15.16;1596.6;985; OK;0;1021;193791;35;2.7;2.8;2.6;2.4;15/05/2020 18:08;5.12;1.84;1.24;30;3.21;2.11;26.88;12.6;4.55;8.35;dsp_parametros_60.txt;1045;1010;38;28;82;41.4;73.5;22050;6.76;716;628;53.2;184948;0;765;176;168;3.99;749;189;67;29.9;12.12;0.96;189;data;165;'-13;150;62;'-16;124;124;688;0;0;3.481;95.9;0.107;4.644;0;3;3300;3300
db_buhler_1_dsp;;1,5968E+18;14.86;1596.2;985; OK;0;1018;193361;36;2.6;2.7;2.6;2.3;15/05/2020 04:36;5.13;1.81;1.24;33;3.2;2.17;26.54;12.61;4.58;8.38;dsp_parametros_60.txt;1042;1006;36;26;83.3;42.1;74.8;22032;6.74;286;624;53.1;184518;0;764;171;164;3.98;750;191;70;29.7;12.1;0.97;64;data;164;'-13;148;58;'-16;121;120;681;0;0;3.511;95.2;0.107;4.797;0;3;3300;3300
db_buhler_1_dsp;;1,5968E+18;13.6;1596.6;930;BAD;0;1012;193536;23;2.6;2.7;2.6;2.4;15/05/2020 10:09;5.13;1.49;1.25;41;3.11;2.22;25.46;12.62;5.02;8.28;dsp_parametros_60.txt;1034;1011;0;0;0.1;0;'-0.1;21944;36.42;461;629;25.8;184693;0;306;174;165;1.93;251;192;26;29.96;41.84;0.97;160;data;162;'-13;115;62;'-16;121;114;684;0;0;3.977;124.6;0.201;5.51;0;3;3300;3300
db_buhler_1_dsp;;1,5968E+18;14.8;1596.3;985; OK;0;1019;193440;36;2.6;2.6;2.5;2.2;15/05/2020 07:17;5.13;1.84;1.24;33;3.19;2.11;26.52;12.61;4.53;8.3;dsp_parametros_60.txt;1042;1006;36;26;84.7;42.9;74.8;22061;6.72;365;624;53.2;184597;0;765;173;166;3.99;749;192;66;29.66;12.09;0.97;64;data;165;'-13;147;60;'-16;122;121;684;0;0;3.476;95;0.107;4.447;0;3;3300;3300
db_buhler_1_dsp;;1,5968E+18;14.77;1596.6;984; OK;0;1018;193679;36;2.7;2.7;2.5;2.3;15/05/2020 14:07;5.15;1.84;1.25;33;3.21;2.09;26.22;12.6;4.53;8.38;dsp_parametros_60.txt;1042;1006;37;25;83.6;43;75.3;22067;6.7;604;624;53.3;184836;0;766;175;168;4;750;191;66;29.94;12.07;0.96;77;data;166;'-13;147;64;'-16;123;123;683;0;0;3.461;95;0.107;4.609;0;3;3300;3300
db_buhler_1_dsp;;1,5968E+18;15.06;1596.6;984; OK;0;1020;193870;35;2.7;3.1;2.7;2.8;15/05/2020 22:44;5.11;1.83;1.26;31;3.2;2.13;26.92;12.6;4.58;8.34;dsp_parametros_60.txt;1044;1009;36;25;82;41.5;73.8;22033;6.7;795;627;53.2;185027;0;766;175;168;3.99;750;192;68;29.88;12.07;0.97;78;data;164;'-13;150;57;'-16;120;120;685;0;0;3.521;95.7;0.108;4.511;0;3;3300;3300
db_buhler_1_dsp;;1,5968E+18;15.04;1596.6;985; OK;0;1019;193700;35;2.8;2.8;2.6;2.3;15/05/2020 14:41;5.12;1.83;1.25;33;3.21;2.09;26.88;12.61;4.51;8.36;dsp_parametros_60.txt;1042;1007;36;25;82;42.9;74.8;22059;6.66;625;625;53.2;184857;0;767;175;168;3.99;750;191;66;29.28;12.03;0.96;98;data;166;'-13;147;65;'-16;123;123;681;0;0;3.446;95;0.106;4.493;0;3;3300;3300
db_buhler_1_dsp;;1,5968E+18;15.09;1596.2;984; OK;0;1018;193374;36;2.6;2.6;2.6;2.3;15/05/2020 04:56;5.12;1.82;1.24;33;3.21;2.14;26.72;12.61;4.58;8.31;dsp_parametros_60.txt;1042;1006;35;25;82;42.4;75;22056;6.66;299;624;53.3;184531;0;763;172;164;3.99;750;191;67;29.9;12.03;0.97;77;data;164;'-13;146;58;'-16;121;120;685;0;0;3.529;95.5;0.107;4.866;0;3;3300;3300
db_buhler_1_dsp;;1,5968E+18;14.92;1596.5;985; OK;0;1018;193591;37;2.7;2.7;2.5;2.3;15/05/2020 11:37;5.13;1.69;1.08;32;3.22;2.36;26.9;12.61;4.57;8.29;dsp_parametros_60.txt;1043;1006;39;28;82;41.5;74.8;22060;6.7;516;624;53.1;184748;0;766;175;168;3.98;751;191;68;29.52;12.05;0.96;215;data;166;'-13;149;63;'-16;124;123;688;0;0;3.503;95.3;0.107;4.872;0;3;3300;3300
db_buhler_1_dsp;;1,5968E+18;15.34;1596.6;986; OK;0;1021;193839;37;2.6;2.7;2.5;2.3;15/05/2020 20:24;5.13;1.84;1.25;30;3.21;2.1;26.98;12.61;4.57;8.36;dsp_parametros_60.txt;1045;1008;36;25;82.1;40.3;74.2;22083;6.74;764;626;53.1;184996;0;766;175;168;3.98;749;191;66;29.9;12.11;0.96;47;data;165;'-13;150;59;'-16;123;123;685;0;0;3.507;95.8;0.107;4.664;0;3;3300;3300
db_buhler_1_dsp;;1,5968E+18;14.68;1596.4;985; OK;0;1018;193423;35;2.6;2.6;2.5;2.2;15/05/2020 06:50;5.13;1.82;1.24;33;3.19;2.12;26.48;12.61;4.56;8.36;dsp_parametros_60.txt;1042;1007;36;25;82.7;41.6;74.4;22071;6.7;348;625;53.2;184580;0;764;173;166;3.99;750;192;69;30.16;12.06;0.96;47;data;165;'-13;147;59;'-16;122;121;685;0;0;3.493;95.5;0.107;4.578;0;3;3300;3300
db_buhler_1_dsp;;1,5968E+18;14.94;1596.3;984; OK;0;1017;193376;35;2.6;2.6;2.5;2.2;15/05/2020 04:59;5.13;1.82;1.25;34;3.21;2.16;26.84;12.6;4.56;8.41;dsp_parametros_60.txt;1041;1006;37;26;84.2;42.2;74.6;22026;6.76;301;624;53.2;184533;0;765;172;164;3.99;749;192;69;29.66;12.13;0.97;79;data;165;'-13;148;59;'-16;121;120;685;0;0;3.501;95.5;0.107;4.749;0;3;3300;3300
db_buhler_1_dsp;;1,5968E+18;15.15;1596.6;985; OK;0;1020;193788;36;2.7;2.8;2.6;2.4;15/05/2020 18:03;5.12;1.85;1.24;31;3.21;2.11;26.96;12.61;4.53;8.36;dsp_parametros_60.txt;1044;1008;37;26;82.5;42.3;73.8;22072;6.68;713;626;53.2;184945;0;766;176;168;3.99;750;191;67;29.88;12.04;0.96;186;data;165;'-13;151;62;'-16;124;123;683;0;0;3.462;95.6;0.107;4.526;0;3;3300;3300
db_buhler_1_dsp;;1,5968E+18;14.84;1596.4;985; OK;0;1018;193529;36;2.7;2.7;2.6;2.3;15/05/2020 09:38;5.15;1.81;1.24;33;3.2;2.1;26.54;12.61;4.55;8.28;dsp_parametros_60.txt;1042;1006;37;27;83.1;42.2;73.4;22072;6.66;454;624;53.2;184686;0;766;174;167;3.99;750;191;70;29.94;12.02;0.96;153;data;166;'-13;148;62;'-16;123;122;683;0;0;3.485;95.4;0.107;4.685;0;3;3300;3300
db_buhler_1_dsp;;1,5968E+18;14.6;1596.5;984; OK;0;1018;193545;37;2.6;2.7;2.6;2.3;15/05/2020 10:24;5.12;1.82;1.25;33;3.19;2.13;26.12;12.61;4.56;8.35;dsp_parametros_60.txt;1042;1005;36;25;83.4;42.2;75.2;22050;6.72;470;623;53.1;184702;0;765;174;167;3.98;750;190;68;29.66;12.07;0.96;169;data;166;'-13;148;62;'-16;122;121;685;0;0;3.5;94.8;0.106;4.868;0;3;3300;3300
db_buhler_1_dsp;;1,5968E+18;14.62;1596.5;985; OK;0;1019;193632;36;2.7;2.7;2.5;2.3;15/05/2020 12:53;5.13;1.84;1.25;32;3.21;2.11;26.46;12.61;4.53;8.32;dsp_parametros_60.txt;1043;1007;37;26;83.5;43.1;75.8;22047;6.72;557;625;53.1;184789;0;766;175;168;3.98;751;191;67;29.56;12.1;0.96;30;data;165;'-13;147;63;'-16;123;123;681;0;0;3.467;95;0.107;4.656;0;3;3300;3300
db_buhler_1_dsp;;1,5968E+18;14.94;1596.5;985; OK;0;1019;193704;35;2.8;2.8;2.6;2.3;15/05/2020 14:47;5.12;1.86;1.24;32;3.2;2.1;26.62;12.6;4.53;8.37;dsp_parametros_60.txt;1043;1008;37;26;82.8;42.2;74.8;22047;6.7;629;626;53.2;184861;0;767;176;169;3.99;750;190;68;29.5;12.08;0.96;102;data;166;'-13;147;65;'-16;124;123;683;0;0;3.461;95;0.107;4.613;0;3;3300;3300
db_buhler_1_dsp;;1,5968E+18;14.89;1596.5;985; OK;0;1018;193709;35;2.8;2.8;2.6;2.3;15/05/2020 14:55;5.11;1.86;1.25;33;3.21;2.1;26.52;12.61;4.5;8.38;dsp_parametros_60.txt;1042;1007;38;27;81.7;42.6;74.3;22014;6.72;634;625;53.2;184866;0;767;176;168;3.99;749;191;66;30.12;12.09;0.96;107;data;166;'-13;147;65;'-16;123;123;683;0;0;3.44;95.5;0.107;4.504;0;3;3300;3300
db_buhler_1_dsp;;1,5968E+18;14.95;1596.6;985; OK;0;1020;193749;36;2.7;2.8;2.6;2.3;15/05/2020 16:23;5.15;1.84;1.24;31;3.2;2.09;26.48;12.6;4.51;8.4;dsp_parametros_60.txt;1044;1008;36;25;82.3;42.4;75.2;22033;6.66;674;626;53.3;184906;0;767;176;169;4;750;189;66;29.7;12.02;0.96;147;data;166;'-13;150;64;'-16;124;124;686;0;0;3.441;95.2;0.107;4.649;0;3;3300;3300
db_buhler_1_dsp;;1,5968E+18;14.99;1596.6;985; OK;0;1020;193789;36;2.7;2.7;2.5;2.3;15/05/2020 18:05;5.12;1.86;1.25;30;3.21;2.11;26.9;12.61;4.54;8.39;dsp_parametros_60.txt;1045;1009;37;26;82.6;42.2;73.5;22025;6.7;714;627;53.2;184946;0;766;176;168;3.99;750;190;66;29.62;12.07;0.96;187;data;166;'-13;151;62;'-16;124;123;684;0;0;3.473;95.5;0.107;4.627;0;3;3300;3300
db_buhler_1_dsp;;1,5968E+18;15.32;1596.6;985; OK;0;1020;193827;36;2.6;2.7;2.6;2.4;15/05/2020 20:05;5.12;1.83;1.25;31;3.21;2.11;26.58;12.61;4.56;8.37;dsp_parametros_60.txt;1044;1008;38;27;82.7;41.3;74.7;22070;6.66;752;626;53.2;184984;0;765;175;168;3.99;750;191;65;29.62;12.03;0.96;35;data;165;'-13;151;59;'-16;122;122;683;0;0;3.495;95.3;0.107;4.778;0;3;3300;3300
db_buhler_1_dsp;;1,5968E+18;14.4;1596.5;986; OK;0;1022;193096;36;2.7;2.6;2.6;2.3;13/05/2020 12:16;5.12;1.81;1.24;29;3.2;2.1;26.06;12.61;4.52;8.35;dsp_parametros_60.txt;1046;1010;36;25;82;42.9;74.7;22037;6.68;21;628;53.2;184253;0;767;176;170;3.99;750;191;67;29.26;12.02;0.96;14;data;167;'-13;152;62;127;125;124;683;0;0;3.456;94.1;0.108;4.701;0;3;3300;3300
db_buhler_1_dsp;;1,5968E+18;15.09;1596.2;985; OK;0;1018;193373;36;2.6;2.7;2.6;2.3;15/05/2020 04:55;5.12;1.83;1.25;33;3.21;2.14;26.92;12.61;4.57;8.32;dsp_parametros_60.txt;1042;1006;35;25;82.8;41.9;73.7;22080;6.72;298;624;53.2;184530;0;763;172;164;3.99;749;191;68;29.96;12.09;0.97;76;data;164;'-13;147;58;'-16;121;120;685;0;0;3.513;96;0.107;4.682;0;3;3300;3300
db_buhler_1_dsp;;1,5968E+18;14.71;1596.4;984; OK;0;1017;193504;36;2.6;2.6;2.5;2.2;15/05/2020 08:59;5.13;1.83;1.24;34;3.2;2.12;26.8;12.6;4.55;8.32;dsp_parametros_60.txt;1041;1005;35;25;82.5;42.2;72.8;22012;6.64;429;623;53.2;184661;0;766;173;167;3.99;749;189;67;30.14;12.01;0.96;128;data;165;'-13;147;61;'-16;123;122;683;0;0;3.48;95.9;0.106;4.846;0;3;3300;3300
db_buhler_1_dsp;;1,5968E+18;14.9;1596.5;985; OK;0;1018;193647;36;2.8;2.8;2.6;2.3;15/05/2020 13:17;5.15;1.84;1.24;33;3.21;2.07;26.56;12.61;4.53;8.34;dsp_parametros_60.txt;1042;1006;38;26;83.4;42.4;74.7;22019;6.66;572;624;53.3;184804;0;767;175;168;3.99;750;189;67;29.62;12.03;0.96;45;data;166;'-13;148;64;'-16;124;124;684;0;0;3.461;94.9;0.107;4.679;0;3;3300;3300
db_buhler_1_dsp;;1,5968E+18;14.57;1596.5;986; OK;0;1020;193651;36;2.7;2.7;2.5;2.2;15/05/2020 13:23;5.13;1.69;1.18;31;3.21;2.31;27.28;12.62;4.51;8.33;dsp_parametros_60.txt;1044;1008;36;25;82.6;41.6;73.3;22075;6.7;576;626;53.1;184808;0;767;175;168;3.98;750;190;67;29.9;12.07;0.96;49;data;165;'-13;146;64;'-16;123;123;685;0;0;3.442;96;0.107;4.607;0;3;3300;3300
db_buhler_1_dsp;;1,5968E+18;14.87;1596.5;985; OK;0;1020;193706;36;2.8;2.8;2.6;2.3;15/05/2020 14:50;5.12;1.85;1.24;31;3.2;2.1;26.62;12.61;4.55;8.31;dsp_parametros_60.txt;1044;1008;37;26;83.4;42.5;73.8;22034;6.72;631;626;53.1;184863;0;766;175;168;3.98;750;190;66;29.86;12.09;0.96;104;data;165;'-13;148;65;'-16;123;123;683;0;0;3.486;95.3;0.107;4.822;0;3;3300;3300
db_buhler_1_dsp;;1,5968E+18;14.88;1596.6;984; OK;0;1017;193760;36;2.7;2.7;2.6;2.3;15/05/2020 16:41;5.13;1.86;1.24;33;3.2;2.1;26.58;12.62;4.52;8.33;dsp_parametros_60.txt;1042;1006;37;26;83.5;42.3;74.9;22032;6.7;685;624;53.3;184917;0;767;176;169;4;750;191;65;29.66;12.07;0.96;158;data;166;'-13;150;64;'-16;125;124;689;0;0;3.453;95;0.106;4.748;0;3;3300;3300
db_buhler_1_dsp;;1,5968E+18;13.61;1596.4;930;BAD;0;1011;193379;24;2.8;2.9;2.7;2.6;15/05/2020 05:33;5.13;1.49;1.18;40;3.13;2.29;25.46;12.62;5.11;8.36;dsp_parametros_60.txt;1035;1011;0;0;0;0;'-0.1;21883;32.02;304;629;25.8;184536;0;301;172;163;1.94;249;193;24;29.6;37.43;0.98;3;data;168;'-13;119;61;'-16;123;115;685;0;0;4.053;119.9;0.201;6.089;0;3;3300;3300
db_buhler_1_dsp;;1,5968E+18;14.51;1596.5;986; OK;0;1021;193099;35;2.7;2.6;2.6;2.2;13/05/2020 12:21;5.12;1.8;1.25;30;3.18;2.09;26.06;12.62;4.52;8.38;dsp_parametros_60.txt;1045;1010;37;26;82.1;42.2;74.6;22029;6.66;24;628;53.2;184256;0;767;176;170;3.99;750;189;65;29.62;12.01;0.96;17;data;166;'-13;151;62;127;125;124;683;0;0;3.46;94.5;0.108;4.697;0;3;3300;3300
db_buhler_1_dsp;;1,5968E+18;15.03;1596.6;985; OK;0;1018;193691;36;2.7;2.7;2.5;2.3;15/05/2020 14:27;5.12;1.85;1.24;32;3.21;2.1;26.74;12.62;4.51;8.36;dsp_parametros_60.txt;1043;1007;37;26;83.7;41.7;73.1;22074;6.72;616;625;53.2;184848;0;768;175;168;3.99;750;192;65;29.88;12.09;0.96;89;data;166;'-13;147;65;'-16;124;123;685;0;0;3.443;95.5;0.107;4.885;0;3;3300;3300
db_buhler_1_dsp;;1,5968E+18;15.01;1596.5;985; OK;0;1018;193658;36;2.7;2.7;2.5;2.2;15/05/2020 13:34;5.12;1.81;1.24;32;3.21;2.1;26.56;12.61;4.5;8.32;dsp_parametros_60.txt;1043;1007;37;26;82.1;42.4;74.3;22051;6.7;583;625;53.2;184815;0;766;175;168;3.99;750;191;65;29.62;12.06;0.96;56;data;166;'-13;147;64;'-16;124;123;688;0;0;3.438;95;0.107;4.83;0;3;3300;3300
db_buhler_1_dsp;;1,5968E+18;14.73;1596.4;985; OK;0;1018;193487;36;2.6;2.7;2.6;2.3;15/05/2020 08:32;5.11;1.81;1.25;32;3.2;2.11;26.54;12.62;4.55;8.31;dsp_parametros_60.txt;1043;1007;36;25;82.8;42.3;73.8;22074;6.7;412;625;53.2;184644;0;765;173;166;3.99;749;193;69;29.54;12.06;0.96;111;data;166;'-13;148;61;'-16;123;122;686;0;0;3.489;94.9;0.107;4.796;0;3;3300;3300
db_buhler_1_dsp;;1,5968E+18;14.87;1596.5;985; OK;0;1019;193649;36;2.9;2.9;2.7;2.4;15/05/2020 13:20;5.12;1.81;1.24;31;3.21;2.11;26.28;12.62;4.54;8.31;dsp_parametros_60.txt;1044;1008;35;24;82.7;42.8;74.3;22004;6.66;574;626;53.1;184806;0;765;175;168;3.98;750;190;66;29.68;12.03;0.96;47;data;166;'-13;147;64;'-16;124;123;684;0;0;3.476;94.8;0.107;5.01;0;3;3300;3300
db_buhler_1_dsp;;1,5968E+18;14.87;1596.5;984; OK;0;1018;193515;36;2.7;2.7;2.6;2.2;15/05/2020 09:16;5.11;1.82;1.26;33;3.2;2.1;26.5;12.62;4.57;8.36;dsp_parametros_60.txt;1042;1006;37;26;83;41.3;73.8;22065;6.7;440;624;53.2;184672;0;765;174;167;3.99;749;189;68;29.96;12.05;0.96;139;data;165;'-13;148;61;'-16;123;122;684;0;0;3.504;95.5;0.107;4.763;0;3;3300;3300
db_buhler_1_dsp;;1,5968E+18;14.6;1596.4;984; OK;0;1018;193404;35;2.6;2.6;2.5;2.3;15/05/2020 06:20;5.12;1.82;1.25;33;3.21;2.17;26.26;12.61;4.63;8.32;dsp_parametros_60.txt;1042;1007;35;25;83.9;42.9;75.3;22110;6.66;329;625;53.2;184561;0;764;173;166;3.99;750;190;68;29.58;12.02;0.97;28;data;165;'-13;148;59;'-16;121;120;683;0;0;3.562;94.9;0.107;4.615;0;3;3300;3300
db_buhler_1_dsp;;1,5968E+18;14.45;1596.5;986; OK;0;1022;193097;35;2.7;2.7;2.6;2.3;13/05/2020 12:18;5.12;1.81;1.24;29;3.18;2.11;26.14;12.62;4.52;8.34;dsp_parametros_60.txt;1046;1011;36;26;82.6;41.9;73.7;22066;6.7;22;629;53.1;184254;0;766;176;170;3.98;749;190;67;29.58;12.06;0.96;15;data;166;'-13;151;62;127;125;124;683;0;0;3.459;94.5;0.108;4.625;0;3;3300;3300
db_buhler_1_dsp;;1,5968E+18;14.8;1596.5;985; OK;0;1019;193708;35;2.8;2.8;2.6;2.3;15/05/2020 14:54;5.11;1.87;1.25;33;3.21;2.1;26.82;12.62;4.53;8.35;dsp_parametros_60.txt;1042;1007;38;27;82.3;41.5;74.5;22062;6.74;633;625;53.2;184865;0;767;176;168;3.99;751;192;66;29.7;12.1;0.96;106;data;166;'-13;148;65;'-16;123;123;683;0;0;3.463;95.5;0.107;4.396;0;3;3300;3300
db_buhler_1_dsp;;1,5968E+18;14.81;1596.5;986; OK;0;1020;193517;35;2.7;2.7;2.6;2.2;15/05/2020 09:19;5.13;1.83;1.25;31;3.2;2.12;26.44;12.61;4.57;8.35;dsp_parametros_60.txt;1044;1009;37;27;82.5;41.8;74.3;22058;6.7;442;627;53.2;184674;0;766;174;167;3.99;748;191;67;30.18;12.05;0.96;141;data;166;'-12;147;61;'-16;123;122;684;0;0;3.51;95.5;0.107;4.596;0;3;3300;3300
db_buhler_1_dsp;;1,5968E+18;14.88;1596.5;985; OK;0;1018;193675;36;2.8;2.8;2.6;2.3;15/05/2020 14:01;5.12;1.85;1.25;33;3.21;2.09;26.62;12.61;4.5;8.31;dsp_parametros_60.txt;1042;1006;36;25;82.3;41.3;74.4;22075;6.64;600;624;53.2;184832;0;768;175;168;3.99;749;190;66;29.88;12.01;0.96;73;data;166;'-13;147;64;'-16;123;123;683;0;0;3.438;95.3;0.107;4.521;0;3;3300;3300
db_buhler_1_dsp;;1,5968E+18;14.58;1596.4;984; OK;0;1018;193493;36;2.7;2.7;2.6;2.3;15/05/2020 08:41;5.13;1.79;1.25;33;3.18;2.12;26.24;12.62;4.54;8.51;dsp_parametros_60.txt;1042;1006;37;26;83.1;42.5;75;22039;6.8;418;624;53.2;184650;0;765;173;166;3.99;750;190;69;29.96;12.15;0.96;117;data;166;'-13;148;61;'-16;123;122;686;0;0;3.483;95.3;0.107;4.697;0;3;3300;3300
db_buhler_1_dsp;;1,5968E+18;14.83;1596.4;984; OK;0;1017;193488;36;2.6;2.6;2.4;2.1;15/05/2020 08:33;5.12;1.81;1.24;34;3.2;2.09;26.44;12.61;4.53;8.39;dsp_parametros_60.txt;1041;1005;36;26;81.1;42;73.7;22067;6.7;413;623;53.2;184645;0;767;173;166;3.99;750;191;69;29.86;12.06;0.96;112;data;166;'-13;148;61;'-16;123;122;686;0;0;3.475;95.2;0.106;4.71;0;3;3300;3300
db_buhler_1_dsp;;1,5968E+18;14.77;1596.4;984; OK;0;1018;193516;35;2.6;2.6;2.5;2.2;15/05/2020 09:18;5.13;1.84;1.25;33;3.2;2.1;26.52;12.62;4.55;8.29;dsp_parametros_60.txt;1042;1007;37;26;82.6;42.3;75.2;22047;6.72;441;625;53.3;184673;0;766;173;167;3.99;750;191;66;29.7;12.08;0.96;140;data;166;'-11;148;61;'-16;122;122;685;0;0;3.485;95;0.107;4.529;0;3;3300;3300
db_buhler_1_dsp;;1,5968E+18;14.79;1596.4;985; OK;0;1018;193451;37;2.6;2.6;2.6;2.2;15/05/2020 07:34;5.11;1.83;1.25;32;3.19;2.15;26.5;12.61;4.56;8.31;dsp_parametros_60.txt;1043;1006;36;25;83.5;41.2;73.8;22045;6.76;376;624;53.2;184608;0;765;173;166;3.99;750;191;67;29.94;12.13;0.96;75;data;165;'-13;148;60;'-16;122;121;686;0;0;3.492;95.6;0.107;4.831;0;3;3300;3300
db_buhler_1_dsp;;1,5968E+18;14.66;1596.5;986; OK;0;1019;193635;35;2.7;2.7;2.5;2.2;15/05/2020 12:58;5.13;1.83;1.24;32;3.21;2.09;26.4;12.61;4.5;8.3;dsp_parametros_60.txt;1043;1008;38;28;83.8;42.6;74.7;22022;6.66;560;626;53.1;184792;0;767;175;168;3.98;749;190;68;29.96;12.03;0.96;33;data;166;'-13;146;63;'-16;123;123;683;0;0;3.44;95.1;0.107;4.639;0;3;3300;3300
db_buhler_1_dsp;;1,5968E+18;14.81;1596.6;985; OK;0;1019;193739;36;2.7;2.7;2.5;2.3;15/05/2020 16:07;5.13;1.84;1.24;31;3.21;2.1;26.32;12.62;4.51;8.34;dsp_parametros_60.txt;1044;1008;35;25;83.5;41.1;75;22040;6.7;664;626;53.3;184896;0;767;176;169;4;750;193;65;29.32;12.07;0.96;137;data;166;'-13;150;64;'-16;124;123;683;0;0;3.457;94.5;0.107;4.806;0;3;3300;3300
db_buhler_1_dsp;;1,5968E+18;14.82;1596.4;984; OK;0;1018;193490;37;2.6;2.6;2.6;2.2;15/05/2020 08:36;5.13;1.84;1.24;32;3.2;2.11;26.5;12.61;4.54;8.35;dsp_parametros_60.txt;1043;1006;37;26;82.3;42.9;74;22060;6.66;415;624;53.2;184647;0;766;173;166;3.99;750;192;68;29.9;12.01;0.96;114;data;166;'-13;147;61;'-16;123;122;687;0;0;3.474;95.3;0.107;4.899;0;3;3300;3300
db_buhler_1_dsp;;1,5968E+18;14.58;1596.4;984; OK;0;1018;193492;35;2.6;2.6;2.6;2.2;15/05/2020 08:40;5.12;1.81;1.25;33;3.19;2.11;26.38;12.61;4.56;8.38;dsp_parametros_60.txt;1042;1007;37;26;82.8;42.4;75.1;22066;6.66;417;625;53.1;184649;0;765;173;167;3.98;750;193;70;29.64;12.03;0.96;116;data;166;'-13;148;61;'-16;123;122;688;0;0;3.496;95.1;0.107;4.553;0;3;3300;3300
db_buhler_1_dsp;;1,5968E+18;14.49;1596.6;985; OK;0;1020;193193;35;2.7;2.6;2.6;2.3;13/05/2020 15:05;5.15;1.78;1.25;31;3.17;2.08;26.06;12.62;4.5;8.36;dsp_parametros_60.txt;1044;1009;37;26;81.8;42.5;73.8;22081;6.66;118;627;53.1;184350;0;768;177;170;3.98;749;191;65;30.22;12.01;0.95;111;data;166;'-13;149;63;'-16;125;124;683;0;0;3.44;95;0.107;4.649;0;3;3300;3300
db_buhler_1_dsp;;1,5968E+18;15.02;1596.5;985; OK;0;1019;193598;36;2.7;2.8;2.6;2.3;15/05/2020 11:48;5.12;1.83;1.25;32;3.22;2.11;26.74;12.62;4.53;8.28;dsp_parametros_60.txt;1043;1007;37;26;81.8;41.5;74.5;22086;6.66;523;625;53.2;184755;0;766;175;168;3.99;749;191;67;29.9;12.03;0.96;222;data;166;'-13;147;63;'-16;123;123;684;0;0;3.473;95.4;0.107;4.713;0;3;3300;3300
db_buhler_1_dsp;;1,5968E+18;14.79;1596.6;985; OK;0;1018;193717;36;2.8;2.8;2.6;2.3;15/05/2020 15:08;5.12;1.85;1.25;33;3.21;2.07;26.54;12.61;4.5;8.38;dsp_parametros_60.txt;1042;1006;36;25;82.6;42.8;74.5;22063;6.74;642;624;53.2;184874;0;766;176;168;3.99;749;192;67;29.62;12.12;0.96;115;data;166;'-13;147;64;'-16;123;123;683;0;0;3.441;95;0.107;4.464;0;3;3300;3300
db_buhler_1_dsp;;1,5968E+18;14.79;1596.4;985; OK;0;1018;193448;36;2.7;2.7;2.5;2.2;15/05/2020 07:30;5.12;1.83;1.25;33;3.19;2.14;26.5;12.61;4.57;8.31;dsp_parametros_60.txt;1042;1006;36;25;83.2;42.6;74;22078;6.7;373;624;53.1;184605;0;766;173;166;3.98;750;191;69;29.66;12.07;0.96;72;data;166;'-13;149;60;'-16;122;122;685;0;0;3.515;95;0.107;4.734;0;3;3300;3300
db_buhler_1_dsp;;1,5968E+18;14.41;1596.6;984; OK;0;1017;193610;36;2.6;2.7;2.5;2.3;15/05/2020 12:18;5.13;1.78;1.25;33;3.19;2.14;25.86;12.62;4.54;8.28;dsp_parametros_60.txt;1042;1006;39;27;84.3;43;74.6;21994;6.72;535;624;53.2;184767;0;767;175;168;3.99;751;192;68;30.22;12.08;0.96;8;data;168;'-13;148;64;'-16;123;122;686;0;0;3.475;94.9;0.106;4.848;0;3;3300;3300
db_buhler_1_dsp;;1,5968E+18;15.13;1596.5;984; OK;0;1016;193667;37;2.8;2.8;2.6;2.3;15/05/2020 13:48;5.13;1.83;1.23;34;3.21;2.08;26.58;12.62;4.49;8.54;dsp_parametros_60.txt;1041;1004;37;26;84.1;42.6;74.1;22034;6.74;592;622;53.2;184824;0;767;175;168;3.99;750;191;66;29.62;12.11;0.96;65;data;165;'-13;147;64;'-16;123;123;680;0;0;3.426;95.2;0.106;4.741;0;3;3300;3300
db_buhler_1_dsp;;1,5968E+18;14.81;1596.5;985; OK;0;1019;193710;36;2.8;2.8;2.6;2.3;15/05/2020 14:57;5.13;1.85;1.25;32;3.21;2.08;26.7;12.61;4.54;8.34;dsp_parametros_60.txt;1043;1007;37;26;82;41.9;74.9;22017;6.7;635;625;53.2;184867;0;767;175;168;3.99;750;190;66;29.26;12.08;0.96;108;data;166;'-13;148;64;'-16;124;123;683;0;0;3.474;95;0.107;4.779;0;3;3300;3300
db_buhler_1_dsp;;1,5968E+18;14.81;1596.5;985; OK;0;1017;193556;36;2.6;2.7;2.6;2.3;15/05/2020 10:41;5.12;1.8;1.25;33;3.18;2.12;26.38;12.61;4.54;8.32;dsp_parametros_60.txt;1042;1006;37;26;83.7;42.1;74.8;22066;6.68;481;624;53.3;184713;0;766;174;168;3.99;750;191;67;29.6;12.02;0.96;180;data;166;'-13;148;62;'-16;123;122;688;0;0;3.483;94.9;0.106;4.883;0;3;3300;3300
db_buhler_1_dsp;;1,5968E+18;14.73;1596.6;985; OK;0;1019;193616;36;2.7;2.8;2.6;2.3;15/05/2020 12:27;5.13;1.81;1.24;32;3.21;2.13;26.22;12.61;4.52;8.31;dsp_parametros_60.txt;1043;1007;36;26;82.3;42.3;74.4;22040;6.68;541;625;53.1;184773;0;767;175;168;3.98;750;190;66;29.96;12.03;0.96;14;data;166;'-13;148;63;'-16;122;122;686;0;0;3.453;94.9;0.107;4.704;0;3;3300;3300
db_buhler_1_dsp;;1,5968E+18;14.7;1596.5;985; OK;0;1018;193618;35;2.7;2.7;2.5;2.3;15/05/2020 12:31;5.13;1.82;1.25;33;3.21;2.12;26.4;12.62;4.53;8.31;dsp_parametros_60.txt;1042;1007;38;28;83.3;43.1;75.8;22080;6.72;543;625;53.2;184775;0;766;175;168;3.99;750;191;66;29.92;12.07;0.96;16;data;166;'-13;148;63;'-16;123;122;686;0;0;3.464;95.1;0.107;4.56;0;3;3300;3300
db_buhler_1_dsp;;1,5968E+18;14.94;1596.2;985; OK;0;1018;193369;36;2.6;2.7;2.6;2.3;15/05/2020 04:48;5.12;1.82;1.25;33;3.21;2.17;26.6;12.62;4.59;8.34;dsp_parametros_60.txt;1042;1006;36;26;83;41.6;74.3;22062;6.72;294;624;53.3;184526;0;764;171;164;3.99;750;190;67;29.9;12.09;0.97;72;data;165;'-13;148;58;'-16;121;120;684;0;0;3.522;95.4;0.107;4.864;0;3;3300;3300
db_buhler_1_dsp;;1,5968E+18;14.6;1596.4;984; OK;0;1017;193427;36;2.6;2.6;2.4;2.2;15/05/2020 06:56;5.13;1.82;1.24;35;3.19;2.15;26.32;12.61;4.56;8.33;dsp_parametros_60.txt;1040;1004;35;24;83.9;42.2;75.5;22030;6.66;352;622;53.2;184584;0;765;173;166;3.99;750;192;69;29.7;12.02;0.97;51;data;165;'-13;148;59;'-16;122;121;681;0;0;3.502;94.9;0.106;4.485;0;3;3300;3300
db_buhler_1_dsp;;1,5968E+18;14.8;1596.5;985; OK;0;1018;193684;37;2.8;2.8;2.6;2.3;15/05/2020 14:15;5.12;1.82;1.25;32;3.21;2.1;26.64;12.61;4.53;8.42;dsp_parametros_60.txt;1043;1006;37;26;82.5;41.4;73.7;22049;6.74;609;624;53.1;184841;0;768;175;168;3.98;751;190;67;29.64;12.08;0.96;82;data;166;'-13;147;64;'-16;124;123;683;0;0;3.465;95.2;0.107;4.743;0;3;3300;3300
db_buhler_1_dsp;;1,5968E+18;14.89;1596.5;985; OK;0;1019;193713;36;2.8;2.8;2.6;2.3;15/05/2020 15:01;5.13;1.9;1.24;32;3.21;2.1;26.68;12.62;4.52;8.39;dsp_parametros_60.txt;1043;1007;38;27;83.5;41.8;74.6;22075;6.72;638;625;53.3;184870;0;766;175;168;4;750;190;64;29.6;12.08;0.96;111;data;166;'-13;149;64;'-16;124;123;683;0;0;3.462;95.4;0.107;4.876;0;3;3300;3300
db_buhler_1_dsp;;1,5968E+18;14.98;1596.6;985; OK;0;1020;193779;36;2.7;2.7;2.5;2.4;15/05/2020 17:49;5.12;1.82;1.26;31;3.21;2.12;26.8;12.62;4.54;8.37;dsp_parametros_60.txt;1044;1008;38;28;83.1;42.3;72.8;22055;6.74;704;626;53.1;184936;0;766;175;169;3.98;751;190;69;30.24;12.11;0.96;177;data;165;'-13;149;62;'-16;122;122;686;0;0;3.48;96;0.107;4.607;0;3;3300;3300
db_buhler_1_dsp;;1,5968E+18;15.09;1596.2;984; OK;0;1017;193345;35;2.7;2.7;2.6;2.4;15/05/2020 04:10;5.13;1.78;1.24;34;3.22;2.24;26.34;12.62;4.63;8.37;dsp_parametros_60.txt;1041;1006;33;23;83.4;41.5;74.8;22106;6.64;270;624;53.2;184502;0;762;171;164;3.99;750;192;70;29.64;12.01;0.98;48;data;163;'-13;147;56;'-16;119;119;684;0;0;3.569;95;0.107;4.825;0;3;3300;3300
db_buhler_1_dsp;;1,5968E+18;14.64;1596.3;984; OK;0;1018;193429;37;2.6;2.6;2.5;2.2;15/05/2020 07:00;5.13;1.84;1.25;34;3.2;2.12;26.5;12.61;4.57;8.3;dsp_parametros_60.txt;1041;1004;36;25;83.5;41.3;73.1;22068;6.7;354;622;53.2;184586;0;765;173;166;3.99;749;192;70;30.22;12.06;0.96;53;data;165;'-13;147;59;'-16;122;121;683;0;0;3.509;95.5;0.107;4.657;0;3;3300;3300
db_buhler_1_dsp;;1,5968E+18;14.72;1596.3;985; OK;0;1018;193437;35;2.6;2.6;2.5;2.2;15/05/2020 07:12;5.12;1.81;1.24;33;3.2;2.12;26.32;12.61;4.57;8.36;dsp_parametros_60.txt;1042;1007;35;25;83.3;42.1;74.2;22040;6.66;362;625;53.2;184594;0;766;173;166;3.99;751;190;67;29.94;12.03;0.97;61;data;165;'-13;149;60;'-16;122;121;683;0;0;3.506;95.1;0.107;4.569;0;3;3300;3300
db_buhler_1_dsp;;1,5968E+18;14.65;1596.3;985; OK;0;1018;193444;36;2.6;2.6;2.5;2.2;15/05/2020 07:23;5.12;1.83;1.24;33;3.19;2.14;26.58;12.62;4.59;8.29;dsp_parametros_60.txt;1042;1006;36;25;83.8;42.2;74.2;22028;6.68;369;624;53.2;184601;0;764;173;166;3.99;750;192;68;29.94;12.05;0.97;68;data;165;'-13;147;60;'-16;122;122;685;0;0;3.534;95.4;0.107;4.675;0;3;3300;3300
db_buhler_1_dsp;;1,5968E+18;14.85;1596.3;984; OK;0;1018;193445;36;2.6;2.6;2.5;2.2;15/05/2020 07:25;5.13;1.83;1.25;33;3.2;2.14;26.34;12.62;4.58;8.32;dsp_parametros_60.txt;1042;1006;36;25;83.9;42.4;74.5;22006;6.74;370;624;53.2;184602;0;766;173;166;3.99;750;191;69;29.82;12.11;0.96;69;data;166;'-13;148;60;'-16;122;122;685;0;0;3.515;95.1;0.106;4.74;0;3;3300;3300
db_buhler_1_dsp;;1,5968E+18;14.68;1596.4;986; OK;0;1020;193457;36;2.6;2.6;2.5;2.2;15/05/2020 07:44;5.12;1.85;1.24;31;3.18;2.13;26.58;12.61;4.56;8.31;dsp_parametros_60.txt;1044;1008;37;26;82.9;41.6;74;22025;6.66;382;626;53.1;184614;0;766;173;166;3.98;749;192;69;29.92;12.01;0.96;81;data;166;'-13;148;60;'-16;123;122;687;0;0;3.491;95.4;0.107;4.694;0;3;3300;3300
db_buhler_1_dsp;;1,5968E+18;13.97;1596.4;992;LOK;0;1022;193390;37;2.6;2.7;2.6;2.4;15/05/2020 05:58;5.12;1.48;1.25;30;3.19;2.28;25.38;12.61;4.91;8.39;dsp_parametros_60.txt;1045;1008;36;25;82.7;42.9;73.8;22043;8.62;315;626;50.7;184547;0;763;173;165;3.81;749;191;73;29.9;13.98;0.97;14;data;141;'-13;116;57;'-16;112;108;688;0;0;3.844;96.4;0.109;5.007;0;3;3300;3300
db_buhler_1_dsp;;1,5968E+18;14.87;1596.4;985; OK;0;1018;193505;35;2.6;2.6;2.5;2.2;15/05/2020 09:00;5.15;1.81;1.25;33;3.2;2.11;26.4;12.61;4.54;8.37;dsp_parametros_60.txt;1042;1007;36;25;83.5;41.5;74.8;22031;6.72;430;625;53.2;184662;0;765;173;167;3.99;750;190;67;29.94;12.06;0.96;129;data;165;'-13;148;61;'-16;123;122;681;0;0;3.481;95.2;0.107;4.667;0;3;3300;3300
db_buhler_1_dsp;;1,5968E+18;14.88;1596.4;985; OK;0;1020;193507;35;2.7;2.7;2.6;2.3;15/05/2020 09:03;5.15;1.81;1.24;32;3.2;2.11;26.42;12.61;4.54;8.37;dsp_parametros_60.txt;1043;1008;37;26;82.7;41;74.7;22041;6.66;432;626;53.2;184664;0;766;173;167;3.99;750;193;67;29.9;12.01;0.96;131;data;165;'-13;147;61;'-16;123;122;681;0;0;3.486;95.4;0.107;4.719;0;3;3300;3300
db_buhler_1_dsp;;1,5968E+18;14.64;1596.5;985; OK;0;1018;193509;35;2.7;2.7;2.5;2.3;15/05/2020 09:07;5.13;1.82;1.24;33;3.2;2.1;26.58;12.61;4.54;8.57;dsp_parametros_60.txt;1042;1007;38;28;81.9;42.2;74.4;22083;6.7;434;625;53.2;184666;0;765;173;167;3.99;749;190;69;29.92;12.05;0.96;133;data;166;'-13;148;61;'-16;123;122;683;0;0;3.472;95.7;0.107;4.439;0;3;3300;3300
db_buhler_1_dsp;;1,5968E+18;14.89;1596.5;984; OK;0;1017;193558;36;2.6;2.7;2.6;2.3;15/05/2020 10:44;5.15;1.83;1.24;33;3.19;2.13;26.44;12.62;4.56;8.39;dsp_parametros_60.txt;1042;1006;38;28;83.6;41.3;73.4;22063;6.68;483;624;53.1;184715;0;765;174;168;3.98;750;192;68;29.94;12.04;0.96;182;data;166;'-13;148;62;'-16;123;122;684;0;0;3.498;95.5;0.106;4.886;0;3;3300;3300
db_buhler_1_dsp;;1,5968E+18;14.49;1596.6;987; OK;0;1022;193201;36;2.6;2.6;2.6;2.3;13/05/2020 15:18;5.15;1.81;1.24;28;3.18;2.1;26.28;12.61;4.51;8.33;dsp_parametros_60.txt;1047;1011;38;27;83.9;42.5;72.9;22018;6.72;126;629;53.1;184358;0;768;177;170;3.98;749;188;64;29.66;12.07;0.95;119;data;167;'-13;151;63;'-16;125;124;684;0;0;3.447;94.9;0.108;4.652;0;3;3300;3300
db_buhler_1_dsp;;1,5968E+18;14.55;1596.5;985; OK;0;1018;193574;36;2.6;2.7;2.5;2.2;15/05/2020 11:10;5.11;1.83;1.25;33;3.21;2.09;26.36;12.62;4.56;8.35;dsp_parametros_60.txt;1042;1006;37;26;82.6;42.6;74.4;22028;6.66;499;624;53.2;184731;0;767;174;168;3.99;750;191;69;29.94;12.01;0.96;198;data;166;'-13;148;62;'-16;123;123;685;0;0;3.493;95.1;0.106;4.525;0;3;3300;3300
db_buhler_1_dsp;;1,5968E+18;13.44;1596.4;930;BAD;0;1014;193303;23;2.6;2.8;2.6;2.7;15/05/2020 03:03;5.12;1.54;1.1;38;3.18;3.04;25.4;12.61;5.33;8.61;dsp_parametros_60.txt;1037;1014;32;24;80.6;40;68.5;21985;13.66;228;632;25.7;184460;0;286;170;160;1.93;247;192;27;29.68;19.1;1.03;6;data;163;'-13;116;49;'-16;105;102;685;0;0;4.284;102.3;0.202;5.774;0;3;3300;3300
db_buhler_1_dsp;;1,5968E+18;14.9;1596.5;986; OK;0;1020;193705;36;2.8;2.8;2.6;2.3;15/05/2020 14:49;5.12;1.87;1.24;31;3.21;2.1;26.78;12.62;4.53;8.33;dsp_parametros_60.txt;1044;1008;37;26;82.8;40.5;72.2;22061;8.02;630;626;53.1;184862;0;766;175;168;3.98;749;190;68;29.52;13.38;0.96;103;data;165;'-13;147;65;'-16;123;123;683;0;0;3.467;96.6;0.107;4.668;0;3;3300;3300
db_buhler_1_dsp;;1,5968E+18;14.62;1596.6;985; OK;0;1018;193729;36;2.6;2.7;2.5;2.3;15/05/2020 15:51;5.12;1.83;1.25;33;3.21;2.18;26.18;12.62;4.53;8.38;dsp_parametros_60.txt;1042;1006;40;28;83.3;42.3;74.7;22011;6.7;654;624;53.2;184886;0;767;176;169;3.99;750;190;70;29.94;12.08;0.96;127;data;170;'-13;150;66;'-16;124;123;682;0;0;3.472;95;0.106;4.626;0;3;3300;3300
db_buhler_1_dsp;;1,5968E+18;14.15;1596.2;985; OK;0;1020;193315;35;2.7;2.8;2.6;2.6;15/05/2020 03:22;5.12;1.68;1.1;31;3.26;2.89;26.18;12.62;4.8;8.38;dsp_parametros_60.txt;1044;1009;33;24;82.7;43;74.9;22079;6.66;240;627;53.2;184472;0;755;171;163;3.99;750;191;68;29.3;12.03;1;18;data;162;'-13;147;52;'-16;116;115;685;0;0;3.738;94.6;0.108;4.937;0;3;3300;3300
db_buhler_1_dsp;;1,5968E+18;14.56;1596.2;985; OK;0;1020;193335;36;2.7;2.7;2.6;2.4;15/05/2020 03:54;5.12;1.79;1.26;32;3.22;2.29;26.46;12.62;4.66;8.43;dsp_parametros_60.txt;1043;1007;34;24;84.1;42.1;73.6;22055;6.68;260;625;53.2;184492;0;762;170;163;3.99;749;190;70;30;12.05;0.98;38;data;163;'-13;146;55;'-16;119;118;682;0;0;3.594;95.5;0.107;4.739;0;3;3300;3300
db_buhler_1_dsp;;1,5968E+18;14.77;1596.2;984; OK;0;1018;193340;35;2.7;2.8;2.6;2.5;15/05/2020 04:02;5.13;1.79;1.25;33;3.22;2.31;26.56;12.62;4.63;8.37;dsp_parametros_60.txt;1042;1007;33;23;82.7;42.8;75.3;22015;6.78;265;625;53.2;184497;0;762;171;163;3.99;751;193;70;29.64;12.13;0.98;43;data;163;'-13;148;56;'-16;119;118;683;0;0;3.566;95.2;0.107;4.732;0;3;3300;3300
db_buhler_1_dsp;;1,5968E+18;15.14;1596.2;985; OK;0;1018;193358;35;2.6;2.7;2.5;2.4;15/05/2020 04:31;5.12;1.81;1.25;33;3.22;2.16;26.5;12.62;4.59;8.35;dsp_parametros_60.txt;1042;1007;35;25;80.9;42.3;74;22057;6.72;283;625;53.2;184515;0;763;171;164;3.99;750;189;68;29.88;12.09;0.97;61;data;164;'-13;147;57;'-16;120;119;687;0;0;3.526;95.5;0.107;4.542;0;3;3300;3300
db_buhler_1_dsp;;1,5968E+18;14.36;1596.4;985; OK;0;1018;193393;36;2.6;2.7;2.5;2.3;15/05/2020 06:02;5.12;1.75;1.24;33;3.21;2.21;25.86;12.62;4.6;8.39;dsp_parametros_60.txt;1042;1006;37;26;82.6;41.9;75.7;21999;6.62;318;624;53.1;184550;0;763;173;166;3.98;750;192;71;29.66;11.98;0.97;17;data;162;'-12;149;58;'-16;117;116;681;0;0;3.534;94.6;0.107;4.589;0;3;3300;3300
db_buhler_1_dsp;;1,5968E+18;14.65;1596.6;986; OK;0;1021;193223;36;2.6;2.6;2.5;2.2;13/05/2020 15:52;5.12;1.8;1.26;29;3.18;2.08;26.3;12.61;4.5;8.31;dsp_parametros_60.txt;1046;1010;36;25;82;42.2;73.7;22052;6.82;148;628;53.1;184380;0;767;177;170;3.98;751;191;65;29.9;12.19;0.95;141;data;167;'-13;150;64;'-16;125;124;686;0;0;3.438;95.1;0.107;4.696;0;3;3300;3300
db_buhler_1_dsp;;1,5968E+18;15.12;1596.5;985; OK;0;1018;193660;36;2.7;2.7;2.5;2.2;15/05/2020 13:37;5.13;1.83;1.24;32;3.21;2.1;26.64;12.62;4.5;8.32;dsp_parametros_60.txt;1043;1007;37;26;83.5;41.6;74.3;22065;6.62;585;625;53.2;184817;0;767;175;168;3.99;749;191;66;29.64;11.97;0.96;58;data;166;'-13;148;64;'-16;124;123;686;0;0;3.444;95.2;0.107;4.724;0;3;3300;3300
db_buhler_1_dsp;;1,5968E+18;14.69;1596.4;984; OK;0;1016;193411;37;2.6;2.6;2.5;2.2;15/05/2020 06:31;5.12;1.81;1.24;34;3.2;2.15;26.46;12.61;4.59;8.36;dsp_parametros_60.txt;1041;1004;36;25;83.2;41.8;75.2;22023;6.64;336;622;53.2;184568;0;765;173;166;3.99;750;192;70;29.66;12.01;0.97;35;data;165;'-13;148;59;'-16;122;121;686;0;0;3.525;95;0.107;4.889;0;3;3300;3300
db_buhler_1_dsp;;1,5968E+18;14.51;1596.6;986; OK;0;1021;193251;36;2.6;2.6;2.5;2.3;13/05/2020 16:56;5.13;1.81;1.25;29;3.18;2.07;26.04;12.61;4.52;8.34;dsp_parametros_60.txt;1046;1010;38;27;82.6;42.7;72.9;22052;6.68;176;628;53.2;184408;0;768;177;170;3.99;750;190;64;29.94;12.05;0.95;169;data;166;'-13;150;64;'-16;124;124;686;0;0;3.454;95;0.107;4.699;0;3;3300;3300
db_buhler_1_dsp;;1,5968E+18;14.85;1596.3;984; OK;0;1018;193459;35;2.7;2.7;2.5;2.3;15/05/2020 07:47;5.12;1.81;1.25;33;3.19;2.1;26.74;12.61;4.55;8.32;dsp_parametros_60.txt;1042;1007;36;25;82.6;41.5;74.1;22057;6.68;384;625;53.2;184616;0;765;173;166;3.99;750;192;68;29.62;12.05;0.96;83;data;166;'-13;148;60;'-16;123;122;686;0;0;3.486;95.2;0.107;4.635;0;3;3300;3300
db_buhler_1_dsp;;1,5968E+18;14.59;1596.5;986; OK;0;1022;193118;36;2.7;2.6;2.5;2.2;13/05/2020 12:51;5.12;1.82;1.24;29;3.19;2.11;26.16;12.61;4.53;8.33;dsp_parametros_60.txt;1046;1010;36;25;81.7;42;74.6;22026;6.78;43;628;53.1;184275;0;766;177;170;3.98;750;191;66;29.26;12.14;0.96;36;data;167;'-13;152;63;127;125;124;686;0;0;3.465;94.6;0.108;4.629;0;3;3300;3300
db_buhler_1_dsp;;1,5968E+18;13.6;1596.6;930;BAD;0;1014;193152;24;2.7;2.7;2.6;2.4;13/05/2020 14:00;5.13;1.59;1.25;37;3.15;2.17;25.04;12.61;4.95;8.21;dsp_parametros_60.txt;1038;1014;0;0;0.1;0.1;'-0.1;22021;13.06;77;632;25.8;184309;0;307;178;169;1.93;251;193;24;29.88;18.44;0.96;70;data;143;'-13;116;65;'-16;119;112;688;0;0;3.893;100.4;0.201;5.863;0;3;3300;3300
db_buhler_1_dsp;;1,5968E+18;14.78;1596.3;984; OK;0;1017;193480;37;2.6;2.6;2.4;2.1;15/05/2020 08:21;5.13;1.81;1.24;34;3.19;2.1;26.48;12.62;4.54;8.3;dsp_parametros_60.txt;1041;1004;36;25;83.1;42.9;75;22075;6.68;405;622;53.2;184637;0;765;173;166;3.99;750;190;69;30.22;12.03;0.96;104;data;165;'-13;147;61;'-16;122;122;684;0;0;3.488;95.5;0.107;4.758;0;3;3300;3300
db_buhler_1_dsp;;1,5968E+18;14.39;1596.6;986; OK;0;1021;193171;35;2.7;2.6;2.6;2.3;13/05/2020 14:30;5.12;1.8;1.24;30;3.18;2.08;26.04;12.62;4.51;8.33;dsp_parametros_60.txt;1045;1010;37;26;81.8;41.4;73.4;22076;6.72;96;628;53.1;184328;0;769;177;170;3.98;749;192;67;29.9;12.08;0.95;89;data;166;'-13;149;63;'-16;124;124;684;0;0;3.442;94.7;0.107;4.648;0;3;3300;3300
db_buhler_1_dsp;;1,5968E+18;14.45;1596.6;986; OK;0;1022;193196;36;2.7;2.6;2.6;2.3;13/05/2020 15:10;5.12;1.84;1.24;28;3.18;2.06;26.14;12.62;4.53;8.3;dsp_parametros_60.txt;1047;1011;37;26;81.1;42.4;74.4;22038;6.72;121;629;53.1;184353;0;767;177;170;3.98;750;192;66;29.86;12.09;0.95;114;data;166;'-13;152;63;'-16;125;123;683;0;0;3.462;95;0.108;4.754;0;3;3300;3300
db_buhler_1_dsp;;1,5968E+18;14.96;1596.5;986; OK;0;1020;193596;36;2.6;2.7;2.5;2.2;15/05/2020 11:44;5.12;1.83;1.24;31;3.22;2.09;26.5;12.62;4.54;8.37;dsp_parametros_60.txt;1044;1008;36;25;83.7;42.8;74.9;22047;6.74;521;626;53.2;184753;0;768;175;168;3.99;749;190;66;29.58;12.11;0.96;220;data;166;'-13;148;63;'-16;124;123;683;0;0;3.475;95;0.107;4.621;0;3;3300;3300
db_buhler_1_dsp;;1,5968E+18;14.96;1596.2;985; OK;0;1020;193342;35;2.7;2.7;2.6;2.4;15/05/2020 04:05;5.13;1.8;1.24;32;3.22;2.24;26.32;12.62;4.62;8.4;dsp_parametros_60.txt;1043;1008;33;23;82.3;40.5;74.2;22014;6.7;267;626;53.2;184499;0;764;171;163;3.99;750;193;69;29.94;12.07;0.97;45;data;163;'-13;147;56;'-16;119;118;683;0;0;3.557;95.2;0.107;4.686;0;3;3300;3300
db_buhler_1_dsp;;1,5968E+18;14.74;1596.2;984; OK;0;1018;193344;36;2.7;2.7;2.6;2.4;15/05/2020 04:08;5.13;1.82;1.24;33;3.22;2.22;26.48;12.62;4.61;8.39;dsp_parametros_60.txt;1042;1006;33;23;81.7;43.2;73;22057;6.7;269;624;53.2;184501;0;762;171;163;3.99;750;190;70;29.92;12.06;0.98;47;data;163;'-13;146;56;'-16;119;119;684;0;0;3.546;95.5;0.107;4.754;0;3;3300;3300
db_buhler_1_dsp;;1,5968E+18;13.99;1596.3;990;LOK;0;1019;193380;39;2.6;2.8;2.6;2.5;15/05/2020 05:35;5.13;1.49;1.18;33;3.2;2.29;25.44;12.62;4.95;8.61;dsp_parametros_60.txt;1042;1003;43;27;81.8;41.9;73.1;21947;8.78;305;621;50.8;184537;0;763;172;163;3.81;750;190;64;29.62;14.15;0.98;4;data;188;'-13;130;62;'-16;126;121;684;0;0;3.879;96.8;0.108;5.069;0;3;3300;3300
db_buhler_1_dsp;;1,5968E+18;13.57;1596.4;930;BAD;0;1013;193378;24;2.6;2.7;2.6;2.5;15/05/2020 05:31;5.15;1.49;1.19;39;3.22;2.4;25.64;12.61;5.19;8.33;dsp_parametros_60.txt;1036;1012;0;0;'-0.1;0;'-0.1;21990;13.06;303;630;25.8;184535;0;303;171;163;1.93;250;194;29;29.88;18.44;0.98;2;data;132;'-13;106;57;'-16;107;99;688;0;0;4.134;101.5;0.202;5.821;0;3;3300;3300
db_buhler_1_dsp;;1,5968E+18;13.62;1596.4;930;BAD;0;1011;193377;17;2.7;2.8;2.6;2.6;15/05/2020 05:30;5.12;1.84;1.24;48;3.19;2.15;26.7;12.62;5.14;9.28;dsp_parametros_60.txt;1027;1010;40;27;0;0;'-0.1;22243;23.04;302;628;25.7;184534;0;312;172;165;1.93;250;191;35;29.66;28.54;0.99;1;data;84;'-13;79;52;'-16;84;75;690;0;0;4.079;1814.9;0.202;4.864;0;3;3300;3300
db_buhler_1_dsp;;1,5968E+18;14.5;1596.4;984; OK;0;1018;193431;36;2.6;2.6;2.4;2.2;15/05/2020 07:03;5.13;1.84;1.24;33;3.2;2.14;26.66;12.62;4.58;8.46;dsp_parametros_60.txt;1042;1006;36;26;83.4;41.7;73.6;22065;6.72;356;624;53.1;184588;0;764;173;166;3.98;750;194;69;29.84;12.07;0.97;55;data;165;'-13;148;59;'-16;122;121;683;0;0;3.523;95.6;0.107;4.819;0;3;3300;3300
db_buhler_1_dsp;;1,5968E+18;14.75;1596.4;984; OK;0;1018;193432;38;2.7;2.7;2.5;2.3;15/05/2020 07:04;5.12;1.84;1.24;33;3.19;2.14;26.2;12.61;4.58;8.39;dsp_parametros_60.txt;1042;1004;37;27;83.7;42.6;74.5;22018;6.7;357;622;53.2;184589;0;764;173;166;3.99;750;191;68;29.58;12.07;0.97;56;data;165;'-13;148;60;'-16;122;121;683;0;0;3.51;94.9;0.107;4.749;0;3;3300;3300
db_buhler_1_dsp;;1,5968E+18;14.72;1596.5;986; OK;0;1020;193636;36;2.7;2.7;2.5;2.3;15/05/2020 12:59;5.15;1.82;1.24;31;3.21;2.1;26.34;12.61;4.55;8.32;dsp_parametros_60.txt;1044;1008;38;27;83.5;42.3;74.2;22087;6.72;561;626;53.1;184793;0;766;175;168;3.98;749;190;66;29.6;12.09;0.96;34;data;166;'-13;147;63;'-16;124;123;683;0;0;3.483;95;0.107;4.613;0;3;3300;3300
db_buhler_1_dsp;;1,5968E+18;14.62;1596.5;986; OK;0;1019;193638;35;2.7;2.7;2.5;2.3;15/05/2020 13:02;5.13;1.83;1.25;32;3.21;2.07;26.24;12.61;4.54;8.29;dsp_parametros_60.txt;1043;1008;36;25;81.7;42.3;75.1;22048;6.76;563;626;53.1;184795;0;767;175;168;3.98;750;192;67;29.6;12.13;0.96;36;data;166;'-13;147;63;'-16;123;123;683;0;0;3.478;94.9;0.107;4.73;0;3;3300;3300
db_buhler_1_dsp;;1,5968E+18;14.84;1596.5;985; OK;0;1019;193686;36;2.8;2.8;2.6;2.3;15/05/2020 14:19;5.12;1.84;1.24;32;3.21;2.07;26.32;12.62;4.52;8.18;dsp_parametros_60.txt;1043;1007;38;27;84.8;41.5;74.9;22039;6.76;611;625;53.1;184843;0;766;175;168;3.98;749;191;67;29.92;12.13;0.96;84;data;166;'-13;147;64;'-16;124;123;684;0;0;3.456;95;0.107;4.705;0;3;3300;3300
db_buhler_1_dsp;;1,5968E+18;14.73;1596.6;985; OK;0;1018;193687;35;2.7;2.7;2.6;2.3;15/05/2020 14:20;5.15;1.84;1.24;33;3.21;2.1;26.44;12.61;4.52;8.35;dsp_parametros_60.txt;1042;1007;38;26;82.1;41.3;74.9;22039;6.72;612;625;53.1;184844;0;767;175;168;3.98;750;191;68;29.62;12.08;0.96;85;data;166;'-13;147;64;'-16;124;123;685;0;0;3.453;95.1;0.107;4.595;0;3;3300;3300
db_buhler_1_dsp;;1,5968E+18;14.79;1596.5;986; OK;0;1020;193688;36;2.8;2.8;2.6;2.3;15/05/2020 14:22;5.15;1.84;1.24;31;3.21;2.08;26.38;12.61;4.53;8.32;dsp_parametros_60.txt;1044;1008;37;26;81.8;42.8;75;22032;6.76;613;626;53.1;184845;0;766;175;168;3.98;751;191;67;29.84;12.12;0.96;86;data;166;'-13;147;64;'-16;124;123;685;0;0;3.462;95.1;0.107;4.769;0;3;3300;3300
db_buhler_1_dsp;;1,5968E+18;14.63;1596.6;986; OK;0;1021;193212;37;2.7;2.6;2.6;2.3;13/05/2020 15:35;5.12;1.82;1.24;29;3.18;2.1;26.34;12.61;4.5;8.33;dsp_parametros_60.txt;1046;1009;37;26;81.9;41.7;73.6;22060;6.7;137;627;53.2;184369;0;767;177;170;3.99;750;190;65;29.92;12.06;0.95;130;data;166;'-13;150;64;'-16;125;124;686;0;0;3.438;95;0.108;4.753;0;3;3300;3300
db_buhler_1_dsp;;1,5968E+18;14.49;1596.6;986; OK;0;1021;193207;36;2.6;2.6;2.6;2.3;13/05/2020 15:27;5.15;1.81;1.25;30;3.17;2.11;26.34;12.62;4.51;8.39;dsp_parametros_60.txt;1045;1009;37;26;82.2;42.9;72.6;22038;6.72;132;627;53.2;184364;0;767;177;170;3.99;750;192;65;30.2;12.09;0.95;125;data;166;'-13;149;64;'-16;125;123;685;0;0;3.443;95.6;0.108;4.635;0;3;3300;3300
db_buhler_1_dsp;;1,5968E+18;15.46;1596.6;986; OK;0;1020;193836;35;2.6;2.7;2.5;2.3;15/05/2020 20:19;5.11;1.84;1.25;31;3.21;2.1;27.16;12.61;4.55;8.32;dsp_parametros_60.txt;1044;1009;37;26;82.3;41.1;73.4;22069;6.8;761;627;53.1;184993;0;767;175;168;3.98;751;191;67;29.96;12.17;0.96;44;data;165;'-13;150;59;'-16;123;123;684;0;0;3.49;96;0.107;4.556;0;3;3300;3300
db_buhler_1_dsp;;1,5968E+18;14.31;1596.6;986; OK;0;1020;193177;36;2.6;2.6;2.6;2.2;13/05/2020 14:40;5.13;1.81;1.24;30;3.18;2.08;26;12.62;4.53;8.36;dsp_parametros_60.txt;1045;1009;36;24;82.6;41.8;73.3;22025;6.68;102;627;53.1;184334;0;767;177;170;3.98;750;191;65;29.86;12.05;0.95;95;data;166;'-13;150;63;'-16;124;124;685;0;0;3.465;94.9;0.107;4.803;0;3;3300;3300
db_buhler_1_dsp;;1,5968E+18;15.03;1596.5;985; OK;0;1019;193592;36;2.7;2.7;2.5;2.3;15/05/2020 11:38;5.13;1.83;1.24;31;3.21;2.11;26.66;12.61;4.54;8.36;dsp_parametros_60.txt;1044;1008;38;27;82.8;42.4;74.7;21991;6.68;517;626;53.2;184749;0;767;174;168;3.99;750;192;66;30;12.03;0.96;216;data;166;'-13;148;63;'-16;123;123;686;0;0;3.472;95.5;0.107;4.666;0;3;3300;3300
db_buhler_1_dsp;;1,5968E+18;15.32;1596.6;985; OK;0;1020;193872;36;2.6;3;2.7;2.7;15/05/2020 22:47;5.13;1.84;1.24;30;3.2;2.12;26.92;12.62;4.54;8.39;dsp_parametros_60.txt;1045;1009;35;24;81.1;41.5;73.6;22068;6.66;797;627;53.2;185029;0;765;175;168;3.99;749;190;68;29.76;12.03;0.96;80;data;164;'-13;151;57;'-16;121;121;685;0;0;3.475;95.6;0.108;4.702;0;3;3300;3300
db_buhler_1_dsp;;1,5968E+18;14.51;1596.6;986; OK;0;1023;193293;36;2.6;2.6;2.5;2.2;13/05/2020 18:03;5.13;1.81;1.25;27;3.18;2.07;26.24;12.61;4.51;8.32;dsp_parametros_60.txt;1048;1012;37;26;82.7;41.8;72.9;22017;6.72;218;630;53.1;184450;0;768;177;170;3.98;750;192;65;29.64;12.09;0.96;211;data;167;'-13;150;64;'-16;125;125;686;0;0;3.447;94.9;0.108;4.734;0;3;3300;3300
db_buhler_1_dsp;;1,5968E+18;15.35;1596.6;984; OK;0;1018;193801;36;2.7;2.7;2.5;2.3;15/05/2020 18:24;5.13;1.83;1.25;33;3.21;2.11;26.82;12.61;4.52;8.32;dsp_parametros_60.txt;1042;1006;39;27;81.8;42.8;73.3;22039;6.66;726;624;53.3;184958;0;766;176;168;3.99;751;192;67;29.6;12.02;0.96;9;data;166;'-13;150;62;'-16;124;124;683;0;0;3.461;95.4;0.107;4.611;0;3;3300;3300
db_buhler_1_dsp;;1,5968E+18;14.48;1596.5;987; OK;0;1022;193109;36;2.7;2.7;2.7;2.3;13/05/2020 12:37;5.12;1.81;1.24;28;3.18;2.1;26.04;12.62;4.5;8.1;dsp_parametros_60.txt;1047;1011;38;27;83;42.6;73.6;22053;6.66;34;629;53.1;184266;0;767;177;170;3.98;750;190;66;29.62;12.01;0.95;27;data;167;'-13;152;62;127;125;124;685;0;0;3.443;94.1;0.108;4.829;0;3;3300;3300
db_buhler_1_dsp;;1,5968E+18;14.61;1596.5;986; OK;0;1019;193575;36;2.6;2.7;2.6;2.3;15/05/2020 11:11;5.13;1.84;1.24;32;3.21;2.14;26.24;12.61;4.55;8.31;dsp_parametros_60.txt;1043;1007;38;27;83.2;42.7;75.3;22062;6.74;500;625;53.2;184732;0;767;174;168;3.99;750;193;67;29.88;12.09;0.96;199;data;166;'-13;148;62;'-16;123;123;685;0;0;3.483;95;0.106;4.675;0;3;3300;3300
db_buhler_1_dsp;;1,5968E+18;14.25;1596.6;987; OK;0;1022;193166;36;2.7;2.6;2.6;2.3;13/05/2020 14:22;5.12;1.81;1.25;29;3.18;2.08;26.04;12.62;4.51;8.29;dsp_parametros_60.txt;1046;1010;38;27;81.4;42.7;73.5;22043;6.66;91;628;53.1;184323;0;768;177;171;3.98;751;188;66;29.96;12.01;0.95;84;data;166;'-13;150;63;'-16;124;123;684;0;0;3.443;94.7;0.108;4.577;0;3;3300;3300
db_buhler_1_dsp;;1,5968E+18;15.58;1596.6;985; OK;0;1020;193833;36;2.7;2.7;2.6;2.4;15/05/2020 20:15;5.13;1.83;1.24;31;3.21;2.13;26.68;12.61;4.56;8.37;dsp_parametros_60.txt;1044;1008;37;25;83;41.9;74.2;22062;6.7;758;626;53.2;184990;0;764;175;168;3.99;750;192;66;29.88;12.07;0.96;41;data;165;'-13;151;59;'-16;123;123;684;0;0;3.498;95.6;0.107;4.637;0;3;3300;3300
db_buhler_1_dsp;;1,5968E+18;14.92;1596.4;984; OK;0;1016;193463;35;2.7;2.7;2.6;2.3;15/05/2020 07:53;5.15;1.82;1.25;35;3.19;2.12;26.56;12.62;4.57;8.37;dsp_parametros_60.txt;1040;1005;36;26;84;42.9;74.8;22010;6.74;388;623;53.2;184620;0;765;173;166;3.99;750;191;68;29.8;12.1;0.96;87;data;166;'-13;148;60;'-16;122;122;688;0;0;3.509;95.4;0.106;4.535;0;3;3300;3300
db_buhler_1_dsp;;1,5968E+18;15.27;1596.6;986; OK;0;1021;193786;36;2.7;2.7;2.5;2.3;15/05/2020 18:00;5.12;1.82;1.25;29;3.21;2.08;27.12;12.6;4.51;8.34;dsp_parametros_60.txt;1046;1010;37;26;81.7;41.7;72.9;22047;6.74;711;628;53.2;184943;0;766;176;168;3.99;749;190;67;29.92;12.11;0.96;184;data;165;'-13;149;62;'-16;123;123;686;0;0;3.442;96.1;0.107;4.696;0;3;3300;3300
db_buhler_1_dsp;;1,5968E+18;14.83;1596.2;985; OK;0;1018;193355;35;2.6;2.7;2.6;2.4;15/05/2020 04:26;5.12;1.82;1.25;33;3.21;2.17;26.82;12.62;4.57;8.36;dsp_parametros_60.txt;1042;1007;34;24;83;42.3;74.4;22005;6.76;280;625;53.2;184512;0;763;171;164;3.99;750;192;67;29.92;12.12;0.97;58;data;164;'-13;146;57;'-16;120;119;688;0;0;3.513;95.7;0.107;4.678;0;3;3300;3300
db_buhler_1_dsp;;1,5968E+18;14.95;1596.4;985; OK;0;1018;193523;35;2.7;2.7;2.6;2.3;15/05/2020 09:29;5.13;1.82;1.24;33;3.2;2.12;26.42;12.61;4.57;8.34;dsp_parametros_60.txt;1042;1007;35;24;83.7;43;74.7;22009;6.7;448;625;53.2;184680;0;766;174;167;3.99;749;190;66;29.62;12.06;0.96;147;data;166;'-13;147;61;'-16;123;122;686;0;0;3.505;95.1;0.107;4.551;0;3;3300;3300
db_buhler_1_dsp;;1,5968E+18;14.79;1596.5;984; OK;0;1018;193583;36;2.7;2.7;2.5;2.3;15/05/2020 11:24;5.13;1.83;1.25;33;3.21;2.1;26.48;12.62;4.56;8.3;dsp_parametros_60.txt;1042;1006;36;25;82.1;41.6;74.8;22025;6.62;508;624;53.2;184740;0;766;174;168;3.99;750;191;67;29.9;11.96;0.96;207;data;166;'-13;148;63;'-16;123;123;686;0;0;3.494;95.1;0.107;4.732;0;3;3300;3300
db_buhler_1_dsp;;1,5968E+18;14.25;1596.2;984; OK;0;1020;193316;33;2.6;2.8;2.6;2.5;15/05/2020 03:24;5.13;1.66;1.09;33;3.26;2.86;26.22;12.62;4.8;8.38;dsp_parametros_60.txt;1042;1009;34;25;82.7;42;74.2;22076;6.74;241;627;53.2;184473;0;756;170;163;3.99;751;192;68;29.68;12.12;1;19;data;162;'-13;148;52;'-16;116;115;685;0;0;3.736;95.1;0.108;4.51;0;3;3300;3300
db_buhler_1_dsp;;1,5968E+18;15.27;1596.6;986; OK;0;1020;193844;36;2.6;2.7;2.5;2.3;15/05/2020 20:32;5.13;1.83;1.24;31;3.21;2.1;27.06;12.61;4.55;8.35;dsp_parametros_60.txt;1044;1008;39;28;82.9;40.5;73.8;22096;6.64;769;626;53.1;185001;0;766;175;168;3.98;749;192;67;29.92;12.01;0.96;52;data;165;'-13;149;59;'-16;123;123;686;0;0;3.484;95.9;0.107;4.667;0;3;3300;3300
db_buhler_1_dsp;;1,5968E+18;15.1;1596.6;984; OK;0;1018;193845;35;2.7;2.7;2.6;2.4;15/05/2020 20:34;5.12;1.84;1.24;33;3.21;2.11;27;12.61;4.53;8.33;dsp_parametros_60.txt;1042;1007;38;27;82.6;41.3;74.7;22065;6.66;770;625;53.2;185002;0;765;175;168;3.99;750;192;67;29.7;12.03;0.96;53;data;166;'-13;151;59;'-16;124;124;686;0;0;3.468;95.5;0.107;4.567;0;3;3300;3300
db_buhler_1_dsp;;1,5968E+18;13.97;1596.6;992;LOK;0;1023;193153;37;2.7;2.7;2.6;2.4;13/05/2020 14:02;5.13;1.59;1.25;28;3.23;2.15;25.06;12.62;4.8;8.35;dsp_parametros_60.txt;1047;1010;44;29;82;41.3;72.6;22015;8.48;78;628;51;184310;0;765;177;169;3.82;750;191;59;30.2;13.85;0.96;71;data;167;'-13;134;66;'-16;127;120;685;0;0;3.732;96.4;0.11;4.959;0;3;3300;3300
db_buhler_1_dsp;;1,5968E+18;14.61;1596.6;985; OK;0;1019;193732;36;2.7;2.8;2.6;2.4;15/05/2020 15:56;5.15;1.84;1.24;32;3.21;2.14;26.3;12.61;4.53;8.41;dsp_parametros_60.txt;1043;1007;37;25;82.5;42.4;74;22061;6.72;657;625;53.2;184889;0;768;175;169;3.99;750;190;68;29.88;12.07;0.96;130;data;167;'-12;148;65;'-16;123;122;683;0;0;3.467;95.1;0.106;4.734;0;3;3300;3300
db_buhler_1_dsp;;1,5968E+18;14.57;1596.5;986; OK;0;1021;193115;35;2.7;2.6;2.6;2.2;13/05/2020 12:46;5.13;1.84;1.24;30;3.2;2.1;26.2;12.62;4.52;8.34;dsp_parametros_60.txt;1045;1010;37;25;81.3;42.2;72.6;22074;6.72;40;628;53.1;184272;0;767;177;170;3.98;749;190;66;29.9;12.07;0.96;33;data;167;'-13;151;62;127;125;124;685;0;0;3.456;94.9;0.108;4.644;0;3;3300;3300
db_buhler_1_dsp;;1,5968E+18;14.61;1596.5;985; OK;0;1021;193124;35;2.6;2.6;2.5;2.2;13/05/2020 13:00;5.13;1.81;1.25;30;3.2;2.11;26.4;12.61;4.52;8.62;dsp_parametros_60.txt;1045;1010;38;27;80.7;42.8;71.9;22064;6.7;49;628;53.3;184281;0;768;177;170;3.99;750;192;65;29.9;12.06;0.96;42;data;167;'-13;152;62;126;125;124;685;0;0;3.454;95.4;0.108;4.681;0;3;3300;3300
db_buhler_1_dsp;;1,5968E+18;14.62;1596.5;985; OK;0;1020;193133;36;2.7;2.7;2.6;2.3;13/05/2020 13:14;5.12;1.8;1.24;31;3.19;2.06;26.18;12.61;4.52;8.29;dsp_parametros_60.txt;1044;1008;38;27;82.5;42.1;73.8;22040;6.74;58;626;53.2;184290;0;767;177;170;3.99;750;190;67;29.58;12.11;0.96;51;data;167;'-13;150;63;127;126;124;683;0;0;3.46;94.6;0.108;4.675;0;3;3300;3300
db_buhler_1_dsp;;1,5968E+18;14.34;1596.6;988;LOK;0;1021;193766;35;2.7;2.8;2.6;2.5;15/05/2020 17:27;5.12;1.81;1.24;31;3.2;2.16;25.74;12.61;4.65;7.95;dsp_parametros_60.txt;1044;1009;41;28;80.3;37.4;65.1;21973;26.22;691;627;52.5;184923;0;764;176;168;3.94;750;192;65;29.62;31.63;0.96;164;data;153;'-13;133;64;'-16;111;110;684;0;0;3.589;113.6;0.108;4.359;0;3;3300;3300
db_buhler_1_dsp;;1,5968E+18;14.53;1596.5;986; OK;0;1021;193181;36;2.6;2.6;2.6;2.2;13/05/2020 14:46;5.13;1.82;1.25;29;3.18;2.06;26.08;12.61;4.5;8.32;dsp_parametros_60.txt;1046;1010;37;26;80.3;42.1;74.9;22065;6.7;106;628;53.1;184338;0;768;177;170;3.98;750;192;65;29.66;12.05;0.95;99;data;166;'-13;153;63;'-16;124;124;686;0;0;3.438;94.5;0.108;4.799;0;3;3300;3300
db_buhler_1_dsp;;1,5968E+18;14.96;1596.6;985; OK;0;1021;193783;36;2.7;2.8;2.6;2.4;15/05/2020 17:55;5.13;1.86;1.25;29;3.21;2.1;26.88;12.62;4.54;8.53;dsp_parametros_60.txt;1046;1010;36;25;83.1;42.1;73.5;22054;6.68;708;628;53.2;184940;0;767;176;168;3.99;749;189;65;29.6;12.04;0.96;181;data;166;'-13;150;62;'-16;123;123;687;0;0;3.473;95.6;0.108;4.766;0;3;3300;3300
db_buhler_1_dsp;;1,5968E+18;14.5;1596.2;984; OK;0;1018;193326;34;2.7;2.8;2.6;2.5;15/05/2020 03:40;5.13;1.7;1.25;34;3.24;2.48;26.64;12.62;4.79;8.38;dsp_parametros_60.txt;1041;1007;32;23;81.5;41.2;73.4;22084;6.72;251;625;53.2;184483;0;759;170;163;3.99;750;193;71;29.94;12.11;0.98;29;data;162;'-13;146;54;'-16;118;117;681;0;0;3.726;96;0.107;4.827;0;3;3300;3300
db_buhler_1_dsp;;1,5968E+18;15.19;1596.6;985; OK;0;1020;193790;36;2.7;2.7;2.5;2.3;15/05/2020 18:06;5.15;1.87;1.24;31;3.21;2.09;26.78;12.62;4.54;8.48;dsp_parametros_60.txt;1044;1008;38;27;83.7;42.7;74.5;22067;6.72;715;626;53.2;184947;0;766;176;168;3.99;749;189;67;29.62;12.1;0.96;188;data;165;'-13;150;62;'-16;124;123;686;0;0;3.477;95.6;0.107;4.559;0;3;3300;3300
db_buhler_1_dsp;;1,5968E+18;14.31;1596.6;987; OK;0;1023;193163;36;2.6;2.6;2.6;2.3;13/05/2020 14:18;5.13;1.8;1.25;28;3.19;2.07;26.08;12.62;4.49;8.3;dsp_parametros_60.txt;1047;1011;37;26;82.2;43.5;73.3;22087;6.72;88;629;53.1;184320;0;768;177;171;3.98;749;190;65;29.94;12.08;0.95;81;data;166;'-13;151;63;'-16;123;122;683;0;0;3.422;94.9;0.108;4.792;0;3;3300;3300
db_buhler_1_dsp;;1,5968E+18;14.64;1596.6;985; OK;0;1018;193730;36;2.7;2.8;2.6;2.4;15/05/2020 15:53;5.12;1.84;1.25;33;3.21;2.18;26.56;12.61;4.5;8.37;dsp_parametros_60.txt;1042;1006;38;27;82.5;41.7;72.8;22030;6.7;655;624;53.2;184887;0;768;176;169;3.99;749;194;70;30.14;12.07;0.96;128;data;168;'-13;149;65;'-16;123;122;683;0;0;3.448;95.5;0.106;4.55;0;3;3300;3300
db_buhler_1_dsp;;1,5968E+18;15.36;1596.6;985; OK;0;1019;193840;36;2.6;2.7;2.5;2.3;15/05/2020 20:26;5.12;1.86;1.25;31;3.21;2.12;27.18;12.61;4.56;8.35;dsp_parametros_60.txt;1044;1008;37;26;82.5;40.8;72.9;21979;6.72;765;626;53.2;184997;0;766;175;168;3.99;750;191;65;29.96;12.09;0.96;48;data;165;'-13;149;59;'-16;123;123;685;0;0;3.497;96.3;0.107;4.636;0;3;3300;3300
db_buhler_1_dsp;;1,5968E+18;14.65;1596.5;984; OK;0;1017;193670;36;2.7;2.7;2.5;2.2;15/05/2020 13:53;5.15;1.83;1.25;33;3.21;2.1;26.44;12.61;4.52;8.32;dsp_parametros_60.txt;1042;1006;38;27;83.3;42.5;75.5;22018;6.68;595;624;53.2;184827;0;766;175;168;3.99;750;192;67;29.62;12.05;0.96;68;data;166;'-13;147;64;'-16;124;123;681;0;0;3.455;95.1;0.107;4.903;0;3;3300;3300
db_buhler_1_dsp;;1,5968E+18;14.57;1596.5;986; OK;0;1021;193125;34;2.7;2.7;2.6;2.3;13/05/2020 13:02;5.12;1.82;1.24;31;3.18;2.11;26.34;12.61;4.51;8.37;dsp_parametros_60.txt;1044;1010;38;27;83.2;42.1;73.6;22044;6.74;50;628;53.2;184282;0;766;177;170;3.99;750;191;66;30.16;12.1;0.96;43;data;166;'-13;151;62;126;125;123;688;0;0;3.453;95.4;0.108;4.437;0;3;3300;3300
db_buhler_1_dsp;;1,5968E+18;14.71;1596.5;986; OK;0;1021;193113;36;2.7;2.6;2.6;2.3;13/05/2020 12:43;5.12;1.8;1.24;29;3.2;2.05;25.98;12.61;4.52;8.34;dsp_parametros_60.txt;1046;1010;37;25;81.3;42.3;73.8;22044;6.72;38;628;53.2;184270;0;766;177;170;3.99;749;192;66;29.6;12.06;0.96;31;data;167;'-13;151;62;127;125;124;686;0;0;3.457;94.4;0.108;4.814;0;3;3300;3300
db_buhler_1_dsp;;1,5968E+18;14.84;1596.5;985; OK;0;1018;193527;36;2.7;2.8;2.6;2.3;15/05/2020 09:35;5.12;1.81;1.25;33;3.2;2.12;26.52;12.61;4.51;8.29;dsp_parametros_60.txt;1042;1006;39;28;83;41;73.9;22016;6.72;452;624;53.2;184684;0;767;173;167;3.99;750;190;69;30.22;12.19;0.96;151;data;166;'-13;147;62;'-16;123;122;688;0;0;3.45;95.8;0.106;4.691;0;3;3300;3300
db_buhler_1_dsp;;1,5968E+18;14.48;1596.5;986; OK;0;1022;193086;35;2.7;2.7;2.6;2.3;13/05/2020 12:00;5.15;1.8;1.25;29;3.19;2.08;26.04;12.6;4.52;8.41;dsp_parametros_60.txt;1046;1011;37;26;80.9;41.3;73.4;22060;6.72;11;629;53.1;184243;0;768;176;170;3.98;749;192;66;30.18;12.09;0.96;4;data;166;'-13;150;61;126;124;124;686;0;0;3.452;95.3;0.108;4.575;0;3;3300;3300
db_buhler_1_dsp;;1,5968E+18;15.77;1596.6;985; OK;0;1020;193834;36;2.6;2.7;2.5;2.3;15/05/2020 20:16;5.13;1.85;1.24;31;3.21;2.12;27.24;12.61;4.57;8.38;dsp_parametros_60.txt;1044;1008;37;26;81.9;40.4;73.2;22057;6.68;759;626;53.1;184991;0;766;175;168;3.98;751;190;66;30.18;12.05;0.96;42;data;165;'-13;150;59;'-16;123;123;684;0;0;3.506;96.5;0.107;4.643;0;3;3300;3300
db_buhler_1_dsp;;1,5968E+18;15.17;1596.6;986; OK;0;1020;193846;35;2.6;2.7;2.5;2.3;15/05/2020 20:35;5.12;1.84;1.24;31;3.21;2.1;26.78;12.61;4.57;8.35;dsp_parametros_60.txt;1044;1009;37;26;81.8;41.7;74.2;22082;6.78;771;627;53.2;185003;0;765;175;168;3.99;749;190;65;29.6;12.13;0.96;54;data;166;'-13;150;59;'-16;124;124;686;0;0;3.503;95.3;0.107;4.553;0;3;3300;3300
db_buhler_1_dsp;;1,5968E+18;14.97;1596.4;984; OK;0;1017;193467;35;2.6;2.6;2.5;2.2;15/05/2020 08:00;5.13;1.82;1.24;34;3.2;2.12;26.52;12.61;4.56;8.31;dsp_parametros_60.txt;1041;1006;37;26;82.2;41.4;75.5;22070;6.7;392;624;53.2;184624;0;765;173;166;3.99;750;192;69;29.68;12.06;0.96;91;data;166;'-13;148;60;'-16;123;122;682;0;0;3.506;95;0.107;4.706;0;3;3300;3300
db_buhler_1_dsp;;1,5968E+18;14.23;1596.6;986; OK;0;1023;193155;36;2.6;2.6;2.6;2.3;13/05/2020 14:05;5.13;1.74;1.24;28;3.18;2.14;25.68;12.61;4.5;8.26;dsp_parametros_60.txt;1047;1011;39;27;81;40.7;74.9;22019;6.64;80;629;53;184312;0;769;177;170;3.98;751;191;66;29.68;12;0.96;73;data;168;'-13;151;65;'-16;123;122;680;0;0;3.439;94.1;0.108;4.633;0;3;3300;3300
db_buhler_1_dsp;;1,5968E+18;15.2;1596.4;985; OK;0;1018;193586;37;2.7;2.7;2.5;2.3;15/05/2020 11:29;5.13;1.86;1.24;32;3.21;2.11;26.58;12.61;4.53;8.34;dsp_parametros_60.txt;1043;1006;36;25;82.4;42.6;74.3;22058;6.7;511;624;53.2;184743;0;767;175;168;3.99;749;191;66;29.86;12.06;0.96;210;data;165;'-13;147;63;'-16;123;123;688;0;0;3.476;95.5;0.107;4.869;0;3;3300;3300
db_buhler_1_dsp;;1,5968E+18;15.18;1596.6;984; OK;0;1019;193782;36;2.6;2.7;2.5;2.3;15/05/2020 17:53;5.13;1.84;1.25;31;3.21;2.11;26.66;12.6;4.54;8.4;dsp_parametros_60.txt;1044;1008;37;25;82.5;43.1;73.5;22058;6.66;707;626;53.2;184939;0;768;176;168;3.99;750;190;66;29.94;12.01;0.96;180;data;165;'-13;151;62;'-16;123;123;688;0;0;3.47;95.6;0.107;4.694;0;3;3300;3300
db_buhler_1_dsp;;1,5968E+18;14.77;1596.5;985; OK;0;1019;193587;36;2.8;2.8;2.6;2.3;15/05/2020 11:30;5.13;1.81;1.24;32;3.21;2.11;26.84;12.61;4.55;8.34;dsp_parametros_60.txt;1043;1007;37;25;83.2;41.8;74;22081;6.72;512;625;53.3;184744;0;766;175;168;3.99;749;190;66;29.86;12.08;0.96;211;data;166;'-13;148;63;'-16;123;123;688;0;0;3.481;95.6;0.106;4.788;0;3;3300;3300
db_buhler_1_dsp;;1,5968E+18;14.85;1596.5;986; OK;0;1019;193572;35;2.7;2.8;2.6;2.3;15/05/2020 11:06;5.12;1.84;1.24;32;3.21;2.11;26.42;12.62;4.52;8.33;dsp_parametros_60.txt;1043;1008;36;25;82.9;42.1;75;22030;6.7;497;626;53.1;184729;0;767;174;168;3.98;751;191;68;29.86;12.06;0.96;196;data;165;'-13;148;62;'-16;123;123;685;0;0;3.459;95.1;0.106;4.756;0;3;3300;3300
db_buhler_1_dsp;;1,5968E+18;14.65;1596.5;985; OK;0;1019;193630;36;2.6;2.7;2.5;2.2;15/05/2020 12:50;5.13;1.83;1.25;32;3.21;2.09;26.36;12.62;4.52;8.29;dsp_parametros_60.txt;1043;1007;36;25;82.9;42.1;74.6;22034;6.74;555;625;53.2;184787;0;767;175;168;3.99;750;191;67;29.62;12.11;0.96;28;data;166;'-13;146;63;'-16;123;123;682;0;0;3.452;94.9;0.107;4.679;0;3;3300;3300
db_buhler_1_dsp;;1,5968E+18;15.06;1596.5;984; OK;0;1018;193707;36;2.8;2.8;2.6;2.3;15/05/2020 14:52;5.13;1.88;1.25;33;3.2;2.09;26.72;12.6;4.54;8.41;dsp_parametros_60.txt;1042;1006;38;27;82.3;42.1;74.3;22051;6.64;632;624;53;184864;0;766;175;168;3.98;749;191;67;29.9;12;0.96;105;data;166;'-13;148;65;'-16;123;123;683;0;0;3.47;95.4;0.107;4.763;0;3;3300;3300
db_buhler_1_dsp;;1,5968E+18;14.84;1596.6;985; OK;0;1019;193761;36;2.7;2.8;2.6;2.3;15/05/2020 16:42;5.15;1.86;1.25;32;3.2;2.11;26.66;12.62;4.52;8.37;dsp_parametros_60.txt;1043;1007;38;27;82.8;41.8;74.5;22081;6.72;686;625;53.3;184918;0;767;176;169;3.99;750;189;66;29.88;12.09;0.96;159;data;166;'-13;150;64;'-16;124;124;690;0;0;3.456;95.5;0.106;4.693;0;3;3300;3300
db_buhler_1_dsp;;1,5968E+18;14.64;1596.3;985; OK;0;1018;193424;36;2.6;2.6;2.5;2.2;15/05/2020 06:52;5.13;1.82;1.25;33;3.19;2.13;26.28;12.61;4.56;8.34;dsp_parametros_60.txt;1042;1006;36;25;83.8;42.8;75.2;22041;6.68;349;624;53.1;184581;0;765;173;166;3.98;749;190;68;29.64;12.05;0.96;48;data;165;'-13;148;59;'-16;122;121;686;0;0;3.499;94.9;0.107;4.565;0;3;3300;3300
db_buhler_1_dsp;;1,5968E+18;14.56;1596.6;986; OK;0;1022;193183;35;2.7;2.6;2.6;2.3;13/05/2020 14:49;5.13;1.79;1.25;29;3.18;2.09;25.9;12.61;4.51;8.32;dsp_parametros_60.txt;1046;1011;37;26;81.1;41.6;73.9;22045;6.76;108;629;53.1;184340;0;768;177;170;3.98;750;191;65;29.9;12.11;0.95;101;data;166;'-13;150;63;'-16;125;124;686;0;0;3.446;94.9;0.108;4.487;0;3;3300;3300
db_buhler_1_dsp;;1,5968E+18;14.79;1596.6;985; OK;0;1019;193703;36;2.7;2.7;2.5;2.2;15/05/2020 14:46;5.15;1.85;1.25;32;3.21;2.09;26.46;12.61;4.52;8.45;dsp_parametros_60.txt;1043;1007;37;26;83;41.8;75.2;22056;6.7;628;625;53.2;184860;0;766;175;168;3.99;750;190;65;29.66;12.07;0.96;101;data;166;'-13;147;65;'-16;123;123;683;0;0;3.452;95;0.107;4.652;0;3;3300;3300
db_buhler_1_dsp;;1,5968E+18;14.55;1596.3;985; OK;0;1017;193386;37;2.5;2.6;2.5;2.3;15/05/2020 05:44;5.12;1.81;1.24;33;3.22;2.26;26.18;12.61;4.6;8.64;dsp_parametros_60.txt;1042;1005;36;26;82.8;42.2;74.5;22058;6.72;311;623;53.1;184543;0;764;172;165;3.98;750;192;70;29.64;12.07;0.97;10;data;166;'-13;147;59;'-16;120;119;687;0;0;3.54;95.1;0.106;4.896;0;3;3300;3300
db_buhler_1_dsp;;1,5968E+18;14.88;1596.6;985; OK;0;1019;193750;35;2.8;2.9;2.7;2.4;15/05/2020 16:25;5.12;1.85;1.24;32;3.2;2.09;26.68;12.61;4.49;8.38;dsp_parametros_60.txt;1043;1008;37;26;83.2;41.9;74.7;22067;6.76;675;626;53.4;184907;0;767;176;169;4;749;191;65;29.88;12.12;0.96;148;data;166;'-13;149;64;'-16;124;124;686;0;0;3.437;95.6;0.107;4.694;0;3;3300;3300
db_buhler_1_dsp;;1,5968E+18;14.48;1596.2;984; OK;0;1019;193323;35;2.7;2.8;2.6;2.5;15/05/2020 03:35;5.13;1.81;1.26;32;3.24;2.52;26.42;12.62;4.76;8.4;dsp_parametros_60.txt;1043;1008;32;22;82;42.7;73.4;22061;6.86;248;626;53.1;184480;0;758;170;163;3.98;749;191;68;29.64;12.24;0.99;26;data;163;'-13;146;53;'-16;118;116;685;0;0;3.698;95.6;0.108;4.957;0;3;3300;3300
db_buhler_1_dsp;;1,5968E+18;14.8;1596.5;984; OK;0;1018;193643;36;2.7;2.7;2.5;2.2;15/05/2020 13:10;5.13;1.82;1.25;33;3.2;2.06;26.5;12.62;4.53;8.31;dsp_parametros_60.txt;1042;1006;37;26;83.4;42.1;74.6;22073;6.68;568;624;53.2;184800;0;766;175;168;3.99;750;192;67;30.18;12.04;0.96;41;data;166;'-13;147;64;'-16;123;123;684;0;0;3.469;95.4;0.107;4.586;0;3;3300;3300
db_buhler_1_dsp;;1,5968E+18;14.85;1596.7;985; OK;0;1020;193813;36;2.5;2.7;2.5;2.4;15/05/2020 19:43;5.12;1.83;1.24;31;3.21;2.15;26.56;12.61;4.56;8.32;dsp_parametros_60.txt;1044;1008;36;26;82.2;42.1;74.9;22083;6.66;738;626;52.9;184970;0;766;175;168;3.97;750;188;70;29.9;12;0.97;21;data;164;'-13;149;60;'-16;117;117;686;0;0;3.497;95.2;0.107;4.413;0;3;3300;3300
db_buhler_1_dsp;;1,5968E+18;14.75;1596.5;984; OK;0;1016;193563;37;2.7;2.7;2.6;2.3;15/05/2020 10:52;5.12;1.82;1.25;34;3.21;2.12;26.34;12.62;4.56;8.33;dsp_parametros_60.txt;1041;1004;36;25;82.9;42.7;75.6;22052;6.7;488;622;53.2;184720;0;766;174;168;3.99;750;191;68;29.24;12.05;0.96;187;data;166;'-13;148;62;'-16;123;123;681;0;0;3.493;94.6;0.106;4.888;0;3;3300;3300
db_buhler_1_dsp;;1,5968E+18;14.6;1596.5;985; OK;0;1019;193648;36;2.7;2.7;2.6;2.3;15/05/2020 13:18;5.13;1.85;1.24;32;3.21;2.1;26.56;12.62;4.54;8.34;dsp_parametros_60.txt;1043;1007;36;25;84.5;42.2;76;22104;6.72;573;625;53.2;184805;0;766;175;168;3.99;750;189;66;29.24;12.09;0.96;46;data;166;'-13;148;64;'-16;124;123;685;0;0;3.483;94.7;0.107;4.744;0;3;3300;3300
db_buhler_1_dsp;;1,5968E+18;13.62;1596.6;930;BAD;0;1024;193804;21;3.2;3.3;3.2;3.2;15/05/2020 19:27;5.13;1.88;1.24;31;3.22;2.09;26.76;12.62;5.1;8.31;dsp_parametros_60.txt;1044;1023;39;25;0.1;0;'-0.1;23985;9.28;729;641;25.8;184961;0;298;178;168;1.94;249;189;30;29.66;14.92;1.02;12;data;29;'-13;30;59;'-16;34;43;688;0;0;4.046;3600.5;0.201;4.986;0;3;3300;3300
db_buhler_1_dsp;;1,5968E+18;14.97;1596.6;985; OK;0;1020;193773;35;2.6;2.7;2.5;2.4;15/05/2020 17:39;5.13;1.82;1.25;30;3.21;2.16;26.78;12.61;4.54;8.35;dsp_parametros_60.txt;1045;1010;34;24;83.6;41.7;73.8;22034;6.7;698;628;53.2;184930;0;765;175;169;3.99;750;194;66;29.6;12.06;0.96;171;data;163;'-13;150;62;'-16;120;120;685;0;0;3.486;95.2;0.108;4.759;0;3;3300;3300
db_buhler_1_dsp;;1,5968E+18;15.38;1596.7;985; OK;0;1020;193817;35;2.6;2.7;2.5;2.4;15/05/2020 19:49;5.13;1.82;1.25;31;3.21;2.13;27.06;12.61;4.56;8.32;dsp_parametros_60.txt;1044;1009;36;25;82.9;40.8;73.7;22030;6.72;742;627;53.2;184974;0;765;175;168;3.99;749;192;65;29.9;12.08;0.96;25;data;164;'-13;151;60;'-16;120;120;686;0;0;3.496;95.9;0.107;4.472;0;3;3300;3300
db_buhler_1_dsp;;1,5968E+18;15.06;1596.6;984; OK;0;1018;193792;36;2.7;2.8;2.6;2.4;15/05/2020 18:09;5.12;1.86;1.25;33;3.21;2.19;27.02;12.62;4.51;8.33;dsp_parametros_60.txt;1042;1006;39;28;84.2;42.3;73.6;22049;6.76;717;624;53.3;184949;0;767;176;168;4;750;190;66;29.84;12.12;0.96;190;data;165;'-13;150;62;'-16;124;124;688;0;0;3.445;95.9;0.107;4.554;0;3;3300;3300
db_buhler_1_dsp;;1,5968E+18;15;1596.5;985; OK;0;1018;193711;36;2.8;2.8;2.6;2.3;15/05/2020 14:58;5.13;1.83;1.25;32;3.2;2.11;26.48;12.61;4.51;8.34;dsp_parametros_60.txt;1043;1007;37;25;81.9;41.8;73.8;22039;6.66;636;625;53.3;184868;0;766;175;168;3.99;749;191;66;29.92;12.04;0.96;109;data;165;'-13;147;64;'-16;123;123;683;0;0;3.448;95.4;0.107;4.858;0;3;3300;3300
db_buhler_1_dsp;;1,5968E+18;14.9;1596.5;985; OK;0;1019;193665;36;2.7;2.7;2.5;2.2;15/05/2020 13:45;5.12;1.86;1.24;32;3.21;2.09;26.76;12.62;4.54;8.29;dsp_parametros_60.txt;1043;1007;37;25;83.8;43;74;22060;6.7;590;625;53.2;184822;0;766;175;168;3.99;751;189;66;29.88;12.07;0.96;63;data;166;'-13;148;64;'-16;124;123;683;0;0;3.472;95.4;0.107;4.618;0;3;3300;3300
db_buhler_1_dsp;;1,5968E+18;13.63;1596.7;930;BAD;0;1017;193805;23;2.9;3;2.9;2.8;15/05/2020 19:30;5.13;1.59;1.24;36;3.18;2.26;25.2;12.61;5.02;8.39;dsp_parametros_60.txt;1039;1016;0;0;0.1;'-0.1;'-0.1;21643;7.8;730;634;25.8;184962;0;301;178;174;1.94;250;189;31;29.62;13.36;0.97;13;data;90;'-13;70;60;'-16;74;71;686;0;0;3.967;176.5;0.202;5.574;0;3;3300;3300
db_buhler_1_dsp;;1,5968E+18;14.87;1596.6;986; OK;0;1021;193812;38;2.5;2.6;2.5;2.4;15/05/2020 19:41;5.13;1.82;1.25;29;3.21;2.16;26.78;12.62;4.61;8.56;dsp_parametros_60.txt;1046;1008;37;27;82.9;40.9;73.7;22012;6.7;737;626;52.8;184969;0;764;175;168;3.96;751;192;71;30.24;12.08;0.97;20;data;164;'-13;150;60;'-16;116;116;686;0;0;3.546;96.4;0.107;4.805;0;3;3300;3300
db_buhler_1_dsp;;1,5968E+18;14.9;1596.5;986; OK;0;1019;193712;36;2.8;2.8;2.6;2.3;15/05/2020 15:00;5.13;1.87;1.25;31;3.21;2.09;26.7;12.61;4.55;8.37;dsp_parametros_60.txt;1044;1008;37;26;82.2;42.3;75.1;22068;6.68;637;626;53.2;184869;0;766;175;169;3.99;750;190;66;29.56;12.18;0.96;110;data;166;'-13;147;64;'-16;123;123;683;0;0;3.484;95.2;0.107;4.831;0;3;3300;3300
db_buhler_1_dsp;;1,5968E+18;14.88;1596.5;984; OK;0;1017;193722;36;2.9;2.9;2.7;2.4;15/05/2020 15:16;5.12;1.86;1.24;33;3.21;2.08;26.94;12.62;4.52;8.34;dsp_parametros_60.txt;1042;1006;36;25;83.2;42.9;73.4;22079;6.74;647;624;53;184879;0;766;176;169;3.98;750;192;68;29.64;12.11;0.96;120;data;166;'-13;149;64;'-16;124;124;685;0;0;3.459;95.4;0.107;4.785;0;3;3300;3300
db_buhler_1_dsp;;1,5968E+18;14.8;1596.4;985; OK;0;1020;193450;36;2.6;2.6;2.6;2.2;15/05/2020 07:33;5.15;1.86;1.24;31;3.19;2.12;26.5;12.61;4.57;8.32;dsp_parametros_60.txt;1044;1008;35;24;82.2;41.5;74.9;22057;6.66;375;626;53.1;184607;0;765;173;166;3.98;749;191;69;29.88;12.01;0.96;74;data;165;'-13;148;60;'-16;122;122;685;0;0;3.513;95.4;0.107;4.778;0;3;3300;3300
db_buhler_1_dsp;;1,5968E+18;14.75;1596.5;985; OK;0;1018;193555;35;2.7;2.7;2.6;2.3;15/05/2020 10:39;5.13;1.8;1.25;33;3.19;2.1;26.58;12.62;4.54;8.34;dsp_parametros_60.txt;1042;1007;37;26;83.7;41.3;74.4;22043;6.72;480;625;53.3;184712;0;766;174;168;3.99;750;191;65;29.9;12.09;0.96;179;data;165;'-13;147;62;'-16;122;122;688;0;0;3.483;95.5;0.106;4.508;0;3;3300;3300
db_buhler_1_dsp;;1,5968E+18;15.27;1596.6;986; OK;0;1020;193818;36;2.6;2.8;2.6;2.5;15/05/2020 19:51;5.13;1.83;1.26;31;3.21;2.15;27.14;12.62;4.54;8.35;dsp_parametros_60.txt;1044;1008;36;26;82.4;40.4;73.6;22086;6.66;743;626;53.1;184975;0;766;175;168;3.98;750;190;67;29.9;12.01;0.96;26;data;164;'-13;150;60;'-16;120;120;686;0;0;3.48;95.9;0.107;4.612;0;3;3300;3300
db_buhler_1_dsp;;1,5968E+18;14.78;1596.6;986; OK;0;1021;193770;35;2.6;2.7;2.6;2.4;15/05/2020 17:34;5.13;1.84;1.25;30;3.2;2.17;26.64;12.62;4.54;8.41;dsp_parametros_60.txt;1045;1010;39;26;80.9;38.3;65.3;22082;26.26;695;628;53.2;184927;0;766;175;168;3.99;750;191;66;29.92;31.65;0.96;168;data;154;'-13;136;63;'-16;116;115;685;0;0;3.478;115;0.108;4.504;0;3;3300;3300
db_buhler_1_dsp;;1,5968E+18;14.8;1596.6;984; OK;0;1020;193771;36;2.6;2.7;2.6;2.4;15/05/2020 17:36;5.12;1.83;1.25;31;3.21;2.15;26.46;12.6;4.55;8.62;dsp_parametros_60.txt;1044;1008;36;25;81.2;41.2;70.7;22073;11.5;696;626;53.2;184928;0;766;175;168;3.99;750;189;66;29.66;16.89;0.96;169;data;158;'-12;144;63;'-16;117;117;685;0;0;3.481;100.1;0.108;4.446;0;3;3300;3300
db_buhler_1_dsp;;1,5968E+18;15.19;1596.6;986; OK;0;1021;193820;35;2.7;2.8;2.6;2.5;15/05/2020 19:54;5.12;1.84;1.26;30;3.21;2.14;26.74;12.61;4.55;8.36;dsp_parametros_60.txt;1045;1010;38;27;82.8;42.2;74.5;22021;6.7;745;628;53;184977;0;765;175;168;3.97;750;190;68;29.32;12.06;0.96;28;data;165;'-13;150;59;'-16;121;121;683;0;0;3.486;95;0.107;4.773;0;3;3300;3300
db_buhler_1_dsp;;1,5968E+18;14.81;1596.4;985; OK;0;1018;193474;36;2.6;2.6;2.5;2.2;15/05/2020 08:11;5.13;1.84;1.25;33;3.19;2.11;26.66;12.62;4.56;8.36;dsp_parametros_60.txt;1042;1006;38;28;82.9;43.1;74.3;22063;6.72;399;624;53.2;184631;0;765;173;166;3.99;750;189;67;29.56;12.08;0.96;98;data;166;'-13;148;60;'-16;123;122;683;0;0;3.495;95.1;0.107;4.78;0;3;3300;3300
db_buhler_1_dsp;;1,5968E+18;15.11;1596.5;984; OK;0;1018;193692;35;2.8;2.8;2.6;2.3;15/05/2020 14:28;5.13;1.82;1.24;33;3.21;2.11;26.7;12.62;4.54;8.35;dsp_parametros_60.txt;1042;1007;38;27;82.8;42.6;74.6;22076;6.64;617;625;53;184849;0;767;175;168;3.97;749;191;67;29.62;12.01;0.96;90;data;166;'-13;148;64;'-16;124;123;686;0;0;3.478;95.1;0.107;4.74;0;3;3300;3300
db_buhler_1_dsp;;1,5968E+18;14.44;1596.6;986; OK;0;1022;193165;36;2.7;2.6;2.6;2.3;13/05/2020 14:21;5.12;1.8;1.25;29;3.18;2.08;26.04;12.62;4.5;8.34;dsp_parametros_60.txt;1046;1010;37;27;81.6;41.6;74;21992;6.66;90;628;53.1;184322;0;768;177;170;3.98;750;192;67;29.34;12.01;0.95;83;data;167;'-13;149;63;'-16;124;123;683;0;0;3.44;94.3;0.107;4.73;0;3;3300;3300
db_buhler_1_dsp;;1,5968E+18;14.67;1596.5;984; OK;0;1018;193624;36;2.7;2.7;2.5;2.3;15/05/2020 12:40;5.12;1.8;1.24;33;3.21;2.08;26.26;12.62;4.52;8.33;dsp_parametros_60.txt;1042;1006;37;25;82.9;41.5;75.1;22065;6.74;549;624;53.2;184781;0;767;175;168;3.99;750;189;66;29.66;12.1;0.96;22;data;166;'-13;148;63;'-16;123;123;684;0;0;3.452;95;0.107;4.528;0;3;3300;3300
db_buhler_1_dsp;;1,5968E+18;14.64;1596.5;985; OK;0;1018;193625;36;2.6;2.7;2.5;2.3;15/05/2020 12:42;5.12;1.81;1.24;32;3.21;2.1;26.4;12.61;4.51;8.38;dsp_parametros_60.txt;1043;1007;36;25;83.2;42.1;74.9;22059;6.78;550;625;53.2;184782;0;767;175;168;3.99;751;191;67;29.86;12.14;0.96;23;data;166;'-13;148;63;'-16;123;123;684;0;0;3.458;95.2;0.107;4.751;0;3;3300;3300
db_buhler_1_dsp;;1,5968E+18;15.03;1596.7;985; OK;0;1020;193811;36;2.6;2.7;2.6;2.5;15/05/2020 19:40;5.15;1.81;1.25;31;3.22;2.17;26.68;12.62;4.58;8.13;dsp_parametros_60.txt;1044;1008;38;28;83.1;42.1;74;22029;6.7;736;626;53;184968;0;764;175;168;3.98;749;191;69;29.86;12.08;0.97;19;data;163;'-13;148;61;'-16;115;115;686;0;0;3.53;95.3;0.107;4.581;0;3;3300;3300
db_buhler_1_dsp;;1,5968E+18;14.84;1596.2;985; OK;0;1018;193357;34;2.7;2.7;2.7;2.4;15/05/2020 04:29;5.13;1.82;1.25;33;3.21;2.19;26.84;12.62;4.59;8.32;dsp_parametros_60.txt;1042;1008;35;25;82;41.2;73.3;22091;6.7;282;626;53.1;184514;0;763;171;164;3.98;750;192;70;30.26;12.07;0.97;60;data;164;'-13;148;57;'-16;120;119;686;0;0;3.534;96;0.107;4.59;0;3;3300;3300
db_buhler_1_dsp;;1,5968E+18;14.57;1596.3;984; OK;0;1017;193433;35;2.6;2.6;2.5;2.3;15/05/2020 07:06;5.13;1.83;1.24;34;3.19;2.15;26.38;12.62;4.56;8.41;dsp_parametros_60.txt;1041;1006;38;27;82.6;42.1;75.6;22025;6.72;358;624;53;184590;0;765;173;166;3.97;750;190;70;29.7;12.08;0.97;57;data;165;'-13;148;60;'-16;122;121;683;0;0;3.496;95;0.107;4.605;0;3;3300;3300
db_buhler_1_dsp;;1,5968E+18;14.49;1596.5;986; OK;0;1020;193198;36;2.7;2.6;2.6;2.3;13/05/2020 15:13;5.13;1.78;1.24;30;3.18;2.06;26.22;12.61;4.48;8.31;dsp_parametros_60.txt;1045;1009;38;27;83;41.7;74.6;22029;6.66;123;627;53.1;184355;0;768;177;170;3.98;751;191;65;29.92;12.02;0.95;116;data;166;'-13;149;63;'-16;125;124;684;0;0;3.419;95;0.107;4.702;0;3;3300;3300
db_buhler_1_dsp;;1,5968E+18;15.33;1596.6;985; OK;0;1019;193841;36;2.6;2.7;2.5;2.3;15/05/2020 20:27;5.12;1.85;1.25;31;3.21;2.11;27.02;12.61;4.55;8.35;dsp_parametros_60.txt;1044;1008;37;26;82.5;41.8;74.2;22023;6.68;766;626;53.2;184998;0;766;175;168;3.99;749;192;65;29.86;12.03;0.96;49;data;165;'-13;150;59;'-16;123;123;685;0;0;3.483;95.9;0.107;4.67;0;3;3300;3300
db_buhler_1_dsp;;1,5968E+18;14.76;1596.4;984; OK;0;1017;193418;36;2.6;2.7;2.5;2.3;15/05/2020 06:42;5.12;1.81;1.25;33;3.2;2.13;26.38;12.61;4.57;8.31;dsp_parametros_60.txt;1042;1006;37;27;81.7;43.3;74.8;22064;6.66;343;624;53.1;184575;0;765;173;166;3.99;750;194;70;29.68;12;0.97;42;data;165;'-13;149;59;'-16;122;121;686;0;0;3.507;94.8;0.107;4.914;0;3;3300;3300
db_buhler_1_dsp;;1,5968E+18;14.52;1596.6;986; OK;0;1022;193261;36;2.7;2.6;2.6;2.3;13/05/2020 17:11;5.12;1.81;1.24;29;3.18;2.08;26.16;12.61;4.51;8.34;dsp_parametros_60.txt;1046;1010;38;27;82.2;42;74.1;22053;6.68;186;628;53.2;184418;0;768;177;170;3.99;750;192;64;29.68;12.05;0.95;179;data;167;'-13;150;64;'-16;125;125;688;0;0;3.446;94.6;0.108;4.613;0;3;3300;3300
db_buhler_1_dsp;;1,5968E+18;14.13;1596.3;984; OK;0;1020;193311;35;2.6;2.8;2.6;2.6;15/05/2020 03:16;5.12;1.66;1.11;32;3.27;2.91;26.14;12.62;4.83;8.3;dsp_parametros_60.txt;1043;1008;30;21;83.1;42.2;74.9;22051;6.72;236;626;53.1;184468;0;755;171;163;3.99;750;190;69;29.56;12.14;1.01;14;data;161;'-13;147;51;'-16;113;112;686;0;0;3.765;95;0.108;4.918;0;3;3300;3300
db_buhler_1_dsp;;1,5968E+18;14.92;1596.3;984; OK;0;1017;193453;36;2.6;2.6;2.5;2.2;15/05/2020 07:38;5.12;1.81;1.25;34;3.19;2.12;26.46;12.61;4.55;8.34;dsp_parametros_60.txt;1041;1005;36;26;83.6;41.8;73.3;22062;6.72;378;623;53.3;184610;0;765;173;166;3.99;750;190;69;29.94;12.09;0.96;77;data;165;'-13;148;60;'-16;122;122;687;0;0;3.497;95.2;0.107;4.762;0;3;3300;3300
db_buhler_1_dsp;;1,5968E+18;14.98;1596.6;984; OK;0;1017;193652;36;2.7;2.7;2.5;2.3;15/05/2020 13:25;5.15;1.84;1.25;33;3.2;2.1;26.22;12.62;4.52;8.29;dsp_parametros_60.txt;1042;1006;37;26;81.4;42.4;75.2;22044;6.74;577;624;53.2;184809;0;766;175;168;3.99;750;193;67;29.92;12.11;0.96;50;data;165;'-13;147;64;'-16;123;123;685;0;0;3.456;95;0.107;4.781;0;3;3300;3300
db_buhler_1_dsp;;1,5968E+18;14.56;1596.3;0;BAD;0;1022;193298;36;3.3;3;3.4;3;15/05/2020 02:39;5.13;1.82;1.24;28;3.18;2.07;26.22;12.62;4.49;42.65;dsp_parametros_60.txt;1047;1011;36;25;81.5;42.5;73.2;22020;6.74;223;629;0;184455;0;768;172;165;3.98;750;190;64;29.92;19.97;1.08;1;data;166;'-13;151;64;'-16;125;124;684;0;0;0;95.1;0.108;0;0;3;3300;3300
db_buhler_1_dsp;;1,5968E+18;14.7;1596.2;984; OK;0;1018;193346;36;2.7;2.7;2.6;2.4;15/05/2020 04:12;5.12;1.8;1.25;33;3.22;2.25;26.88;12.62;4.63;8.38;dsp_parametros_60.txt;1042;1006;33;23;83;41.6;74.2;22065;6.7;271;624;53.2;184503;0;762;171;164;3.99;750;192;71;29.86;12.05;0.97;49;data;163;'-13;146;56;'-16;120;119;685;0;0;3.578;95.7;0.107;4.912;0;3;3300;3300
db_buhler_1_dsp;;1,5968E+18;15.19;1596.2;985; OK;0;1018;193366;36;2.6;2.7;2.6;2.3;15/05/2020 04:44;5.12;1.83;1.24;33;3.22;2.2;26.68;12.62;4.56;8.35;dsp_parametros_60.txt;1042;1006;37;27;82.6;41.7;75.2;22037;6.74;291;624;53.2;184523;0;764;172;164;3.99;750;190;69;29.56;12.09;0.97;69;data;164;'-13;148;58;'-16;121;120;684;0;0;3.506;95.2;0.107;4.84;0;3;3300;3300
db_buhler_1_dsp;;1,5968E+18;14.65;1596.5;985; OK;0;1018;193611;36;2.7;2.7;2.5;2.3;15/05/2020 12:20;5.13;1.82;1.25;32;3.21;2.14;26.22;12.61;4.53;8.37;dsp_parametros_60.txt;1043;1007;37;26;82.2;43.1;74.7;22037;6.78;536;625;53.2;184768;0;766;175;168;3.99;750;191;66;29.56;12.13;0.96;9;data;167;'-13;148;64;'-16;122;122;686;0;0;3.464;94.7;0.107;4.764;0;3;3300;3300
db_buhler_1_dsp;;1,5968E+18;14.7;1596.4;984; OK;0;1018;193443;36;2.6;2.7;2.5;2.3;15/05/2020 07:22;5.13;1.81;1.25;33;3.2;2.14;26.46;12.62;4.56;8.33;dsp_parametros_60.txt;1042;1006;38;27;82.9;43.6;74.7;22071;6.72;368;624;53.1;184600;0;764;173;166;3.98;750;191;69;29.82;12.07;0.96;67;data;166;'-13;148;60;'-16;122;122;684;0;0;3.499;95.1;0.107;4.67;0;3;3300;3300
db_buhler_1_dsp;;1,5968E+18;14.74;1596.4;985; OK;0;1018;193446;37;2.6;2.7;2.5;2.3;15/05/2020 07:26;5.12;1.82;1.25;32;3.2;2.13;26.52;12.61;4.57;8.38;dsp_parametros_60.txt;1043;1006;36;25;82.6;42.6;73.2;22077;6.66;371;624;53.2;184603;0;766;173;166;3.99;751;190;67;29.92;12.03;0.96;70;data;165;'-13;148;60;'-16;122;122;685;0;0;3.503;95.4;0.107;4.893;0;3;3300;3300
db_buhler_1_dsp;;1,5968E+18;14.72;1596.5;985; OK;0;1018;193560;36;2.6;2.7;2.6;2.3;15/05/2020 10:47;5.13;1.82;1.24;33;3.19;2.1;26.64;12.61;4.53;8.29;dsp_parametros_60.txt;1042;1006;37;26;83.4;41.4;74.4;22048;6.66;485;624;53.2;184717;0;767;174;168;3.99;751;189;67;29.64;12.01;0.96;184;data;166;'-13;148;62;'-16;123;123;685;0;0;3.463;95;0.106;4.723;0;3;3300;3300
db_buhler_1_dsp;;1,5968E+18;14.71;1596.5;985; OK;0;1018;193561;36;2.7;2.7;2.6;2.3;15/05/2020 10:49;5.15;1.81;1.24;33;3.19;2.11;26.4;12.62;4.55;8.29;dsp_parametros_60.txt;1042;1006;36;25;82.6;43;75.2;22073;6.7;486;624;53.2;184718;0;766;174;168;3.99;751;192;67;29.6;12.06;0.96;185;data;166;'-13;148;62;'-16;123;123;686;0;0;3.483;95;0.106;4.663;0;3;3300;3300
db_buhler_1_dsp;;1,5968E+18;14.54;1596.6;986; OK;0;1022;193218;36;2.7;2.6;2.6;2.3;13/05/2020 15:45;5.12;1.84;1.24;28;3.19;2.1;26.32;12.61;4.51;8.34;dsp_parametros_60.txt;1047;1011;37;26;80.5;42.5;73.7;22079;6.64;143;629;53.1;184375;0;767;177;170;3.98;750;192;64;29.84;12.01;0.95;136;data;167;'-13;154;64;'-16;125;124;684;0;0;3.45;94.9;0.108;4.72;0;3;3300;3300
db_buhler_1_dsp;;1,5968E+18;15.09;1596.6;985; OK;0;1020;193867;35;2.7;3.1;2.8;2.9;15/05/2020 22:39;5.12;1.82;1.25;31;3.21;2.18;26.88;12.61;4.58;8.4;dsp_parametros_60.txt;1044;1009;36;25;82.8;41.3;72.4;22070;6.72;792;627;53.2;185024;0;765;175;168;3.99;750;192;68;29.9;12.1;0.97;75;data;164;'-13;151;57;'-16;119;119;685;0;0;3.525;96;0.108;4.553;0;3;3300;3300
db_buhler_1_dsp;;1,5968E+18;14.7;1596.3;985; OK;0;1018;193455;35;2.7;2.7;2.6;2.3;15/05/2020 07:41;5.12;1.82;1.25;33;3.19;2.13;26.46;12.6;4.58;8.52;dsp_parametros_60.txt;1042;1007;38;28;83.5;41.9;73.9;22024;6.72;380;625;53.1;184612;0;765;173;166;3.98;750;192;69;29.96;12.07;0.96;79;data;166;'-13;147;60;'-17;122;122;688;0;0;3.511;95.6;0.107;4.755;0;3;3300;3300
db_buhler_1_dsp;;1,5968E+18;14.93;1596.4;984; OK;0;1016;193464;35;2.6;2.6;2.5;2.2;15/05/2020 07:55;5.13;1.81;1.24;35;3.19;2.11;26.58;12.61;4.56;8.37;dsp_parametros_60.txt;1040;1005;37;27;82.6;41.4;73.7;22033;6.66;389;623;53.2;184621;0;766;173;166;3.99;750;193;69;30.18;12.02;0.96;88;data;166;'-13;146;60;'-16;122;122;683;0;0;3.496;95.6;0.106;4.484;0;3;3300;3300
db_buhler_1_dsp;;1,5968E+18;14.74;1596.4;986; OK;0;1020;193506;36;2.6;2.6;2.5;2.2;15/05/2020 09:02;5.12;1.84;1.24;31;3.2;2.12;26.56;12.61;4.54;8.51;dsp_parametros_60.txt;1044;1008;36;26;84;42.1;74;22058;6.7;431;626;53.1;184663;0;765;173;167;3.98;749;190;68;29.92;12.06;0.96;130;data;165;'-13;147;61;'-16;123;122;681;0;0;3.485;95.6;0.107;4.832;0;3;3300;3300
db_buhler_1_dsp;;1,5968E+18;14.45;1596.7;988;LOK;0;1022;193858;36;2.7;3.2;2.7;3;15/05/2020 22:25;5.13;1.81;1.24;29;3.21;2.3;25.9;12.61;4.7;8.16;dsp_parametros_60.txt;1046;1010;36;26;81.5;41.6;75.4;21993;6.72;783;628;52.5;185015;0;764;175;168;3.94;750;192;69;29.9;12.09;0.97;66;data;162;'-13;148;58;'-16;111;111;684;0;0;3.634;94.7;0.108;4.888;0;3;3300;3300
db_buhler_1_dsp;;1,5968E+18;13.6;1596.6;930;BAD;0;1016;193723;20;2.9;3.1;2.8;2.7;15/05/2020 15:42;5.13;1.84;1.25;40;3.17;2.08;26.5;12.61;5.05;8.09;dsp_parametros_60.txt;1035;1015;35;23;0;0;'-0.1;22241;6.7;648;633;25.8;184880;0;309;181;171;1.93;249;193;21;30.16;50.8;0.97;121;data;89;'-13;86;62;'-16;91;81;683;0;0;3.999;1548.2;0.201;5.417;0;3;3300;3300
db_buhler_1_dsp;;1,5968E+18;14.61;1596.5;984; OK;0;1018;193576;36;2.6;2.7;2.6;2.2;15/05/2020 11:13;5.12;1.81;1.24;33;3.21;2.12;26.32;12.62;4.55;8.31;dsp_parametros_60.txt;1042;1006;38;27;83.6;41;75.1;22054;6.7;501;624;53.2;184733;0;765;174;168;3.99;750;193;68;29.64;12.07;0.96;200;data;166;'-13;148;62;'-16;123;123;685;0;0;3.488;94.9;0.106;4.654;0;3;3300;3300
db_buhler_1_dsp;;1,5968E+18;14.65;1596.6;985; OK;0;1018;193694;36;2.7;2.7;2.5;2.2;15/05/2020 14:31;5.12;1.85;1.24;33;3.21;2.09;26.54;12.62;4.51;8.5;dsp_parametros_60.txt;1042;1006;37;26;83.6;42.4;74.3;21994;6.76;619;624;53.1;184851;0;766;175;168;3.98;751;189;67;29.62;12.13;0.96;92;data;166;'-13;148;64;'-16;124;124;688;0;0;3.46;95.2;0.107;4.538;0;3;3300;3300
db_buhler_1_dsp;;1,5968E+18;13.59;1596.7;930;BAD;0;1015;193151;22;2.8;2.8;2.8;2.5;13/05/2020 13:59;5.16;1.82;1.24;39;3.16;2.06;26.14;12.61;4.93;7.88;dsp_parametros_60.txt;1036;1014;39;25;0;0;'-0.2;22187;26.12;76;632;25.8;184308;0;304;181;172;1.93;249;191;22;29.64;31.73;0.96;69;data;96;'-13;89;63;'-16;99;93;690;0;0;3.87;1032.5;0.201;5.173;0;3;3300;3300
db_buhler_1_dsp;;1,5968E+18;15.11;1596.6;986; OK;0;1021;193831;37;2.7;2.8;2.6;2.4;15/05/2020 20:11;5.12;1.84;1.25;30;3.21;2.1;26.84;12.61;4.53;8.38;dsp_parametros_60.txt;1045;1008;37;26;82;40.6;74.1;22079;6.72;756;626;53.1;184988;0;766;175;168;3.98;749;191;68;29.66;12.08;0.96;39;data;165;'-13;151;59;'-16;123;123;684;0;0;3.48;95.4;0.107;4.646;0;3;3300;3300
db_buhler_1_dsp;;1,5968E+18;14.88;1596.2;985; OK;0;1018;193353;36;2.7;2.7;2.6;2.4;15/05/2020 04:23;5.12;1.8;1.24;33;3.22;2.22;26.6;12.62;4.63;8.32;dsp_parametros_60.txt;1042;1006;34;24;83.2;42.9;75;22000;6.66;278;624;53.1;184510;0;763;171;164;3.98;750;189;71;29.68;12.02;0.97;56;data;164;'-13;147;57;'-16;120;119;688;0;0;3.577;95.2;0.107;4.662;0;3;3300;3300
db_buhler_1_dsp;;1,5968E+18;14.69;1596.5;986; OK;0;1021;193123;36;2.7;2.6;2.6;2.2;13/05/2020 12:59;5.13;1.82;1.24;29;3.2;2.08;26.02;12.61;4.52;8.26;dsp_parametros_60.txt;1046;1010;38;26;83.3;41.4;73.2;22056;6.7;48;628;53.2;184280;0;767;177;170;3.99;750;190;66;29.62;12.07;0.96;41;data;167;'-13;151;62;127;125;124;683;0;0;3.458;94.5;0.108;4.754;0;3;3300;3300
db_buhler_1_dsp;;1,5968E+18;14.73;1596.3;984; OK;0;1018;193408;36;2.6;2.7;2.5;2.3;15/05/2020 06:26;5.11;1.81;1.24;33;3.21;2.13;26.32;12.62;4.59;8.32;dsp_parametros_60.txt;1042;1006;37;27;84.3;42.9;74.7;22094;6.7;333;624;53.2;184565;0;765;173;166;3.99;750;194;68;29.84;12.04;0.97;32;data;165;'-13;148;59;'-16;122;121;685;0;0;3.529;95;0.107;4.833;0;3;3300;3300
db_buhler_1_dsp;;1,5968E+18;14.71;1596.3;983; OK;0;1015;193413;36;2.6;2.7;2.6;2.3;15/05/2020 06:34;5.12;1.82;1.24;36;3.19;2.15;26.56;12.62;4.57;8.33;dsp_parametros_60.txt;1039;1003;35;25;82.1;42.1;74.4;22039;6.72;338;621;52.9;184570;0;764;173;166;3.97;750;189;70;29.64;12.07;0.97;37;data;165;'-13;148;59;'-16;122;121;685;0;0;3.5;95.1;0.106;4.754;0;3;3300;3300
db_buhler_1_dsp;;1,5968E+18;14.71;1596.4;984; OK;0;1018;193428;35;2.6;2.6;2.4;2.2;15/05/2020 06:58;5.15;1.83;1.25;34;3.19;2.15;26.22;12.62;4.57;8.36;dsp_parametros_60.txt;1041;1006;35;25;83.4;42.3;74.5;22028;6.72;353;624;53.1;184585;0;765;173;166;3.98;749;192;71;29.8;12.08;0.97;52;data;165;'-13;147;59;'-16;122;121;682;0;0;3.503;95.1;0.107;4.702;0;3;3300;3300
db_buhler_1_dsp;;1,5968E+18;15.05;1596.4;984; OK;0;1017;193458;36;2.6;2.6;2.6;2.2;15/05/2020 07:46;5.13;1.81;1.24;33;3.19;2.11;26.32;12.62;4.54;8.31;dsp_parametros_60.txt;1042;1006;36;25;82.8;43;74.9;22064;6.7;383;624;53.2;184615;0;766;173;166;3.99;750;190;68;29.92;12.06;0.96;82;data;166;'-13;148;60;'-16;123;122;687;0;0;3.473;95;0.106;4.748;0;3;3300;3300
db_buhler_1_dsp;;1,5968E+18;14.88;1596.3;984; OK;0;1018;193477;36;2.6;2.6;2.4;2.1;15/05/2020 08:16;5.12;1.83;1.25;33;3.2;2.12;26.48;12.61;4.56;8.32;dsp_parametros_60.txt;1042;1006;37;26;84;41.7;74.3;22057;6.68;402;624;53.2;184634;0;766;173;166;3.99;748;192;68;29.88;12.03;0.96;101;data;166;'-13;148;61;'-16;123;122;684;0;0;3.494;95.2;0.107;4.763;0;3;3300;3300
db_buhler_1_dsp;;1,5968E+18;14.82;1596.4;984; OK;0;1018;193479;36;2.6;2.6;2.5;2.2;15/05/2020 08:19;5.13;1.83;1.25;33;3.19;2.14;26.44;12.61;4.55;8.33;dsp_parametros_60.txt;1042;1006;36;25;83;42.3;75.4;21991;6.74;404;624;53.1;184636;0;765;173;166;3.98;749;192;70;29.6;12.08;0.96;103;data;166;'-13;148;61;'-16;123;122;684;0;0;3.48;94.9;0.107;4.611;0;3;3300;3300
db_buhler_1_dsp;;1,5968E+18;14.83;1596.6;984; OK;0;1017;193693;36;2.7;2.7;2.5;2.2;15/05/2020 14:30;5.13;1.83;1.25;33;3.21;2.11;26.8;12.61;4.54;8.31;dsp_parametros_60.txt;1042;1006;38;27;83.8;41.8;75.4;22068;6.7;618;624;53.1;184850;0;766;175;168;3.98;749;191;67;29.22;12.06;0.96;91;data;166;'-13;148;64;'-16;124;124;688;0;0;3.474;94.8;0.106;4.773;0;3;3300;3300
db_buhler_1_dsp;;1,5968E+18;14.66;1596.6;985; OK;0;1019;193731;36;2.7;2.8;2.6;2.4;15/05/2020 15:55;5.13;1.82;1.25;32;3.21;2.13;26.28;12.62;4.55;8.39;dsp_parametros_60.txt;1043;1007;37;26;81.1;43;74.1;22036;6.66;656;625;53.2;184888;0;766;175;169;3.99;750;191;69;29.6;12.03;0.96;129;data;167;'-13;149;65;'-16;123;122;683;0;0;3.489;94.8;0.107;4.676;0;3;3300;3300
db_buhler_1_dsp;;1,5968E+18;15.46;1596.6;984; OK;0;1019;193785;36;2.7;2.8;2.6;2.4;15/05/2020 17:58;5.12;1.86;1.24;31;3.2;2.12;27.06;12.62;4.52;8.31;dsp_parametros_60.txt;1044;1008;36;25;82.4;43.1;74.7;22025;6.68;710;626;53.2;184942;0;766;176;168;3.99;750;189;66;29.6;12.03;0.96;183;data;165;'-13;150;62;'-16;123;123;686;0;0;3.46;95.4;0.107;4.763;0;3;3300;3300
db_buhler_1_dsp;;1,5968E+18;14.99;1596.2;985; OK;0;1018;193367;34;2.6;2.7;2.6;2.3;15/05/2020 04:45;5.12;1.81;1.24;34;3.2;2.15;26.92;12.62;4.57;8.35;dsp_parametros_60.txt;1041;1007;37;27;82.6;41.7;75.9;22073;6.7;292;625;53.2;184524;0;763;172;164;3.99;750;189;68;29.6;12.06;0.97;70;data;165;'-14;147;58;'-16;121;120;684;0;0;3.511;95.5;0.107;4.6;0;3;3300;3300
db_buhler_1_dsp;;1,5968E+18;14.88;1596.5;985; OK;0;1018;193602;37;2.6;2.7;2.5;2.2;15/05/2020 11:54;5.12;1.83;1.23;32;3.2;2.12;26.52;12.61;4.52;8.36;dsp_parametros_60.txt;1043;1006;37;26;82.5;41.2;74;22081;6.7;527;624;53.2;184759;0;767;175;168;3.99;750;191;67;29.86;12.06;0.96;226;data;165;'-13;148;63;'-16;123;123;684;0;0;3.47;95.3;0.106;4.748;0;3;3300;3300
db_buhler_1_dsp;;1,5968E+18;14.91;1596.3;984; OK;0;1017;193430;37;2.6;2.6;2.5;2.2;15/05/2020 07:01;5.13;1.83;1.24;34;3.2;2.12;26.28;12.62;4.56;8.34;dsp_parametros_60.txt;1041;1004;36;26;81.5;42.1;74.2;22049;6.74;355;622;53.2;184587;0;765;173;166;3.99;750;190;70;29.84;12.09;0.96;54;data;165;'-14;148;59;'-16;122;121;683;0;0;3.491;95;0.106;4.795;0;3;3300;3300
db_buhler_1_dsp;;1,5968E+18;14.57;1596.2;985; OK;0;1019;193329;35;2.7;2.8;2.6;2.5;15/05/2020 03:45;5.12;1.69;1.25;32;3.24;2.39;26.68;12.61;4.76;8.39;dsp_parametros_60.txt;1043;1008;33;23;83.8;41.9;74;22059;6.68;254;626;53.2;184486;0;760;170;163;3.99;750;193;70;29.6;12.05;0.98;32;data;162;'-13;145;54;'-16;118;117;681;0;0;3.705;95.5;0.107;4.9;0;3;3300;3300
db_buhler_1_dsp;;1,5968E+18;14.94;1596.6;984; OK;0;1018;193755;36;2.7;2.8;2.6;2.3;15/05/2020 16:33;5.12;1.83;1.25;32;3.2;2.1;26.54;12.61;4.54;8.34;dsp_parametros_60.txt;1043;1007;37;26;82.2;42.6;74.5;22086;6.7;680;625;53.1;184912;0;766;176;169;3.98;750;190;67;29.6;12.06;0.96;153;data;167;'-13;149;64;'-16;125;124;688;0;0;3.472;94.9;0.106;4.857;0;3;3300;3300
db_buhler_1_dsp;;1,5968E+18;14.85;1596.3;984; OK;0;1018;193438;36;2.6;2.6;2.5;2.2;15/05/2020 07:14;5.13;1.84;1.24;33;3.2;2.13;26.42;12.62;4.57;8.32;dsp_parametros_60.txt;1042;1006;35;25;82.1;42.2;74.6;22024;6.7;363;624;53.2;184595;0;765;173;166;3.99;750;190;67;29.6;12.05;0.97;62;data;165;'-13;149;60;'-16;122;121;683;0;0;3.502;94.9;0.107;4.747;0;3;3300;3300
db_buhler_1_dsp;;1,5968E+18;13.59;1596.7;930;BAD;0;1012;193724;23;2.7;2.8;2.6;2.5;15/05/2020 15:43;5.15;1.48;1.18;41;3.16;2.21;25.52;12.61;4.97;8.01;dsp_parametros_60.txt;1034;1011;0;0;0;0.1;'-0.1;22003;13.26;649;629;25.8;184881;0;306;176;167;1.93;250;190;22;29.76;18.64;0.97;122;data;136;'-13;113;65;'-16;113;106;683;0;0;3.913;101;0.201;5.17;0;3;3300;3300
db_buhler_1_dsp;;1,5968E+18;14.87;1596.5;985; OK;0;1019;193644;36;2.7;2.7;2.6;2.3;15/05/2020 13:12;5.12;1.85;1.23;32;3.21;2.06;26.44;12.61;4.53;8.31;dsp_parametros_60.txt;1043;1007;37;26;84;42.2;74.2;22039;6.7;569;625;53.2;184801;0;767;175;168;3.99;750;191;66;29.62;12.07;0.96;42;data;166;'-13;147;63;'-16;123;123;684;0;0;3.471;95;0.107;4.822;0;3;3300;3300
db_buhler_1_dsp;;1,5968E+18;15.34;1596.6;985; OK;0;1020;193838;36;2.7;2.7;2.6;2.4;15/05/2020 20:23;5.12;1.85;1.24;31;3.21;2.09;27.06;12.62;4.57;8.32;dsp_parametros_60.txt;1044;1008;36;25;80.8;41.6;73.6;22054;6.68;763;626;53.2;184995;0;766;175;168;3.99;750;191;67;29.84;12.05;0.96;46;data;165;'-13;149;59;'-16;123;123;685;0;0;3.506;96;0.107;4.621;0;3;3300;3300
db_buhler_1_dsp;;1,5968E+18;14.74;1596.6;984; OK;0;1017;193642;35;2.7;2.7;2.5;2.3;15/05/2020 13:09;5.12;1.84;1.24;34;3.21;2.11;26.3;12.62;4.52;8.31;dsp_parametros_60.txt;1041;1006;37;26;82.8;42.9;74.2;22014;6.66;567;624;53.1;184799;0;766;175;168;3.98;750;193;67;29.94;12.03;0.96;40;data;166;'-13;147;63;'-16;123;123;684;0;0;3.454;95;0.107;4.64;0;3;3300;3300
db_buhler_1_dsp;;1,5968E+18;14.83;1596.4;984; OK;0;1018;193524;36;2.7;2.7;2.6;2.3;15/05/2020 09:30;5.13;1.83;1.25;33;3.2;2.08;26.6;12.62;4.54;8.35;dsp_parametros_60.txt;1042;1006;36;25;82.6;42.1;73.8;22032;6.7;449;624;53.2;184681;0;765;174;167;3.99;749;191;67;29.7;12.07;0.96;148;data;166;'-13;148;61;'-16;123;122;686;0;0;3.479;95.1;0.107;4.887;0;3;3300;3300
db_buhler_1_dsp;;1,5968E+18;14.77;1596.5;985; OK;0;1019;193669;35;2.7;2.7;2.5;2.2;15/05/2020 13:52;5.12;1.84;1.24;32;3.21;2.12;26.5;12.61;4.52;8.27;dsp_parametros_60.txt;1043;1008;37;26;82.2;42.3;74.8;22081;6.68;594;626;53.1;184826;0;767;175;168;3.98;750;192;67;29.6;12.03;0.96;67;data;166;'-13;147;64;'-16;124;123;681;0;0;3.453;94.9;0.107;4.499;0;3;3300;3300
db_buhler_1_dsp;;1,5968E+18;15.09;1596.6;985; OK;0;1020;193798;35;2.7;2.8;2.6;2.4;15/05/2020 18:19;5.12;1.85;1.25;31;3.21;2.1;26.7;12.61;4.52;8.31;dsp_parametros_60.txt;1044;1009;37;26;82.9;42;73.4;22081;6.66;723;627;53.2;184955;0;767;176;168;3.99;750;191;68;29.56;12.02;0.96;6;data;165;'-13;150;62;'-16;124;124;683;0;0;3.459;95.3;0.107;4.523;0;3;3300;3300
db_buhler_1_dsp;;1,5968E+18;14.04;1596.6;992;LOK;0;1022;193765;38;2.7;2.8;2.6;2.5;15/05/2020 17:25;5.12;1.49;1.18;29;3.2;2.21;25.3;12.62;4.82;7.97;dsp_parametros_60.txt;1046;1008;38;27;80.9;43.4;72.8;21974;9;690;626;50.8;184922;0;765;176;167;3.81;750;190;68;29.2;14.37;0.96;163;data;157;'-13;122;65;'-16;111;110;685;0;0;3.754;96;0.109;4.809;0;3;3300;3300
db_buhler_1_dsp;;1,5968E+18;14.74;1596.3;985; OK;0;1018;193422;36;2.6;2.6;2.5;2.2;15/05/2020 06:48;5.12;1.83;1.24;33;3.19;2.14;26.42;12.62;4.56;8.3;dsp_parametros_60.txt;1042;1006;36;25;82.7;42.9;74;22033;6.74;347;624;53.1;184579;0;765;173;166;3.98;750;191;69;29.92;12.1;0.97;46;data;165;'-13;148;59;'-16;122;121;686;0;0;3.5;95.2;0.107;4.528;0;3;3300;3300
db_buhler_1_dsp;;1,5968E+18;14.69;1596.5;985; OK;0;1018;193641;36;2.7;2.7;2.5;2.2;15/05/2020 13:07;5.12;1.83;1.25;33;3.21;2.13;26.24;12.62;4.57;8.33;dsp_parametros_60.txt;1042;1006;36;25;82.3;40.8;74.9;22049;6.72;566;624;53;184798;0;766;175;168;3.97;750;191;69;29.3;12.07;0.96;39;data;166;'-13;149;63;'-16;123;123;683;0;0;3.504;94.6;0.107;4.629;0;3;3300;3300
db_buhler_1_dsp;;1,5968E+18;14.37;1596.6;986; OK;0;1023;193258;36;2.7;2.6;2.6;2.3;13/05/2020 17:07;5.15;1.81;1.24;27;3.19;2.1;26.18;12.61;4.53;8.1;dsp_parametros_60.txt;1048;1012;38;27;82.6;41.4;73.6;22050;6.72;183;630;53.1;184415;0;767;177;170;3.98;749;192;64;29.92;12.09;0.95;176;data;167;'-13;151;64;'-16;125;124;685;0;0;3.476;94.7;0.108;4.949;0;3;3300;3300
db_buhler_1_dsp;;1,5968E+18;14.66;1596.4;984; OK;0;1017;193578;38;2.6;2.6;2.5;2.2;15/05/2020 11:16;5.13;1.84;1.24;33;3.21;2.12;26.26;12.61;4.54;8.36;dsp_parametros_60.txt;1042;1004;37;27;83;42.3;75.1;22054;6.66;503;622;53.2;184735;0;767;174;168;3.99;749;191;69;29.6;12.03;0.96;202;data;166;'-13;148;63;'-16;123;123;686;0;0;3.471;94.7;0.106;4.877;0;3;3300;3300
db_buhler_1_dsp;;1,5968E+18;15.19;1596.2;984; OK;0;1017;193359;36;2.6;2.7;2.5;2.3;15/05/2020 04:32;5.13;1.83;1.24;33;3.2;2.19;26.88;12.62;4.6;8.36;dsp_parametros_60.txt;1042;1006;35;25;83.2;43;74;22045;6.7;284;624;53.3;184516;0;763;171;164;3.99;750;189;67;29.6;12.06;0.97;62;data;164;'-13;146;58;'-16;121;119;688;0;0;3.537;95.5;0.107;4.902;0;3;3300;3300
db_buhler_1_dsp;;1,5968E+18;14.3;1596.6;986; OK;0;1022;193145;36;3.1;3;2.9;2.6;13/05/2020 13:33;5.12;1.83;1.24;28;3.18;2.08;26.26;12.61;4.51;8.64;dsp_parametros_60.txt;1047;1011;38;26;81.3;41.5;72.5;22105;6.72;70;629;53.2;184302;0;767;177;170;3.99;752;191;65;29.66;12.08;0.96;63;data;167;'-13;152;63;'-16;126;124;685;0;0;3.447;95;0.108;4.726;0;3;3300;3300
db_buhler_1_dsp;;1,5968E+18;15.22;1596.6;985; OK;0;1020;193787;36;2.7;2.7;2.5;2.3;15/05/2020 18:01;5.13;1.86;1.25;30;3.21;2.12;27.14;12.61;4.53;8.33;dsp_parametros_60.txt;1045;1009;37;26;83.4;42.3;73.2;22022;6.7;712;627;53.2;184944;0;767;176;168;3.99;749;191;67;29.9;12.06;0.96;185;data;165;'-13;150;62;'-16;123;123;685;0;0;3.466;95.9;0.107;4.749;0;3;3300;3300
db_buhler_1_dsp;;1,5968E+18;14.42;1596.6;986; OK;0;1021;193156;35;2.7;2.7;2.6;2.4;13/05/2020 14:07;5.13;1.77;1.25;30;3.19;2.13;25.8;12.62;4.5;8.53;dsp_parametros_60.txt;1045;1010;38;26;82.5;42;74;22067;6.68;81;628;53;184313;0;769;177;171;3.98;749;192;66;30.22;12.05;0.95;74;data;168;'-13;151;64;'-16;123;122;680;0;0;3.436;95;0.108;4.656;0;3;3300;3300
db_buhler_1_dsp;;1,5968E+18;14.83;1596.3;984; OK;0;1018;193465;35;2.7;2.7;2.5;2.3;15/05/2020 07:57;5.12;1.84;1.25;34;3.19;2.13;26.62;12.62;4.56;8.35;dsp_parametros_60.txt;1041;1006;38;27;82.7;41.4;74.7;22091;6.7;390;624;53.2;184622;0;766;173;166;3.99;750;192;69;30.22;12.07;0.96;89;data;165;'-13;147;60;'-16;122;122;681;0;0;3.497;95.9;0.107;4.643;0;3;3300;3300
db_buhler_1_dsp;;1,5968E+18;15.13;1596.6;984; OK;0;1018;193697;36;2.8;2.8;2.6;2.3;15/05/2020 14:36;5.13;1.83;1.25;33;3.21;2.09;26.56;12.61;4.54;8.39;dsp_parametros_60.txt;1042;1006;37;25;82.3;42;74.3;22073;6.8;622;624;53.1;184854;0;765;175;168;3.98;750;190;67;29.72;12.16;0.96;95;data;166;'-13;147;64;'-16;124;123;689;0;0;3.48;95.3;0.107;4.73;0;3;3300;3300
db_buhler_1_dsp;;1,5968E+18;14.81;1596.4;984; OK;0;1018;193466;35;2.6;2.6;2.5;2.2;15/05/2020 07:58;5.13;1.85;1.25;34;3.19;2.13;26.52;12.62;4.56;8.45;dsp_parametros_60.txt;1041;1006;38;27;84.1;42.5;73.9;22059;6.7;391;624;53.2;184623;0;766;173;166;3.99;749;192;69;29.66;12.07;0.96;90;data;165;'-13;148;60;'-16;123;122;682;0;0;3.496;95.1;0.107;4.74;0;3;3300;3300
db_buhler_1_dsp;;1,5968E+18;14.54;1596.5;986; OK;0;1022;193137;36;2.7;2.7;2.6;2.3;13/05/2020 13:21;5.12;1.82;1.24;29;3.18;2.1;26.44;12.62;4.52;8.38;dsp_parametros_60.txt;1046;1010;36;24;82.6;41.5;72.9;22025;6.72;62;628;53.2;184294;0;767;177;170;3.99;749;190;66;30.22;12.07;0.95;55;data;166;'-13;151;63;126;125;124;684;0;0;3.455;95.5;0.108;4.637;0;3;3300;3300
db_buhler_1_dsp;;1,5968E+18;14.3;1596.7;991;LOK;0;1021;193807;40;2.6;2.8;2.6;2.6;15/05/2020 19:33;5.15;1.59;1.24;29;3.21;2.21;25.2;12.61;4.9;8.2;dsp_parametros_60.txt;1046;1006;36;25;82.5;40.5;74.4;21855;8.1;732;624;50.9;184964;0;765;175;167;3.82;750;190;65;29.9;13.47;0.97;15;data;161;'-13;121;61;'-16;109;108;686;0;0;3.834;95.6;0.109;5.058;0;3;3300;3300
db_buhler_1_dsp;;1,5968E+18;15;1596.5;984; OK;0;1017;193597;36;2.7;2.7;2.5;2.3;15/05/2020 11:46;5.12;1.84;1.24;34;3.22;2.12;26.72;12.62;4.54;8.35;dsp_parametros_60.txt;1041;1005;37;25;82.9;43.2;75.1;22079;6.72;522;623;53.1;184754;0;767;175;168;3.98;749;190;68;30.2;12.09;0.96;221;data;166;'-13;147;63;'-16;123;123;684;0;0;3.48;95.9;0.106;4.824;0;3;3300;3300
db_buhler_1_dsp;;1,5968E+18;15.1;1596.5;984; OK;0;1017;193650;36;2.6;2.6;2.5;2.2;15/05/2020 13:21;5.12;1.85;1.24;33;3.21;2.11;26.54;12.61;4.55;8.12;dsp_parametros_60.txt;1042;1006;35;24;82.7;41;74.5;22069;6.78;575;624;53.1;184807;0;767;175;168;3.98;750;192;67;30.22;12.14;0.96;48;data;166;'-13;147;64;'-16;124;123;685;0;0;3.49;95.5;0.107;4.819;0;3;3300;3300
db_buhler_1_dsp;;1,5968E+18;14.95;1596.5;985; OK;0;1019;193653;36;2.7;2.7;2.5;2.3;15/05/2020 13:26;5.13;1.85;1.24;32;3.21;2.08;26.62;12.61;4.52;8.32;dsp_parametros_60.txt;1043;1007;37;26;83.3;43.2;74.3;22029;6.74;578;625;53.2;184810;0;766;175;168;3.99;749;192;68;29.96;12.09;0.96;51;data;165;'-13;147;64;'-16;123;123;685;0;0;3.456;95.5;0.107;4.712;0;3;3300;3300
db_buhler_1_dsp;;1,5968E+18;15.11;1596.6;985; OK;0;1018;193654;37;2.7;2.7;2.5;2.3;15/05/2020 13:28;5.15;1.81;1.26;32;3.21;2.08;26.64;12.61;4.52;8.3;dsp_parametros_60.txt;1043;1006;38;27;82.1;41.5;73.6;22033;6.74;579;624;53.2;184811;0;766;175;168;3.99;749;189;67;29.84;12.11;0.96;52;data;165;'-13;147;64;'-15;123;123;686;0;0;3.453;95.5;0.107;4.807;0;3;3300;3300
db_buhler_1_dsp;;1,5968E+18;14.95;1596.6;985; OK;0;1018;193656;36;2.7;2.7;2.5;2.3;15/05/2020 13:31;5.12;1.83;1.24;32;3.21;2.07;26.5;12.61;4.53;8.31;dsp_parametros_60.txt;1043;1007;38;27;83.4;42;74.1;22024;6.7;581;625;53.2;184813;0;767;175;168;3.99;750;191;67;29.92;12.07;0.96;54;data;166;'-13;147;64;'-16;124;123;686;0;0;3.461;95.2;0.107;4.71;0;3;3300;3300
db_buhler_1_dsp;;1,5968E+18;14.64;1596.6;985; OK;0;1019;193677;34;2.8;2.8;2.6;2.4;15/05/2020 14:04;5.15;1.85;1.25;33;3.21;2.1;26.4;12.62;4.52;8.3;dsp_parametros_60.txt;1042;1008;37;26;83.7;42.1;75.7;22048;6.66;602;626;53.2;184834;0;767;175;168;3.99;750;192;67;29.64;12.03;0.96;75;data;166;'-13;147;64;'-16;123;123;683;0;0;3.453;95;0.107;4.497;0;3;3300;3300
db_buhler_1_dsp;;1,5968E+18;14.87;1596.5;984; OK;0;1018;193680;37;2.8;2.8;2.6;2.3;15/05/2020 14:09;5.12;1.82;1.24;33;3.21;2.1;26.44;12.61;4.53;8.31;dsp_parametros_60.txt;1042;1005;36;25;82.4;41.7;75.5;22052;6.74;605;623;53.1;184837;0;765;175;168;3.98;750;189;68;29.9;12.11;0.96;78;data;165;'-13;147;64;'-16;123;123;682;0;0;3.464;95.4;0.106;4.842;0;3;3300;3300
db_buhler_1_dsp;;1,5968E+18;14.98;1596.6;986; OK;0;1020;193826;36;2.6;2.7;2.6;2.4;15/05/2020 20:03;5.12;1.83;1.25;31;3.21;2.12;26.7;12.62;4.55;8.4;dsp_parametros_60.txt;1044;1008;37;26;83.8;40.1;73.6;22089;6.74;751;626;53.1;184983;0;765;175;168;3.98;750;191;68;29.86;12.09;0.96;34;data;165;'-13;150;59;'-16;122;122;683;0;0;3.484;95.5;0.107;4.599;0;3;3300;3300
db_buhler_1_dsp;;1,5968E+18;14.47;1596.3;985; OK;0;1018;193384;35;2.5;2.6;2.5;2.3;15/05/2020 05:41;5.12;1.81;1.25;34;3.22;2.23;26.22;12.61;4.6;8.44;dsp_parametros_60.txt;1041;1006;38;27;83.1;41.7;74.2;22039;6.74;309;624;53.1;184541;0;763;172;165;3.98;751;191;71;29.92;12.1;0.97;8;data;167;'-13;147;59;'-16;120;119;686;0;0;3.547;95.2;0.107;4.597;0;3;3300;3300
db_buhler_1_dsp;;1,5968E+18;14.44;1596.5;986; OK;0;1021;193138;35;2.6;2.6;2.6;2.2;13/05/2020 13:22;5.15;1.81;1.25;30;3.18;2.08;26.16;12.61;4.48;8.42;dsp_parametros_60.txt;1045;1010;36;25;83.1;41.9;73;22072;6.64;63;628;53.2;184295;0;768;177;170;3.99;749;190;65;29.68;11.98;0.95;56;data;166;'-13;152;63;'-16;125;124;684;0;0;3.417;94.6;0.108;4.678;0;3;3300;3300
db_buhler_1_dsp;;1,5968E+18;14.41;1596.5;986; OK;0;1022;193174;36;2.6;2.6;2.6;2.2;13/05/2020 14:35;5.15;1.78;1.25;29;3.18;2.1;26.12;12.62;4.51;8.29;dsp_parametros_60.txt;1046;1010;38;27;81.7;40.9;73.2;22069;6.7;99;628;53;184331;0;768;177;171;3.98;750;189;65;29.88;12.07;0.95;92;data;166;'-13;150;63;'-16;124;123;684;0;0;3.453;95;0.108;4.577;0;3;3300;3300
db_buhler_1_dsp;;1,5968E+18;14.73;1596.5;985; OK;0;1018;193571;36;2.6;2.7;2.5;2.2;15/05/2020 11:05;5.13;1.85;1.24;33;3.21;2.11;26.38;12.61;4.56;8.38;dsp_parametros_60.txt;1042;1006;36;25;82;43.6;75;22021;6.72;496;624;53.1;184728;0;766;174;168;3.98;749;190;68;29.26;12.09;0.96;195;data;166;'-13;149;62;'-16;123;123;684;0;0;3.497;94.7;0.106;4.758;0;3;3300;3300
db_buhler_1_dsp;;1,5968E+18;14.43;1596.2;984; OK;0;1019;193325;35;2.8;2.9;2.8;2.6;15/05/2020 03:38;5.13;1.76;1.25;33;3.24;2.49;26.04;12.62;4.75;8.4;dsp_parametros_60.txt;1042;1007;32;22;83;42;74.1;22045;6.74;250;625;53.2;184482;0;758;170;163;3.99;750;190;71;30.18;12.13;0.99;28;data;163;'-13;147;54;'-16;118;117;680;0;0;3.689;95.4;0.107;4.822;0;3;3300;3300
db_buhler_1_dsp;;1,5968E+18;14.89;1596.2;984; OK;0;1018;193360;36;2.6;2.7;2.5;2.3;15/05/2020 04:34;5.13;1.82;1.24;33;3.21;2.17;26.94;12.61;4.56;8.41;dsp_parametros_60.txt;1042;1006;36;25;82.2;42;73.7;22049;6.72;285;624;53.3;184517;0;763;171;164;3.99;750;192;68;30.2;12.09;0.97;63;data;164;'-13;147;58;'-16;121;120;686;0;0;3.502;96.1;0.107;4.818;0;3;3300;3300
db_buhler_1_dsp;;1,5968E+18;14.48;1596.5;985; OK;0;1018;193546;36;2.6;2.6;2.5;2.2;15/05/2020 10:25;5.13;1.82;1.25;33;3.2;2.14;26.18;12.61;4.55;8.3;dsp_parametros_60.txt;1042;1006;36;25;82.9;42.4;74.6;22059;6.7;471;624;53.1;184703;0;765;174;167;3.98;750;193;69;29.68;12.06;0.96;170;data;165;'-13;147;62;'-16;122;121;686;0;0;3.496;94.9;0.106;4.58;0;3;3300;3300
db_buhler_1_dsp;;1,5968E+18;14.92;1596.6;985; OK;0;1018;193659;37;2.7;2.7;2.6;2.3;15/05/2020 13:36;5.12;1.85;1.24;32;3.21;2.09;26.74;12.61;4.54;8.3;dsp_parametros_60.txt;1043;1006;37;25;82.2;42;74.2;22062;6.8;584;624;53.1;184816;0;768;175;168;3.98;750;190;67;29.6;12.16;0.96;57;data;166;'-13;148;64;'-16;124;123;688;0;0;3.472;95.2;0.106;4.857;0;3;3300;3300
db_buhler_1_dsp;;1,5968E+18;14.48;1596.6;986; OK;0;1022;193264;36;2.6;2.6;2.5;2.3;13/05/2020 17:17;5.15;1.81;1.26;29;3.19;2.1;26.06;12.61;4.52;8.17;dsp_parametros_60.txt;1046;1010;36;25;81;41;73.5;22068;6.66;189;628;53.2;184421;0;768;177;170;3.99;750;191;63;29.96;12.09;0.96;182;data;163;'-13;149;64;'-16;123;123;683;0;0;3.451;94.9;0.108;4.568;0;3;3300;3300
db_buhler_1_dsp;;1,5968E+18;14.42;1596.6;986; OK;0;1022;193265;36;2.7;2.6;2.6;2.3;13/05/2020 17:18;5.12;1.83;1.24;29;3.19;2.08;26.14;12.6;4.52;8.33;dsp_parametros_60.txt;1046;1010;37;26;82;42.5;74.2;22058;6.74;190;628;53.2;184422;0;767;177;170;3.99;750;191;63;29.66;12.1;0.96;183;data;165;'-13;149;64;'-16;124;123;683;0;0;3.451;94.6;0.108;4.602;0;3;3300;3300
db_buhler_1_dsp;;1,5968E+18;14.48;1596.5;986; OK;0;1022;193103;36;2.7;2.7;2.7;2.3;13/05/2020 12:27;5.11;1.81;1.25;28;3.19;2.08;26.34;12.61;4.51;8.5;dsp_parametros_60.txt;1047;1011;37;25;81.5;42;73;22059;6.64;28;629;53.2;184260;0;768;177;170;3.99;750;190;65;29.64;11.99;0.96;21;data;166;'-13;151;62;126;125;124;684;0;0;3.444;95.1;0.108;4.832;0;3;3300;3300
db_buhler_1_dsp;;1,5968E+18;14.06;1596.7;990;LOK;0;1018;193726;40;2.6;2.7;2.5;2.4;15/05/2020 15:47;5.13;1.59;1.24;33;3.19;2.15;25.06;12.61;4.82;8.37;dsp_parametros_60.txt;1042;1002;46;29;81.8;41.8;74.7;21972;8.5;651;620;50.8;184883;0;765;176;167;3.81;750;190;63;29.68;13.87;0.96;124;data;193;'-13;134;68;'-16;134;127;683;0;0;3.75;95.8;0.108;4.814;0;3;3300;3300
db_buhler_1_dsp;;1,5968E+18;14.47;1596.6;986; OK;0;1021;193266;36;2.6;2.6;2.6;2.2;13/05/2020 17:20;5.12;1.81;1.25;29;3.19;2.08;26.02;12.6;4.52;8.31;dsp_parametros_60.txt;1046;1010;37;26;81.5;42.6;73.7;22020;6.72;191;628;53.2;184423;0;767;177;170;3.99;750;191;64;29.84;12.09;0.95;184;data;165;'-13;149;64;'-16;124;124;683;0;0;3.452;94.6;0.107;4.633;0;3;3300;3300
db_buhler_1_dsp;;1,5968E+18;14.32;1596.6;986; OK;0;1023;193157;37;2.6;2.6;2.6;2.3;13/05/2020 14:08;5.11;1.78;1.24;27;3.19;2.12;26.02;12.62;4.51;8.1;dsp_parametros_60.txt;1048;1011;37;26;82;41.7;74.9;22016;6.7;82;629;53;184314;0;768;177;170;3.98;750;188;66;29.66;12.07;0.95;75;data;167;'-13;150;64;'-16;123;122;681;0;0;3.448;94.4;0.108;4.735;0;3;3300;3300
db_buhler_1_dsp;;1,5968E+18;14.96;1596.4;985; OK;0;1018;193483;37;2.6;2.6;2.5;2.2;15/05/2020 08:25;5.12;1.83;1.25;32;3.2;2.12;26.58;12.62;4.55;8.32;dsp_parametros_60.txt;1043;1006;37;26;83.3;43.3;74.2;22018;6.66;408;624;53.2;184640;0;767;173;166;3.99;750;190;69;29.94;12.03;0.96;107;data;165;'-13;147;61;'-16;123;122;685;0;0;3.483;95.3;0.107;4.9;0;3;3300;3300
db_buhler_1_dsp;;1,5968E+18;15.14;1596.4;984; OK;0;1018;193502;36;2.6;2.6;2.5;2.1;15/05/2020 08:55;5.13;1.83;1.24;33;3.2;2.12;26.6;12.62;4.53;8.34;dsp_parametros_60.txt;1042;1006;37;26;82.3;42.7;73.5;22037;6.7;427;624;53.2;184659;0;766;173;167;3.99;750;190;68;29.92;12.06;0.96;126;data;166;'-13;147;61;'-16;123;122;688;0;0;3.464;95.6;0.107;4.844;0;3;3300;3300
db_buhler_1_dsp;;1,5968E+18;14.88;1596.5;984; OK;0;1018;193528;36;2.6;2.7;2.6;2.2;15/05/2020 09:37;5.15;1.81;1.24;33;3.2;2.22;26.62;12.61;4.54;8.39;dsp_parametros_60.txt;1042;1006;38;27;84;42.2;74.9;21978;6.66;453;624;53.2;184685;0;766;174;167;3.99;750;191;68;29.86;12.02;0.96;152;data;166;'-13;148;62;'-16;123;122;688;0;0;3.474;95.5;0.106;4.705;0;3;3300;3300
db_buhler_1_dsp;;1,5968E+18;14.87;1596.5;985; OK;0;1018;193646;37;2.6;2.6;2.5;2.2;15/05/2020 13:15;5.13;1.84;1.25;32;3.21;2.11;26.6;12.61;4.55;8.33;dsp_parametros_60.txt;1043;1006;39;28;82.9;41.2;74.2;22044;6.7;571;624;53.2;184803;0;766;175;168;3.99;750;190;67;29.98;12.07;0.96;44;data;166;'-12;147;63;'-16;124;123;684;0;0;3.482;95.5;0.107;4.92;0;3;3300;3300
db_buhler_1_dsp;;1,5968E+18;14.01;1596.6;930;BAD;0;1022;193762;21;3;3.1;2.9;2.9;15/05/2020 17:18;5.13;1.86;1.25;33;3.18;2.07;26.66;12.61;5.06;8.91;dsp_parametros_60.txt;1042;1021;40;26;0.1;0;'-0.2;22253;28.4;687;639;25.7;184919;0;306;179;170;1.93;250;189;24;29.88;34.05;0.97;160;data;36;'-13;41;64;'-16;47;59;686;0;0;4.017;2162.5;0.201;5.032;0;3;3300;3300
db_buhler_1_dsp;;1,5968E+18;14.95;1596.5;985; OK;0;1018;193671;36;2.8;2.8;2.6;2.3;15/05/2020 13:55;5.13;1.85;1.25;33;3.21;2.1;26.42;12.61;4.53;8.39;dsp_parametros_60.txt;1042;1006;39;28;83.5;42.1;75.3;21987;6.66;596;624;53.1;184828;0;766;175;168;3.98;750;190;68;29.64;12.03;0.96;69;data;166;'-13;147;64;'-16;124;123;681;0;0;3.461;95.1;0.107;4.622;0;3;3300;3300
db_buhler_1_dsp;;1,5968E+18;14.61;1596.6;986; OK;0;1019;193714;35;2.8;2.8;2.6;2.3;15/05/2020 15:03;5.13;1.85;1.24;32;3.21;2.1;26.52;12.62;4.52;8.33;dsp_parametros_60.txt;1043;1008;38;27;82.1;42.3;73.5;22017;6.8;639;626;53.2;184871;0;766;175;168;3.99;750;190;65;29.94;12.18;0.96;112;data;166;'-13;147;64;'-16;124;123;683;0;0;3.465;95.5;0.107;4.644;0;3;3300;3300
db_buhler_1_dsp;;1,5968E+18;14.74;1596.5;985; OK;0;1020;193715;36;2.8;2.8;2.6;2.3;15/05/2020 15:05;5.12;1.83;1.24;31;3.2;2.09;26.32;12.62;4.52;8.34;dsp_parametros_60.txt;1044;1008;37;26;83.8;42.8;74.4;22031;6.84;640;626;53.2;184872;0;766;176;168;3.99;750;190;65;29.86;12.21;0.96;113;data;166;'-13;149;65;'-16;124;123;683;0;0;3.455;95.1;0.107;4.823;0;3;3300;3300
db_buhler_1_dsp;;1,5968E+18;14.61;1596.6;985; OK;0;1019;193733;37;2.7;2.7;2.5;2.3;15/05/2020 15:58;5.13;1.84;1.24;31;3.2;2.15;26.38;12.61;4.54;8.38;dsp_parametros_60.txt;1044;1007;36;25;82.2;42.5;75;22081;6.66;658;625;53;184890;0;766;176;169;3.98;750;192;69;29.56;12.03;0.96;131;data;166;'-13;151;65;'-16;123;122;683;0;0;3.471;94.9;0.107;4.844;0;3;3300;3300
db_buhler_1_dsp;;1,5968E+18;14.68;1596.6;985; OK;0;1019;193734;36;2.7;2.8;2.6;2.4;15/05/2020 15:59;5.12;1.81;1.24;32;3.2;2.13;26.32;12.62;4.53;8.42;dsp_parametros_60.txt;1043;1007;36;25;82.5;42.2;75.2;22083;6.74;659;625;53.3;184891;0;766;176;169;4;750;193;67;29.7;12.11;0.96;132;data;166;'-13;150;64;'-16;123;122;683;0;0;3.47;95.1;0.107;4.679;0;3;3300;3300
db_buhler_1_dsp;;1,5968E+18;15.14;1596.6;984; OK;0;1020;193778;35;2.7;2.8;2.6;2.4;15/05/2020 17:47;5.12;1.83;1.25;31;3.21;2.12;26.92;12.61;4.54;8.36;dsp_parametros_60.txt;1044;1009;38;27;82.4;42.2;73.4;22064;6.74;703;627;53.3;184935;0;765;176;169;4;750;192;67;29.6;12.1;0.96;176;data;165;'-13;150;62;'-16;122;122;686;0;0;3.484;95.6;0.107;4.572;0;3;3300;3300
db_buhler_1_dsp;;1,5968E+18;15.27;1596.6;985; OK;0;1020;193784;36;2.7;2.7;2.5;2.4;15/05/2020 17:57;5.13;1.86;1.25;31;3.21;2.13;26.7;12.62;4.54;8.35;dsp_parametros_60.txt;1044;1008;36;25;83.5;41.8;74.9;22052;6.68;709;626;53.3;184941;0;766;176;168;3.99;749;189;67;29.66;12.05;0.96;182;data;165;'-13;149;62;'-16;123;123;687;0;0;3.48;95.4;0.107;4.475;0;3;3300;3300
db_buhler_1_dsp;;1,5968E+18;14.36;1596.3;983; OK;0;1017;193324;35;2.6;2.7;2.6;2.5;15/05/2020 03:37;5.12;1.77;1.26;34;3.24;2.5;26.12;12.62;4.76;8.39;dsp_parametros_60.txt;1041;1006;32;22;82;42.3;75;22071;6.76;249;624;53.2;184481;0;758;170;163;3.99;750;192;70;29.66;12.13;0.99;27;data;163;'-13;148;54;'-16;118;117;683;0;0;3.7;95;0.107;5.037;0;3;3300;3300
db_buhler_1_dsp;;1,5968E+18;14.58;1596.5;986; OK;0;1021;193126;36;2.7;2.7;2.6;2.3;13/05/2020 13:03;5.12;1.77;1.25;29;3.18;2.1;26.1;12.61;4.51;8.35;dsp_parametros_60.txt;1046;1010;37;26;81.1;41.4;73.8;22051;6.66;51;628;53.2;184283;0;767;177;170;3.99;749;190;66;29.66;12.02;0.95;44;data;166;'-13;151;62;127;125;124;686;0;0;3.446;94.8;0.108;4.79;0;3;3300;3300
db_buhler_1_dsp;;1,5968E+18;14.83;1596.5;985; OK;0;1019;193672;36;2.8;2.8;2.6;2.3;15/05/2020 13:56;5.15;1.85;1.25;32;3.21;2.1;26.6;12.61;4.56;8.32;dsp_parametros_60.txt;1043;1007;38;27;83.5;42.1;74.9;22036;6.74;597;625;53.1;184829;0;767;175;168;3.98;749;189;67;29.6;12.11;0.96;70;data;166;'-12;147;64;'-16;124;123;681;0;0;3.495;95.1;0.107;4.763;0;3;3300;3300
db_buhler_1_dsp;;1,5968E+18;14.87;1596.6;985; OK;0;1018;193716;36;2.8;2.8;2.6;2.3;15/05/2020 15:06;5.15;1.85;1.24;32;3.2;2.1;26.48;12.62;4.49;8.36;dsp_parametros_60.txt;1043;1007;37;26;82.1;41.9;73.2;22012;6.76;641;625;53.2;184873;0;768;175;168;3.99;750;189;67;30.24;12.13;0.96;114;data;166;'-13;146;64;'-16;123;123;684;0;0;3.436;95.8;0.107;4.81;0;3;3300;3300
db_buhler_1_dsp;;1,5968E+18;15.04;1596.7;986; OK;0;1021;193814;37;2.6;2.7;2.5;2.4;15/05/2020 19:44;5.12;1.81;1.25;30;3.21;2.16;26.54;12.61;4.59;8.36;dsp_parametros_60.txt;1045;1008;36;25;82.6;42;75.6;22136;6.66;739;626;53;184971;0;765;175;168;3.97;750;190;68;29.52;12.02;0.97;22;data;164;'-13;151;60;'-16;118;118;686;0;0;3.536;95;0.107;4.779;0;3;3300;3300
db_buhler_1_dsp;;1,5968E+18;14.51;1596.6;986; OK;0;1021;193146;36;2.6;2.6;2.5;2.2;13/05/2020 13:35;5.12;1.78;1.24;29;3.18;2.08;25.92;12.61;4.51;8.4;dsp_parametros_60.txt;1046;1010;37;26;82.5;41.1;74.3;22046;6.72;71;628;53.1;184303;0;767;177;170;3.98;750;190;66;29.66;12.05;0.96;64;data;167;'-13;151;63;'-16;126;124;686;0;0;3.455;94.5;0.108;4.799;0;3;3300;3300
db_buhler_1_dsp;;1,5968E+18;14.5;1596.5;986; OK;0;1021;193147;35;2.6;2.6;2.5;2.2;13/05/2020 13:37;5.12;1.8;1.25;30;3.18;2.1;26.16;12.61;4.51;8.39;dsp_parametros_60.txt;1045;1010;36;25;81.8;42.8;74;22050;6.8;72;628;53.2;184304;0;768;177;170;3.99;751;192;65;29.88;12.17;0.96;65;data;167;'-13;151;63;'-16;125;124;686;0;0;3.448;95.1;0.108;4.616;0;3;3300;3300
db_buhler_1_dsp;;1,5968E+18;15.15;1596.4;984; OK;0;1017;193503;35;2.6;2.6;2.5;2.2;15/05/2020 08:57;5.13;1.83;1.25;34;3.2;2.11;26.84;12.61;4.57;8.35;dsp_parametros_60.txt;1041;1006;36;25;82.1;42.5;74;22052;6.74;428;624;53.2;184660;0;766;173;167;3.99;750;191;70;30.2;12.1;0.96;127;data;166;'-13;147;61;'-16;123;122;686;0;0;3.503;96.1;0.106;4.792;0;3;3300;3300
db_buhler_1_dsp;;1,5968E+18;14.97;1596.6;984; OK;0;1017;193719;36;2.8;2.8;2.6;2.3;15/05/2020 15:11;5.13;1.87;1.25;33;3.21;2.08;26.52;12.6;4.52;8.39;dsp_parametros_60.txt;1042;1006;37;25;82.9;41.8;73.8;22059;6.64;644;624;53.2;184876;0;767;175;169;3.99;749;192;67;29.88;12.01;0.96;117;data;166;'-13;150;65;'-16;124;124;685;0;0;3.451;95.3;0.106;4.831;0;3;3300;3300
db_buhler_1_dsp;;1,5968E+18;14.4;1596.5;986; OK;0;1022;193094;35;2.7;2.6;2.6;2.2;13/05/2020 12:13;5.12;1.81;1.24;29;3.18;2.07;26.2;12.61;4.51;8.29;dsp_parametros_60.txt;1046;1011;37;26;83.7;41.4;73.9;22066;6.66;19;629;53.2;184251;0;768;176;170;3.99;750;193;67;29.66;12.03;0.96;12;data;167;'-13;153;62;127;125;124;681;0;0;3.447;94.6;0.108;4.577;0;3;3300;3300
db_buhler_1_dsp;;1,5968E+18;14.78;1596.3;984; OK;0;1018;193405;36;2.6;2.6;2.5;2.3;15/05/2020 06:21;5.13;1.82;1.25;33;3.2;2.17;26.3;12.62;4.6;8.32;dsp_parametros_60.txt;1042;1006;35;25;83.5;41.6;75.5;22048;6.72;330;624;53.1;184562;0;764;173;166;3.98;750;192;69;29.94;12.07;0.97;29;data;165;'-13;148;59;'-16;121;120;683;0;0;3.539;95.1;0.107;4.82;0;3;3300;3300
db_buhler_1_dsp;;1,5968E+18;14.71;1596.5;986; OK;0;1020;193134;36;2.7;2.7;2.6;2.3;13/05/2020 13:16;5.13;1.8;1.25;30;3.18;2.06;26.28;12.61;4.5;8.39;dsp_parametros_60.txt;1045;1009;38;27;83.4;40.4;74.4;22066;6.78;59;627;53.2;184291;0;767;177;170;3.99;750;190;67;29.68;12.13;0.95;52;data;167;'-13;151;63;127;126;124;683;0;0;3.44;95.1;0.107;4.734;0;3;3300;3300
db_buhler_1_dsp;;1,5968E+18;15;1596.5;984; OK;0;1018;193565;36;2.6;2.7;2.6;2.3;15/05/2020 10:55;5.12;1.82;1.24;33;3.2;2.13;26.36;12.61;4.54;8.32;dsp_parametros_60.txt;1042;1006;37;26;81.8;42.1;76;22028;6.7;490;624;53.2;184722;0;765;174;168;3.99;750;190;66;29.66;12.07;0.96;189;data;166;'-13;148;62;'-16;123;123;683;0;0;3.487;95;0.106;4.88;0;3;3300;3300
db_buhler_1_dsp;;1,5968E+18;14.89;1596.6;985; OK;0;1019;193673;36;2.7;2.7;2.5;2.3;15/05/2020 13:58;5.15;1.84;1.24;32;3.21;2.1;26.52;12.61;4.53;8.3;dsp_parametros_60.txt;1043;1007;37;25;83.3;41.1;74.4;22045;6.66;598;625;53.1;184830;0;767;175;168;3.98;750;193;68;29.86;12.02;0.96;71;data;166;'-13;147;64;'-16;124;123;681;0;0;3.467;95.3;0.107;4.835;0;3;3300;3300
db_buhler_1_dsp;;1,5968E+18;14.84;1596.6;984; OK;0;1018;193740;36;2.7;2.8;2.6;2.3;15/05/2020 16:09;5.12;1.86;1.25;32;3.21;2.11;26.46;12.61;4.53;8.37;dsp_parametros_60.txt;1043;1007;37;25;82.5;40.6;74;22035;6.72;665;625;53.4;184897;0;766;176;169;4;750;192;66;30.18;12.09;0.96;138;data;166;'-13;149;64;'-16;124;123;684;0;0;3.467;95.6;0.107;4.862;0;3;3300;3300
db_buhler_1_dsp;;1,5968E+18;15.09;1596.7;985; OK;0;1020;193772;35;2.6;2.7;2.5;2.4;15/05/2020 17:38;5.13;1.84;1.24;31;3.21;2.16;26.46;12.62;4.54;8.59;dsp_parametros_60.txt;1044;1009;35;24;83.2;42.6;74;22045;6.76;697;627;53.2;184929;0;766;175;169;3.99;749;192;66;30.22;12.11;0.96;170;data;161;'-13;149;62;'-16;118;118;685;0;0;3.474;95.8;0.108;4.505;0;3;3300;3300
db_buhler_1_dsp;;1,5968E+18;14.98;1596.6;985; OK;0;1020;193802;37;2.7;2.7;2.5;2.3;15/05/2020 18:25;5.12;1.87;1.24;30;3.21;2.12;27.24;12.61;4.52;8.31;dsp_parametros_60.txt;1045;1008;38;27;81.9;42.5;74.3;22060;6.7;727;626;53.2;184959;0;767;176;168;3.99;749;192;68;29.64;12.07;0.96;10;data;166;'-13;151;62;'-16;124;124;680;0;0;3.468;95.7;0.108;4.85;0;3;3300;3300
db_buhler_1_dsp;;1,5968E+18;14.43;1596.5;986; OK;0;1020;193095;36;2.7;2.7;2.6;2.3;13/05/2020 12:14;5.13;1.81;1.25;30;3.18;2.1;26;12.6;4.53;8.35;dsp_parametros_60.txt;1045;1009;37;25;82.6;42.4;74.3;22067;6.68;20;627;53.1;184252;0;767;176;170;3.98;750;192;66;29.92;12.04;0.96;13;data;166;'-13;151;62;126;125;124;683;0;0;3.461;95;0.108;4.792;0;3;3300;3300
db_buhler_1_dsp;;1,5968E+18;14.56;1596.3;984; OK;0;1017;193387;36;2.6;2.7;2.6;2.4;15/05/2020 05:46;5.12;1.8;1.25;34;3.21;2.21;26.2;12.61;4.6;8.32;dsp_parametros_60.txt;1041;1005;36;25;82.9;42.3;75.1;22070;6.72;312;623;53.1;184544;0;764;172;165;3.98;749;190;70;29.96;12.07;0.97;11;data;165;'-13;148;59;'-16;120;119;686;0;0;3.54;95.2;0.106;4.775;0;3;3300;3300
db_buhler_1_dsp;;1,5968E+18;13.58;1596.6;930;BAD;0;1012;193607;23;2.7;2.8;2.6;2.4;15/05/2020 12:13;5.15;1.59;1.24;41;3.13;2.17;25.12;12.62;4.97;8.35;dsp_parametros_60.txt;1034;1011;0;0;0.1;0;'-0.2;22001;13.56;532;629;25.8;184764;0;306;175;167;1.94;250;194;22;29.66;18.93;0.97;5;data;145;'-13;118;65;'-16;119;114;686;0;0;3.925;101;0.201;5.741;0;3;3300;3300
db_buhler_1_dsp;;1,5968E+18;14.69;1596.5;985; OK;0;1018;193634;36;2.7;2.7;2.5;2.3;15/05/2020 12:56;5.13;1.82;1.24;33;3.21;2.09;26.38;12.62;4.53;8.36;dsp_parametros_60.txt;1042;1006;37;26;82.9;42.6;74.8;22050;6.68;559;624;53.2;184791;0;767;175;168;3.99;750;190;68;30.14;12.03;0.96;32;data;166;'-13;146;63;'-16;123;123;683;0;0;3.463;95.5;0.107;4.594;0;3;3300;3300
db_buhler_1_dsp;;1,5968E+18;14.7;1596.4;984; OK;0;1018;193406;36;2.6;2.6;2.5;2.3;15/05/2020 06:23;5.13;1.87;1.24;33;3.21;2.17;26.52;12.61;4.57;8.37;dsp_parametros_60.txt;1042;1006;36;25;82.9;42;74.1;22003;6.82;331;624;53.1;184563;0;764;172;166;3.98;750;191;69;29.92;12.16;0.97;30;data;165;'-13;150;59;'-16;121;120;684;0;0;3.501;95.5;0.107;4.682;0;3;3300;3300
db_buhler_1_dsp;;1,5968E+18;14.91;1596.4;984; OK;0;1018;193518;36;2.6;2.6;2.5;2.2;15/05/2020 09:21;5.13;1.83;1.25;33;3.2;2.1;26.42;12.61;4.55;8.29;dsp_parametros_60.txt;1042;1006;38;27;81.9;43;76;22058;6.7;443;624;53.3;184675;0;765;174;167;3.99;750;191;66;29.26;12.07;0.96;142;data;166;'-13;148;61;'-16;123;122;685;0;0;3.497;94.5;0.107;4.644;0;3;3300;3300
db_buhler_1_dsp;;1,5968E+18;14.77;1596.5;984; OK;0;1018;193633;35;2.7;2.7;2.5;2.3;15/05/2020 12:54;5.15;1.83;1.25;33;3.21;2.09;26.32;12.61;4.56;8.32;dsp_parametros_60.txt;1042;1007;37;26;81.6;42.9;74.4;22101;6.66;558;625;53.1;184790;0;766;175;168;3.98;750;193;67;29.84;12.02;0.96;31;data;166;'-13;147;63;'-16;123;123;681;0;0;3.493;94.9;0.107;4.594;0;3;3300;3300
db_buhler_1_dsp;;1,5968E+18;14.85;1596.3;984; OK;0;1018;193447;36;2.6;2.6;2.5;2.2;15/05/2020 07:28;5.13;1.85;1.24;33;3.19;2.13;26.4;12.61;4.56;8.35;dsp_parametros_60.txt;1042;1006;36;25;83.1;42.3;75.2;22058;6.74;372;624;53.2;184604;0;766;173;166;3.99;751;191;69;29.86;12.1;0.96;71;data;165;'-13;148;60;'-16;122;122;685;0;0;3.494;95.2;0.107;4.715;0;3;3300;3300
db_buhler_1_dsp;;1,5968E+18;15.02;1596.5;984; OK;0;1018;193599;37;2.7;2.8;2.6;2.3;15/05/2020 11:49;5.12;1.84;1.25;32;3.22;2.13;26.66;12.61;4.55;8.33;dsp_parametros_60.txt;1043;1006;36;25;83;41.9;74.6;22053;6.74;524;624;53.3;184756;0;766;174;168;3.99;750;190;67;29.66;12.09;0.96;223;data;166;'-13;148;63;'-16;123;123;684;0;0;3.49;95.2;0.106;4.852;0;3;3300;3300
db_buhler_1_dsp;;1,5968E+18;14.82;1596.6;985; OK;0;1019;193743;37;2.7;2.7;2.5;2.3;15/05/2020 16:14;5.15;1.83;1.25;31;3.2;2.1;26.48;12.61;4.53;8.38;dsp_parametros_60.txt;1044;1007;38;27;82.8;41.7;74.5;22086;6.7;668;625;53.3;184900;0;767;176;169;3.99;750;188;66;29.92;12.06;0.96;141;data;166;'-13;148;64;'-16;124;123;684;0;0;3.468;95.5;0.107;4.737;0;3;3300;3300
db_buhler_1_dsp;;1,5968E+18;15.05;1596.6;985; OK;0;1020;193823;36;2.6;2.7;2.6;2.4;15/05/2020 19:59;5.13;1.83;1.25;31;3.21;2.12;26.84;12.61;4.53;8.38;dsp_parametros_60.txt;1044;1008;35;24;82.5;41.5;73.4;22043;6.72;748;626;53.1;184980;0;765;175;168;3.98;750;191;67;29.84;12.09;0.96;31;data;165;'-13;150;59;'-16;122;122;683;0;0;3.476;95.6;0.107;4.524;0;3;3300;3300
db_buhler_1_dsp;;1,5968E+18;14.71;1596.4;985; OK;0;1020;193491;36;2.6;2.6;2.5;2.2;15/05/2020 08:38;5.13;1.83;1.24;31;3.19;2.12;26.44;12.61;4.54;8.3;dsp_parametros_60.txt;1044;1008;37;26;82.4;43.3;74.5;22058;6.66;416;626;53.2;184648;0;765;173;166;3.99;750;189;66;29.64;12.01;0.96;115;data;166;'-13;148;61;'-16;123;122;688;0;0;3.477;95;0.107;4.765;0;3;3300;3300
db_buhler_1_dsp;;1,5968E+18;13.57;1596.6;930;BAD;0;1014;193606;21;2.8;2.9;2.7;2.5;15/05/2020 12:12;5.13;1.81;1.25;41;3.17;2.13;26.68;12.61;4.96;7.92;dsp_parametros_60.txt;1034;1013;38;25;0;0;'-0.1;22138;41.88;531;631;25.8;184763;0;304;179;171;1.93;250;191;21;29.86;47.38;0.97;4;data;99;'-13;93;62;'-16;98;94;686;0;0;3.907;765.8;0.201;5.164;0;3;3300;3300
db_buhler_1_dsp;;1,5968E+18;14.06;1596.6;990;LOK;0;1019;193608;37;2.6;2.7;2.5;2.3;15/05/2020 12:15;5.13;1.6;1.24;32;3.18;2.14;25.02;12.62;4.85;8.33;dsp_parametros_60.txt;1043;1006;44;29;82.8;41.2;73;21995;9.42;533;624;50.9;184765;0;763;175;167;3.82;749;191;62;29.54;14.78;0.96;6;data;168;'-13;130;66;'-16;127;122;686;0;0;3.783;96.4;0.109;5.086;0;3;3300;3300
db_buhler_1_dsp;;1,5968E+18;14.36;1596.6;988;LOK;0;1019;193727;37;2.6;2.7;2.5;2.3;15/05/2020 15:48;5.12;1.8;1.25;32;3.2;2.15;25.78;12.61;4.64;8.54;dsp_parametros_60.txt;1043;1006;42;29;81.9;42.4;74.8;22008;6.68;652;624;52.3;184884;0;766;176;168;3.92;750;192;69;29.94;12.05;0.96;125;data;182;'-13;150;67;'-16;128;124;683;0;0;3.577;94.8;0.107;4.894;0;3;3300;3300
db_buhler_1_dsp;;1,5968E+18;14.89;1596.5;984; OK;0;1018;193552;36;2.7;2.7;2.6;2.3;15/05/2020 10:35;5.15;1.81;1.25;33;3.2;2.11;26.48;12.62;4.56;8.3;dsp_parametros_60.txt;1042;1006;37;26;83.8;42.3;74.5;22070;6.7;477;624;53.2;184709;0;766;174;167;3.99;750;190;68;29.94;12.06;0.96;176;data;165;'-13;147;62;'-16;122;122;686;0;0;3.497;95.4;0.106;4.658;0;3;3300;3300
db_buhler_1_dsp;;1,5968E+18;14.97;1596.5;985; OK;0;1018;193605;36;2.7;2.7;2.5;2.3;15/05/2020 11:59;5.12;1.83;1.25;33;3.21;2.12;26.32;12.61;4.55;8.33;dsp_parametros_60.txt;1042;1006;39;28;82.2;43.3;75.2;22040;6.72;530;624;53.3;184762;0;766;175;168;3.99;749;190;67;29.48;12.07;0.96;3;data;166;'-13;147;63;'-16;123;123;685;0;0;3.48;94.7;0.107;4.661;0;3;3300;3300
db_buhler_1_dsp;;1,5968E+18;14.56;1596.6;984; OK;0;1018;193615;36;2.7;2.8;2.6;2.3;15/05/2020 12:26;5.15;1.83;1.24;33;3.21;2.14;26.7;12.62;4.54;8.34;dsp_parametros_60.txt;1042;1006;36;25;82.3;41.9;73.5;22035;6.84;540;624;53.2;184772;0;766;175;168;3.99;750;190;66;30.2;12.21;0.96;13;data;165;'-13;147;63;'-16;122;122;686;0;0;3.478;96;0.107;4.646;0;3;3300;3300
db_buhler_1_dsp;;1,5968E+18;14.7;1596.6;985; OK;0;1019;193617;36;2.7;2.8;2.6;2.3;15/05/2020 12:29;5.12;1.83;1.24;32;3.21;2.11;26.46;12.61;4.54;8.34;dsp_parametros_60.txt;1043;1007;38;27;83.1;42.5;74.6;22034;6.72;542;625;53.2;184774;0;767;175;168;3.99;750;189;66;29.9;12.09;0.96;15;data;166;'-13;148;63;'-16;123;122;686;0;0;3.474;95.5;0.107;4.801;0;3;3300;3300
db_buhler_1_dsp;;1,5968E+18;14.7;1596.5;985; OK;0;1019;193681;34;2.8;2.8;2.6;2.3;15/05/2020 14:11;5.12;1.84;1.24;33;3.2;2.1;26.52;12.62;4.55;8.39;dsp_parametros_60.txt;1042;1008;36;25;83.2;42.7;74.4;22104;6.62;606;626;53.1;184838;0;765;175;168;3.98;750;193;67;29.64;11.97;0.96;79;data;166;'-13;148;64;'-16;123;123;683;0;0;3.485;94.9;0.107;4.463;0;3;3300;3300
db_buhler_1_dsp;;1,5968E+18;15.11;1596.6;986; OK;0;1021;193822;35;2.6;2.7;2.6;2.4;15/05/2020 19:57;5.12;1.82;1.24;31;3.21;2.12;26.92;12.62;4.56;8.31;dsp_parametros_60.txt;1044;1009;35;24;81.6;40.7;73.9;22032;6.66;747;627;53.1;184979;0;764;175;168;3.98;750;191;65;29.86;12.03;0.96;30;data;165;'-13;151;59;'-16;122;122;681;0;0;3.51;95.8;0.107;4.457;0;3;3300;3300
db_buhler_1_dsp;;1,5968E+18;15.22;1596.6;985; OK;0;1020;193821;36;2.7;2.8;2.6;2.5;15/05/2020 19:55;5.13;1.84;1.24;31;3.21;2.12;26.84;12.62;4.55;8.4;dsp_parametros_60.txt;1044;1008;36;25;81.8;39.9;74.2;22048;6.72;746;626;53.1;184978;0;765;175;168;3.98;750;191;69;29.86;12.09;0.96;29;data;165;'-13;150;59;'-16;121;122;681;0;0;3.488;95.6;0.107;4.515;0;3;3300;3300
db_buhler_1_dsp;;1,5968E+18;15.22;1596.2;984; OK;0;1018;193370;35;2.6;2.7;2.6;2.3;15/05/2020 04:50;5.13;1.82;1.24;33;3.21;2.16;26.56;12.62;4.56;8.35;dsp_parametros_60.txt;1042;1007;36;25;82.7;40.4;74.7;22036;6.74;295;625;53.2;184527;0;764;172;164;3.99;750;192;68;29.92;12.09;0.97;73;data;165;'-13;148;58;'-16;121;120;684;0;0;3.496;95.4;0.107;4.776;0;3;3300;3300
db_buhler_1_dsp;;1,5968E+18;14.84;1596.5;985; OK;0;1018;193554;35;2.6;2.7;2.6;2.3;15/05/2020 10:38;5.12;1.83;1.24;33;3.19;2.12;26.36;12.61;4.54;8.38;dsp_parametros_60.txt;1042;1007;36;25;82.8;42.2;74.6;22051;6.66;479;625;53.2;184711;0;767;174;167;3.99;750;191;67;29.6;12.01;0.96;178;data;165;'-13;149;62;'-16;123;122;688;0;0;3.478;95;0.106;4.528;0;3;3300;3300
db_buhler_1_dsp;;1,5968E+18;14.73;1596.5;986; OK;0;1018;193553;36;2.7;2.7;2.6;2.3;15/05/2020 10:36;5.12;1.81;1.25;32;3.18;2.13;26.56;12.61;4.54;8.35;dsp_parametros_60.txt;1043;1007;36;25;82.7;41.2;74.5;22011;6.7;478;625;53;184710;0;767;174;168;3.98;749;191;68;29.66;12.05;0.96;177;data;165;'-13;148;62;'-16;123;122;686;0;0;3.476;95;0.107;4.894;0;3;3300;3300
db_buhler_1_dsp;;1,5968E+18;15;1596.2;985; OK;0;1019;193368;35;2.6;2.7;2.6;2.3;15/05/2020 04:47;5.13;1.81;1.25;32;3.2;2.16;26.7;12.62;4.57;8.35;dsp_parametros_60.txt;1043;1008;37;26;82.4;41.8;73.9;22080;6.68;293;626;53.1;184525;0;763;172;164;3.98;749;192;69;29.66;12.05;0.97;71;data;165;'-13;147;58;'-16;121;120;684;0;0;3.509;95.2;0.107;4.859;0;3;3300;3300
db_buhler_1_dsp;;1,5968E+18;14.83;1596.4;984; OK;0;1018;193449;37;2.6;2.7;2.6;2.2;15/05/2020 07:31;5.15;1.86;1.25;32;3.19;2.13;26.62;12.62;4.57;8.34;dsp_parametros_60.txt;1043;1006;35;25;84.6;41;73.5;22050;6.74;374;624;53.2;184606;0;765;173;166;3.99;750;190;70;29.86;12.11;0.96;73;data;165;'-13;147;60;'-16;122;121;685;0;0;3.509;95.4;0.107;4.898;0;3;3300;3300
db_buhler_1_dsp;;1,5968E+18;14.95;1596.6;984; OK;0;1020;193768;36;2.8;2.9;2.7;2.6;15/05/2020 17:31;5.13;1.83;1.25;31;3.2;2.19;26.34;12.62;4.55;8.38;dsp_parametros_60.txt;1044;1008;36;26;83;43.3;75.3;22030;6.72;693;626;53.2;184925;0;766;176;169;3.99;749;190;66;29.96;12.1;0.96;166;data;158;'-13;146;63;'-16;115;115;685;0;0;3.486;95.2;0.108;4.648;0;3;3300;3300
db_buhler_1_dsp;;1,5968E+18;15.03;1596.3;984; OK;0;1017;193471;36;2.6;2.6;2.4;2.1;15/05/2020 08:06;5.12;1.84;1.25;34;3.19;2.11;26.9;12.62;4.55;8.62;dsp_parametros_60.txt;1041;1005;36;25;82.3;42;73.1;22049;6.68;396;623;53.2;184628;0;766;173;166;3.99;749;190;68;29.92;12.05;0.96;95;data;165;'-13;147;60;'-16;122;122;683;0;0;3.489;95.9;0.106;4.703;0;3;3300;3300
db_buhler_1_dsp;;1,5968E+18;14.9;1596.4;986; OK;0;1019;193472;35;2.6;2.6;2.5;2.2;15/05/2020 08:08;5.13;1.83;1.24;33;3.19;2.1;26.66;12.61;4.56;8.3;dsp_parametros_60.txt;1042;1007;36;26;83.5;42.1;73.3;22054;6.74;397;625;53.1;184629;0;765;173;166;3.98;750;190;70;29.94;12.1;0.96;96;data;165;'-13;148;60;'-16;122;122;683;0;0;3.494;95.6;0.107;4.408;0;3;3300;3300
db_buhler_1_dsp;;1,5968E+18;14.36;1596.6;986; OK;0;1022;193164;35;2.6;2.6;2.6;2.3;13/05/2020 14:19;5.13;1.8;1.26;30;3.18;2.09;25.98;12.61;4.52;8.33;dsp_parametros_60.txt;1045;1010;38;27;81.5;41.5;74;22035;6.74;89;628;53.1;184321;0;768;177;170;3.98;749;191;66;29.86;12.1;0.95;82;data;166;'-13;151;63;'-16;124;123;683;0;0;3.454;94.7;0.108;4.492;0;3;3300;3300
db_buhler_1_dsp;;1,5968E+18;14.84;1596.5;985; OK;0;1018;193557;36;2.7;2.7;2.6;2.3;15/05/2020 10:43;5.12;1.83;1.25;33;3.18;2.12;26.52;12.62;4.57;8.33;dsp_parametros_60.txt;1042;1006;37;27;81.4;42.6;74.6;22048;6.72;482;624;53.1;184714;0;766;174;168;3.98;750;190;67;30.24;12.08;0.96;181;data;166;'-13;148;62;'-16;123;122;686;0;0;3.504;95.6;0.107;4.627;0;3;3300;3300
db_buhler_1_dsp;;1,5968E+18;15;1596.5;984; OK;0;1018;193600;36;2.7;2.7;2.5;2.2;15/05/2020 11:51;5.13;1.83;1.24;33;3.21;2.08;26.76;12.61;4.5;8.36;dsp_parametros_60.txt;1042;1006;36;25;82.4;42.9;73.9;22025;6.64;525;624;53.2;184757;0;767;175;168;3.99;750;189;66;29.92;12.01;0.96;224;data;166;'-13;148;63;'-16;123;123;684;0;0;3.445;95.4;0.106;4.673;0;3;3300;3300
db_buhler_1_dsp;;1,5968E+18;14.81;1596.5;984; OK;0;1018;193601;37;2.7;2.7;2.5;2.3;15/05/2020 11:52;5.12;1.69;1.25;32;3.22;2.12;27.14;12.62;4.52;8.35;dsp_parametros_60.txt;1043;1006;37;26;82.3;41.5;73.1;22058;6.72;526;624;53.2;184758;0;768;175;168;3.99;751;190;67;30.24;12.08;0.96;225;data;165;'-13;148;63;'-16;123;123;684;0;0;3.465;96.2;0.107;4.815;0;3;3300;3300
db_buhler_1_dsp;;1,5968E+18;14.85;1596.6;985; OK;0;1020;193769;35;2.7;2.8;2.7;2.5;15/05/2020 17:32;5.13;1.82;1.25;31;3.21;2.16;26.64;12.61;4.55;8.45;dsp_parametros_60.txt;1044;1009;37;26;83.6;42.5;75.3;22087;6.7;694;627;53.1;184926;0;767;176;169;3.98;751;192;67;29.9;12.06;0.96;167;data;161;'-13;149;63;'-16;117;117;685;0;0;3.483;95.5;0.107;4.519;0;3;3300;3300
db_buhler_1_dsp;;1,5968E+18;14.94;1596.2;984; OK;0;1018;193350;36;2.7;2.8;2.7;2.4;15/05/2020 04:18;5.12;1.81;1.26;33;3.22;2.24;26.62;12.62;4.61;8.39;dsp_parametros_60.txt;1042;1006;34;23;81.5;42.8;73.6;22037;6.74;275;624;53.2;184507;0;764;171;164;3.99;751;192;70;29.92;12.1;0.97;53;data;163;'-13;147;57;'-16;120;119;686;0;0;3.546;95.6;0.107;4.85;0;3;3300;3300
db_buhler_1_dsp;;1,5968E+18;14.85;1596.2;985; OK;0;1019;193352;34;2.7;2.8;2.6;2.4;15/05/2020 04:21;5.13;1.84;1.24;33;3.22;2.24;26.86;12.61;4.66;8.33;dsp_parametros_60.txt;1042;1008;34;24;82.9;42.1;73.8;22114;6.64;277;626;53.2;184509;0;762;171;164;3.99;750;192;69;29.92;11.99;0.97;55;data;163;'-13;149;57;'-16;120;119;688;0;0;3.593;96;0.107;4.568;0;3;3300;3300
db_buhler_1_dsp;;1,5968E+18;14.99;1596.3;984; OK;0;1017;193473;36;2.6;2.6;2.4;2.1;15/05/2020 08:09;5.12;1.82;1.25;34;3.2;2.11;26.54;12.62;4.57;8.32;dsp_parametros_60.txt;1041;1005;38;27;82.3;42.9;74.4;22088;6.74;398;623;53.2;184630;0;767;173;166;3.99;750;191;69;29.88;12.11;0.96;97;data;165;'-13;147;60;'-16;122;122;684;0;0;3.505;95.5;0.107;4.74;0;3;3300;3300
db_buhler_1_dsp;;1,5968E+18;14.85;1596.4;985; OK;0;1018;193475;36;2.6;2.6;2.5;2.2;15/05/2020 08:13;5.11;1.83;1.25;33;3.19;2.13;26.5;12.61;4.57;8.39;dsp_parametros_60.txt;1042;1006;37;27;83;42.5;74.3;22051;6.72;400;624;53.1;184632;0;767;173;166;3.98;750;190;69;29.64;12.09;0.96;99;data;166;'-13;147;61;'-16;123;122;684;0;0;3.501;95.1;0.107;4.799;0;3;3300;3300
db_buhler_1_dsp;;1,5968E+18;14.46;1596.5;986; OK;0;1020;193192;35;2.6;2.6;2.6;2.2;13/05/2020 15:03;5.12;1.81;1.24;31;3.18;2.08;26.14;12.6;4.52;8.36;dsp_parametros_60.txt;1044;1009;37;26;81.8;43.1;72.9;22061;6.74;117;627;53.2;184349;0;768;177;170;3.99;750;190;66;29.88;12.11;0.95;110;data;166;'-13;150;63;'-16;125;124;683;0;0;3.451;95.1;0.107;4.571;0;3;3300;3300
db_buhler_1_dsp;;1,5968E+18;14.73;1596.5;985; OK;0;1019;193619;35;2.7;2.8;2.6;2.3;15/05/2020 12:32;5.12;1.83;1.24;33;3.21;2.12;26.34;12.62;4.55;8.32;dsp_parametros_60.txt;1042;1007;38;27;82.6;41.7;75.1;22041;6.7;544;625;53;184776;0;766;175;168;3.97;750;192;68;29.92;12.07;0.96;17;data;166;'-13;147;63;'-16;123;122;686;0;0;3.489;95.4;0.107;4.546;0;3;3300;3300
db_buhler_1_dsp;;1,5968E+18;14.53;1596.5;985; OK;0;1019;193620;35;2.7;2.8;2.6;2.3;15/05/2020 12:34;5.13;1.82;1.25;32;3.21;2.12;26.44;12.61;4.56;8.29;dsp_parametros_60.txt;1043;1008;37;26;82.8;42.7;74.8;22076;6.66;545;626;53.2;184777;0;766;175;168;3.99;750;192;66;29.92;12.01;0.96;18;data;166;'-13;148;63;'-16;123;122;686;0;0;3.492;95.1;0.107;4.728;0;3;3300;3300
db_buhler_1_dsp;;1,5968E+18;14.66;1596.5;984; OK;0;1018;193622;36;2.7;2.7;2.5;2.3;15/05/2020 12:37;5.11;1.82;1.25;33;3.21;2.1;26.4;12.61;4.52;8.3;dsp_parametros_60.txt;1042;1006;37;26;82.8;42.5;75.9;22056;6.68;547;624;53.2;184779;0;768;175;168;3.99;750;191;67;29.52;12.05;0.96;20;data;166;'-13;148;63;'-16;123;123;685;0;0;3.467;94.8;0.107;4.658;0;3;3300;3300
db_buhler_1_dsp;;1,5968E+18;15.13;1596.2;984; OK;0;1018;193351;35;2.7;2.8;2.6;2.4;15/05/2020 04:20;5.13;1.81;1.24;33;3.22;2.23;26.74;12.62;4.64;8.34;dsp_parametros_60.txt;1042;1007;34;24;82.6;42.2;74.1;22094;6.68;276;625;53.2;184508;0;763;171;164;3.99;750;192;68;30.2;12.04;0.97;54;data;163;'-13;146;57;'-16;120;119;686;0;0;3.572;95.9;0.107;4.808;0;3;3300;3300
db_buhler_1_dsp;;1,5968E+18;14.66;1596.5;985; OK;0;1018;193623;36;2.7;2.7;2.5;2.3;15/05/2020 12:39;5.13;1.86;1.23;33;3.21;2.11;26.36;12.61;4.54;8.33;dsp_parametros_60.txt;1042;1006;37;26;83.1;42.2;73.9;22039;6.68;548;624;53.2;184780;0;767;175;168;3.99;750;190;66;29.86;12.05;0.96;21;data;166;'-13;148;63;'-16;123;123;684;0;0;3.473;95;0.107;4.601;0;3;3300;3300
db_buhler_1_dsp;;1,5968E+18;14.48;1596.5;984; OK;0;1018;193627;36;2.7;2.8;2.6;2.3;15/05/2020 12:45;5.12;1.84;1.24;33;3.21;2.1;26.32;12.61;4.55;8.3;dsp_parametros_60.txt;1042;1006;36;25;84.2;41.9;74.6;22024;6.72;552;624;53.1;184784;0;766;175;168;3.98;750;191;67;29.82;12.09;0.96;25;data;166;'-13;148;64;'-16;123;123;687;0;0;3.483;95;0.107;4.777;0;3;3300;3300
db_buhler_1_dsp;;1,5968E+18;14.66;1596.5;985; OK;0;1018;193626;35;2.7;2.8;2.6;2.3;15/05/2020 12:43;5.13;1.83;1.25;33;3.21;2.1;26.32;12.61;4.53;8.34;dsp_parametros_60.txt;1042;1007;36;25;82.6;41.5;74.8;22056;6.72;551;625;53.2;184783;0;767;175;168;3.99;750;190;66;29.9;12.08;0.96;24;data;166;'-13;147;63;'-16;123;123;686;0;0;3.464;95.3;0.107;4.506;0;3;3300;3300
db_buhler_1_dsp;;1,5968E+18;14.76;1596.6;984; OK;0;1019;193754;36;2.7;2.7;2.6;2.3;15/05/2020 16:31;5.12;1.86;1.25;31;3.2;2.11;26.6;12.61;4.51;8.33;dsp_parametros_60.txt;1044;1008;39;28;81.8;42.2;74.8;22034;6.78;679;626;53.4;184911;0;766;176;169;4;750;189;66;29.9;12.15;0.96;152;data;166;'-13;150;64;'-16;124;124;688;0;0;3.448;95.5;0.107;4.661;0;3;3300;3300
db_buhler_1_dsp;;1,5968E+18;15.1;1596.6;985; OK;0;1019;193757;35;2.7;2.7;2.6;2.3;15/05/2020 16:36;5.12;1.83;1.25;32;3.2;2.08;26.58;12.61;4.5;8.35;dsp_parametros_60.txt;1043;1008;35;23;82.1;41.7;75;22014;6.7;682;626;53.3;184914;0;767;176;169;4;750;190;65;29.48;12.06;0.96;155;data;166;'-13;149;64;'-16;125;124;686;0;0;3.45;94.8;0.107;4.703;0;3;3300;3300
db_buhler_1_dsp;;1,5968E+18;14.53;1596.5;985; OK;0;1019;193640;36;2.7;2.7;2.5;2.2;15/05/2020 13:06;5.13;1.83;1.25;32;3.21;2.12;26.46;12.62;4.56;8.29;dsp_parametros_60.txt;1043;1007;36;25;83.3;41.3;74.2;22071;6.68;565;625;53.1;184797;0;766;175;168;3.98;749;190;66;29.96;12.05;0.96;38;data;165;'-13;147;63;'-16;123;123;683;0;0;3.5;95.4;0.107;4.67;0;3;3300;3300
db_buhler_1_dsp;;1,5968E+18;14.52;1596.5;986; OK;0;1022;193116;35;2.7;2.6;2.6;2.3;13/05/2020 12:48;5.12;1.81;1.25;29;3.19;2.08;26.28;12.61;4.53;8.31;dsp_parametros_60.txt;1046;1011;37;26;82.8;42;73.8;22040;6.66;41;629;53.1;184273;0;766;177;170;3.98;750;193;66;29.62;12.03;0.96;34;data;166;'-13;151;62;127;125;124;686;0;0;3.468;94.9;0.108;4.578;0;3;3300;3300
db_buhler_1_dsp;;1,5968E+18;14.47;1596.6;986; OK;0;1022;193259;37;2.6;2.6;2.5;2.2;13/05/2020 17:08;5.15;1.81;1.25;27;3.19;2.11;26.06;12.62;4.52;8.37;dsp_parametros_60.txt;1048;1011;38;27;81.7;41.5;73.7;22047;6.74;184;629;53.2;184416;0;768;177;170;3.99;750;190;65;29.74;12.1;0.95;177;data;167;'-13;150;64;'-16;125;124;688;0;0;3.456;94.8;0.108;4.919;0;3;3300;3300
db_buhler_1_dsp;;1,5968E+18;14.62;1596.6;987; OK;0;1022;193269;37;2.7;2.6;2.6;2.3;13/05/2020 17:25;5.11;1.82;1.24;27;3.18;2.1;26.44;12.61;4.49;8.56;dsp_parametros_60.txt;1048;1011;37;26;83;41.6;72.2;22082;6.76;194;629;53.1;184426;0;767;177;170;3.98;750;191;63;29.92;12.12;0.96;187;data;166;'-13;150;64;'-16;125;124;684;0;0;3.424;95.4;0.108;4.793;0;3;3300;3300
db_buhler_1_dsp;;1,5968E+18;14.62;1596.5;985; OK;0;1019;193631;35;2.6;2.6;2.5;2.2;15/05/2020 12:51;5.12;1.82;1.24;32;3.21;2.09;26.4;12.6;4.52;8.32;dsp_parametros_60.txt;1043;1008;36;25;83.3;42.6;74.4;22012;6.74;556;626;53.2;184788;0;767;175;168;3.99;750;191;66;29.68;12.1;0.96;29;data;166;'-13;147;63;'-16;123;123;680;0;0;3.46;95;0.107;4.588;0;3;3300;3300
db_buhler_1_dsp;;1,5968E+18;14.87;1596.3;985; OK;0;1019;193439;35;2.6;2.6;2.5;2.2;15/05/2020 07:15;5.15;1.83;1.24;32;3.2;2.13;26.46;12.62;4.53;8.35;dsp_parametros_60.txt;1043;1008;36;25;82;42;74.8;22035;6.68;364;626;53.2;184596;0;766;173;166;3.99;749;193;68;29.86;12.04;0.96;63;data;165;'-13;147;60;'-16;122;121;683;0;0;3.47;95.1;0.107;4.793;0;3;3300;3300
db_buhler_1_dsp;;1,5968E+18;15.15;1596.6;985; OK;0;1020;193800;36;2.7;2.7;2.6;2.4;15/05/2020 18:22;5.13;1.86;1.24;31;3.21;2.08;26.78;12.61;4.53;8.33;dsp_parametros_60.txt;1044;1008;39;28;84.4;42.3;73.9;22044;6.68;725;626;53.3;184957;0;766;176;168;3.99;751;191;65;29.66;12.05;0.96;8;data;166;'-12;149;62;'-16;124;124;683;0;0;3.47;95.3;0.107;4.718;0;3;3300;3300
db_buhler_1_dsp;;1,5968E+18;13.63;1596.6;930;BAD;0;1015;193763;23;2.8;2.9;2.8;2.7;15/05/2020 17:20;5.12;1.6;1.25;37;3.11;2.28;25.56;12.61;4.99;7.62;dsp_parametros_60.txt;1038;1015;0;0;0;0;'-0.1;22020;12.8;688;633;25.8;184920;0;305;176;167;1.93;250;192;25;29.96;18.2;0.97;161;data;97;'-13;94;64;'-16;85;85;686;0;0;3.941;100.9;0.201;5.384;0;3;3300;3300
db_buhler_1_dsp;;1,5968E+18;14.63;1596.5;985; OK;0;1019;193637;35;2.7;2.8;2.6;2.3;15/05/2020 13:01;5.11;1.82;1.25;33;3.21;2.07;26.38;12.61;4.55;8.34;dsp_parametros_60.txt;1042;1007;37;26;82.9;42;74.3;22077;6.68;562;625;53.1;184794;0;767;175;168;3.98;749;190;67;29.94;12.04;0.96;35;data;166;'-13;147;63;'-16;124;123;683;0;0;3.487;95.1;0.107;4.51;0;3;3300;3300
db_buhler_1_dsp;;1,5968E+18;15.04;1596.6;986; OK;0;1020;193825;36;2.7;2.8;2.6;2.5;15/05/2020 20:02;5.13;1.81;1.25;31;3.21;2.12;26.88;12.6;4.55;8.39;dsp_parametros_60.txt;1044;1008;36;26;83.5;40.4;74;22042;6.7;750;626;53.1;184982;0;765;175;168;3.98;751;189;67;29.88;12.07;0.96;33;data;165;'-13;150;59;'-16;122;122;683;0;0;3.48;95.6;0.107;4.438;0;3;3300;3300
db_buhler_1_dsp;;1,5968E+18;14.04;1596.5;989;LOK;0;1018;193537;41;2.5;2.6;2.5;2.3;15/05/2020 10:11;5.12;1.59;1.24;34;3.2;2.17;25;12.61;4.87;8.37;dsp_parametros_60.txt;1041;1000;39;25;82.4;42.4;73.9;21978;9.08;462;618;50.9;184694;0;764;174;166;3.81;749;190;66;29.62;14.44;0.97;161;data;171;'-13;124;62;'-16;122;118;685;0;0;3.8;96.2;0.108;4.899;0;3;3300;3300
db_buhler_1_dsp;;1,5968E+18;15.16;1596.6;984; OK;0;1019;193796;35;2.7;2.7;2.5;2.3;15/05/2020 18:16;5.12;1.83;1.24;33;3.21;2.1;26.92;12.6;4.56;8.4;dsp_parametros_60.txt;1042;1007;36;25;81.7;42.8;73.8;22032;6.74;721;625;53.2;184953;0;766;175;168;3.99;751;189;68;29.9;12.1;0.96;4;data;165;'-13;149;62;'-16;124;124;688;0;0;3.491;95.9;0.107;4.496;0;3;3300;3300
db_buhler_1_dsp;;1,5968E+18;15.05;1596.6;985; OK;0;1018;193701;34;2.7;2.7;2.5;2.3;15/05/2020 14:42;5.12;1.84;1.24;33;3.2;2.1;26.8;12.62;4.52;8.39;dsp_parametros_60.txt;1042;1008;37;26;83;41.8;74.2;22090;6.7;626;626;53.1;184858;0;766;175;168;3.98;750;192;65;29.62;12.06;0.96;99;data;165;'-13;148;65;'-16;123;123;681;0;0;3.452;95.3;0.107;4.471;0;3;3300;3300
db_buhler_1_dsp;;1,5968E+18;14.62;1596.5;986; OK;0;1021;193119;36;2.6;2.6;2.6;2.3;13/05/2020 12:52;5.12;1.8;1.25;29;3.19;2.11;26.22;12.62;4.51;8.32;dsp_parametros_60.txt;1046;1010;37;26;81.7;41.8;72.8;22021;6.76;44;628;53.1;184276;0;769;177;170;3.98;750;193;65;30.2;12.13;0.96;37;data;166;'-13;149;62;126;125;123;686;0;0;3.442;95.5;0.108;4.852;0;3;3300;3300
db_buhler_1_dsp;;1,5968E+18;14.66;1596.5;985; OK;0;1017;193562;36;2.7;2.7;2.6;2.3;15/05/2020 10:51;5.13;1.83;1.26;34;3.19;2.13;26.44;12.61;4.55;8.32;dsp_parametros_60.txt;1041;1005;36;25;83.2;43.5;75.3;22056;6.62;487;623;53.2;184719;0;766;174;168;3.99;750;190;68;29.28;11.97;0.96;186;data;166;'-13;148;62;'-16;123;123;683;0;0;3.488;94.4;0.106;4.688;0;3;3300;3300
db_buhler_1_dsp;;1,5968E+18;14.95;1596.3;984; OK;0;1018;193481;36;2.6;2.6;2.4;2.1;15/05/2020 08:22;5.12;1.81;1.24;33;3.19;2.11;26.42;12.61;4.55;8.35;dsp_parametros_60.txt;1042;1006;36;25;82.9;42.5;73.5;22081;6.74;406;624;53.2;184638;0;764;173;166;3.99;750;192;70;29.94;12.1;0.96;105;data;165;'-13;148;61;'-16;122;122;685;0;0;3.482;95.5;0.107;4.729;0;3;3300;3300
db_buhler_1_dsp;;1,5968E+18;14.67;1596.6;985; OK;0;1019;193612;36;2.6;2.7;2.5;2.3;15/05/2020 12:21;5.13;1.79;1.25;32;3.21;2.14;26.34;12.6;4.55;8.39;dsp_parametros_60.txt;1043;1007;36;24;81.9;41.9;74.5;22080;6.68;537;625;53.1;184769;0;766;175;168;3.98;750;192;67;29.96;12.04;0.96;10;data;166;'-13;147;64;'-16;122;122;686;0;0;3.48;95.4;0.107;4.769;0;3;3300;3300
db_buhler_1_dsp;;1,5968E+18;13.61;1596.7;930;BAD;0;1010;193764;23;2.8;2.9;2.7;2.6;15/05/2020 17:24;5.15;1.6;1.25;42;3.16;2.18;25.02;12.62;4.97;7.95;dsp_parametros_60.txt;1033;1010;0;0;0.1;0;0;21936;26.02;689;628;25.8;184921;0;307;178;169;1.94;249;190;23;29.62;31.55;0.96;162;data;128;'-13;94;64;'-16;102;99;685;0;0;3.914;237;0.201;5.565;0;3;3300;3300
db_buhler_1_dsp;;1,5968E+18;15.19;1596.7;985; OK;0;1019;193777;36;2.7;2.8;2.6;2.4;15/05/2020 17:46;5.13;1.88;1.25;31;3.21;2.13;26.78;12.62;4.54;8.37;dsp_parametros_60.txt;1044;1008;37;26;83.2;42.5;74;22070;6.66;702;626;53.2;184934;0;766;176;169;3.99;750;191;68;29.68;12.03;0.96;175;data;165;'-13;149;62;'-16;122;122;686;0;0;3.477;95.4;0.107;4.761;0;3;3300;3300
db_buhler_1_dsp;;1,5968E+18;14.82;1596.5;984; OK;0;1018;193525;36;2.7;2.7;2.6;2.3;15/05/2020 09:32;5.13;1.82;1.24;33;3.2;2.12;26.6;12.61;4.55;8.3;dsp_parametros_60.txt;1042;1006;36;26;83.5;43.2;74.9;22043;6.7;450;624;53.2;184682;0;766;174;167;3.99;750;192;68;29.62;12.06;0.96;149;data;166;'-13;148;62;'-16;123;122;687;0;0;3.485;95;0.107;4.655;0;3;3300;3300
db_buhler_1_dsp;;1,5968E+18;14.37;1596.5;986; OK;0;1021;193182;36;2.7;2.6;2.6;2.3;13/05/2020 14:48;5.15;1.8;1.25;29;3.18;2.07;26.14;12.62;4.51;8.35;dsp_parametros_60.txt;1046;1010;37;26;81.9;41.8;73.3;22016;6.72;107;628;53.2;184339;0;767;177;170;3.99;749;192;64;30.24;12.09;0.95;100;data;166;'-13;149;63;'-16;124;124;685;0;0;3.447;95.2;0.108;4.814;0;3;3300;3300
db_buhler_1_dsp;;1,5968E+18;14.42;1596.6;987; OK;0;1023;193162;35;2.7;2.6;2.6;2.3;13/05/2020 14:16;5.13;1.82;1.24;28;3.18;2.08;26.16;12.6;4.5;8.36;dsp_parametros_60.txt;1047;1012;37;26;82;41.1;73.7;22075;6.74;87;630;53;184319;0;769;177;171;3.98;748;193;65;29.62;12.09;0.95;80;data;166;'-13;150;63;'-16;123;122;683;0;0;3.431;94.6;0.108;4.6;0;3;3300;3300
db_buhler_1_dsp;;1,5968E+18;15.12;1596.7;985; OK;0;1020;193775;36;2.6;2.7;2.6;2.4;15/05/2020 17:42;5.13;1.84;1.25;30;3.21;2.13;27.08;12.61;4.52;8.41;dsp_parametros_60.txt;1045;1009;36;25;82.3;43.1;74.6;22084;6.66;700;627;53.2;184932;0;767;176;169;3.99;750;192;66;29.56;12.03;0.96;173;data;164;'-13;150;62;'-16;121;121;686;0;0;3.465;95.5;0.108;4.78;0;3;3300;3300
db_buhler_1_dsp;;1,5968E+18;14.14;1596.6;988;LOK;0;1022;193154;36;2.6;2.6;2.6;2.3;13/05/2020 14:03;5.13;1.76;1.25;29;3.18;2.14;25.58;12.61;4.59;8.44;dsp_parametros_60.txt;1046;1010;42;29;82.9;40.9;74.7;22012;6.72;79;628;52.3;184311;0;768;177;170;3.92;750;191;65;30.14;12.08;0.96;72;data;168;'-13;150;65;'-16;124;121;683;0;0;3.524;94.7;0.108;4.676;0;3;3300;3300
db_buhler_1_dsp;;1,5968E+18;14.73;1596.4;984; OK;0;1018;193511;36;2.6;2.6;2.5;2.2;15/05/2020 09:10;5.15;1.82;1.24;33;3.2;2.13;26.56;12.62;4.55;8.36;dsp_parametros_60.txt;1042;1006;37;26;82.3;42.4;73.9;22029;6.72;436;624;53.2;184668;0;765;173;167;3.99;750;191;69;29.92;12.08;0.96;135;data;166;'-13;147;61;'-16;123;122;683;0;0;3.483;95.6;0.107;4.646;0;3;3300;3300
db_buhler_1_dsp;;1,5968E+18;14.86;1596.5;985; OK;0;1018;193657;36;2.8;2.8;2.6;2.3;15/05/2020 13:33;5.12;1.83;1.25;33;3.21;2.12;26.64;12.61;4.55;8.33;dsp_parametros_60.txt;1042;1006;38;27;83.2;42.5;74.6;22078;6.66;582;624;53.2;184814;0;766;175;168;3.99;750;191;66;29.9;12.02;0.96;55;data;166;'-13;148;64;'-16;124;123;688;0;0;3.493;95.3;0.106;4.787;0;3;3300;3300
db_buhler_1_dsp;;1,5968E+18;14.48;1596.3;985; OK;0;1017;193385;35;2.6;2.6;2.5;2.3;15/05/2020 05:43;5.13;1.79;1.25;34;3.22;2.25;26.14;12.61;4.63;8.39;dsp_parametros_60.txt;1041;1006;36;26;83.4;43;74.9;22053;6.82;310;624;52.9;184542;0;763;172;165;3.97;749;193;72;29.64;12.18;0.97;9;data;166;'-13;148;59;'-16;120;119;687;0;0;3.563;94.9;0.106;4.745;0;3;3300;3300
db_buhler_1_dsp;;1,5968E+18;14.73;1596.3;984; OK;0;1017;193415;36;2.6;2.7;2.5;2.3;15/05/2020 06:37;5.13;1.81;1.24;34;3.21;2.14;26.44;12.62;4.57;8.42;dsp_parametros_60.txt;1041;1005;35;25;82.6;42.1;74.8;22052;6.68;340;623;52.9;184572;0;764;173;166;3.97;750;191;72;29.3;12.03;0.97;39;data;165;'-13;148;60;'-16;122;121;686;0;0;3.506;94.7;0.107;4.856;0;3;3300;3300
db_buhler_1_dsp;;1,5968E+18;14.82;1596.3;984; OK;0;1018;193414;36;2.6;2.7;2.5;2.3;15/05/2020 06:36;5.13;1.83;1.25;33;3.19;2.16;26.56;12.61;4.6;8.35;dsp_parametros_60.txt;1042;1006;35;25;82.9;42.1;73.2;22041;6.68;339;624;53.2;184571;0;765;173;166;3.99;750;190;68;30;12.04;0.97;38;data;165;'-13;148;59;'-16;122;121;686;0;0;3.532;95.5;0.107;4.798;0;3;3300;3300
db_buhler_1_dsp;;1,5968E+18;13.54;1596.6;930;BAD;0;1013;193535;24;2.6;2.7;2.6;2.4;15/05/2020 10:07;5.11;1.49;1.18;39;3.2;2.24;25.46;12.62;5.05;7.95;dsp_parametros_60.txt;1036;1012;0;0;0.1;0;'-0.1;22002;18.44;460;630;25.8;184692;0;307;174;166;1.93;250;192;24;29.88;23.84;0.97;159;data;128;'-13;100;60;'-16;109;102;685;0;0;3.99;106.5;0.202;5.817;0;3;3300;3300
db_buhler_1_dsp;;1,5968E+18;15;1596.6;985; OK;0;1018;193682;36;2.7;2.7;2.5;2.3;15/05/2020 14:12;5.15;1.82;1.24;33;3.21;2.1;26.44;12.61;4.51;8.33;dsp_parametros_60.txt;1042;1006;37;26;83.9;42;74;22047;6.7;607;624;53.2;184839;0;767;175;168;3.99;750;190;67;29.62;12.05;0.96;80;data;166;'-13;147;64;'-16;123;123;683;0;0;3.447;95;0.106;4.588;0;3;3300;3300
db_buhler_1_dsp;;1,5968E+18;14.96;1596.6;985; OK;0;1018;193683;36;2.7;2.7;2.5;2.3;15/05/2020 14:14;5.15;1.84;1.25;33;3.21;2.15;26.78;12.61;4.53;8.27;dsp_parametros_60.txt;1042;1006;37;26;84.3;41.2;74.9;22070;6.66;608;624;53.2;184840;0;767;175;168;3.99;749;190;66;29.94;12.01;0.96;81;data;166;'-13;147;64;'-16;123;123;683;0;0;3.463;95.4;0.107;4.481;0;3;3300;3300
db_buhler_1_dsp;;1,5968E+18;14.85;1596.1;985; OK;0;1020;193985;32;3.1;3.1;3;2.8;27/05/2020 12:32;5.14;1.79;1.26;33;3.26;2.33;26.5;12.62;4.79;8.42;dsp_parametros_60.txt;1042;1010;34;26;56.8;43.9;64.9;22019;6.7;910;628;53.2;185142;0;758;171;164;3.99;750;191;63;29.6;12.08;0.99;33;data;171;'-13;115;152;122;125;116;685;0;0;3.726;95.4;0.108;4.767;0;3;3300;3300
db_buhler_1_dsp;;1,5968E+18;14.73;1596.1;985; OK;0;1020;193986;32;3;3.1;2.9;2.7;27/05/2020 12:34;5.14;1.78;1.25;33;3.26;2.28;26.6;12.61;4.79;8.43;dsp_parametros_60.txt;1042;1010;34;27;56.5;43.3;64.5;22032;6.78;911;628;53.2;185143;0;759;171;164;3.99;750;192;64;29.92;12.16;0.99;34;data;171;'-13;115;152;122;125;116;684;0;0;3.73;96.1;0.108;4.824;0;3;3300;3300
db_buhler_1_dsp;;1,5968E+18;14.63;1596.1;985; OK;0;1021;193987;32;3.1;3.1;3;2.8;27/05/2020 12:36;5.14;1.77;1.25;32;3.26;2.28;26.42;12.62;4.78;8.44;dsp_parametros_60.txt;1043;1011;34;26;57.6;42.9;65.2;22059;6.68;912;629;53.1;185144;0;759;171;164;3.98;750;193;62;29.64;12.06;0.99;35;data;171;'-13;115;152;123;125;117;684;0;0;3.712;95.4;0.108;4.819;0;3;3300;3300
db_buhler_1_dsp;;1,5968E+18;14.74;1596.1;985; OK;0;1019;193988;32;3.1;3.1;3;2.8;27/05/2020 12:37;5.15;1.78;1.25;33;3.26;2.26;26.42;12.62;4.77;8.41;dsp_parametros_60.txt;1042;1010;34;26;57.5;44.1;64.6;22001;6.7;913;628;53.1;185145;0;758;171;164;3.98;750;194;64;29.96;12.09;0.99;36;data;171;'-13;115;152;123;125;117;685;0;0;3.711;95.6;0.108;4.874;0;3;3300;3300
db_buhler_1_dsp;;1,5968E+18;14.72;1596.1;985; OK;0;1020;193989;33;3.1;3.1;3;2.8;27/05/2020 12:39;5.14;1.79;1.25;32;3.26;2.26;26.48;12.61;4.75;8.4;dsp_parametros_60.txt;1043;1010;34;26;55.3;43.3;65.5;22036;6.72;914;628;53.2;185146;0;758;171;164;3.99;749;192;62;29.92;12.09;0.99;37;data;171;'-13;115;152;122;125;117;686;0;0;3.682;95.6;0.108;4.949;0;3;3300;3300
db_buhler_1_dsp;;1,5968E+18;14.72;1596.1;985; OK;0;1020;193990;32;3;3.1;3;2.8;27/05/2020 12:40;5.15;1.82;1.25;33;3.26;2.26;26.56;12.61;4.76;8.42;dsp_parametros_60.txt;1042;1010;34;27;57.1;42.9;65.3;22073;6.7;915;628;53.2;185147;0;759;171;164;3.99;749;191;61;29.94;12.08;0.99;38;data;171;'-13;115;152;123;125;117;685;0;0;3.696;95.8;0.108;4.731;0;3;3300;3300
db_buhler_1_dsp;;1,5968E+18;14.88;1596.1;984; OK;0;1019;193992;33;3;3;2.9;2.7;27/05/2020 12:43;5.14;1.81;1.26;33;3.25;2.22;26.62;12.62;4.73;8.44;dsp_parametros_60.txt;1042;1009;35;27;56.9;44.4;66.2;22073;6.92;917;627;53.2;185149;0;760;171;164;3.99;749;193;61;30.18;12.29;0.99;40;data;171;'-13;115;152;122;125;117;685;0;0;3.663;96.2;0.108;5.047;0;3;3300;3300
db_buhler_1_dsp;;1,5968E+18;14.86;1596.1;985; OK;0;1019;193993;33;3;3;2.9;2.7;27/05/2020 12:45;5.14;1.8;1.25;33;3.25;2.24;26.64;12.61;4.73;8.4;dsp_parametros_60.txt;1042;1009;35;27;56.5;42.9;66.5;22058;6.7;918;627;53.2;185150;0;761;171;164;3.99;750;192;62;29.62;12.09;0.98;41;data;171;'-13;115;152;123;126;117;686;0;0;3.663;95.6;0.108;4.855;0;3;3300;3300
db_buhler_1_dsp;;1,5968E+18;14.66;1596.2;0;BAD;0;1019;193996;33;2.8;2.9;2.7;2.6;27/05/2020 13:16;5.15;1.79;1.25;34;3.25;2.18;26.36;12.61;4.7;8.26;dsp_parametros_60.txt;1041;1008;35;27;56.9;44.4;66;22073;6.78;921;626;0;185153;0;761;181;175;3.99;750;190;62;29.92;5.1;1.02;44;data;172;'-13;116;153;123;126;118;675;0;0;0;94.8;0.108;0;0;3;3300;3300
db_buhler_1_dsp;;1,5968E+18;14.51;1596.2;990;LOK;0;1021;194003;38;2.8;3;2.7;2.9;26/06/2020 13:39;5.15;1.62;1.12;33;3.35;2.99;26.78;12.62;5.02;9.74;dsp_parametros_60.txt;1042;1004;41;33;55.7;37.9;55.6;22126;57.22;928;622;52.1;185160;0;754;170;163;3.9;751;191;78;30.62;63;1.06;7;data;128;'-13;95;115;117;97;101;648;0;0;3.952;235.2;0.107;4.646;0;3;3300;3300
db_buhler_1_dsp;;1,5968E+18;13.63;1596.2;930;BAD;0;1012;194010;22;2.7;3;2.8;3;01/07/2020 11:22;5.15;1.53;1.13;42;3.39;3.8;26.24;12.61;5.54;8.49;dsp_parametros_60.txt;1033;1011;0;0;0.1;0;'-0.1;22029;20.86;935;629;25.8;185167;0;295;168;160;1.93;251;192;36;30.14;26.42;1.12;3;data;136;'-13;91;127;125;84;91;671;0;0;4.486;111;0.202;5.512;0;3;3300;3300
db_buhler_1_dsp;;1,5968E+18;15.05;1596.1;985; OK;0;1018;194017;33;2.8;3.1;2.8;3;01/07/2020 11:33;5.15;1.63;1.13;34;3.36;3.15;27.42;12.61;4.99;8.63;dsp_parametros_60.txt;1041;1008;36;31;56.2;59.7;63.5;22081;7.2;942;626;52.9;185174;0;753;168;161;3.97;750;192;73;30.28;12.67;1.08;10;data;166;'-13;97;146;119;117;109;670;0;0;3.922;98.1;0.107;5.055;0;3;3300;3300
db_buhler_1_dsp;;1,5968E+18;15.26;1596.2;984; OK;0;1018;194022;33;3;3.2;3;3;01/07/2020 11:41;5.15;1.65;1.11;35;3.33;3.05;27.56;12.62;4.93;8.45;dsp_parametros_60.txt;1040;1007;37;32;55.9;58.8;62.2;22027;7.02;947;625;53;185179;0;754;168;161;3.98;750;193;72;30.86;12.49;1.06;15;data;166;'-13;97;148;120;126;112;672;0;0;3.868;98.5;0.107;4.768;0;3;3300;3300
db_buhler_1_dsp;;1,5968E+18;15.67;1596.1;985; OK;0;1018;194027;33;3;3.2;3;3;01/07/2020 11:49;5.15;1.66;1.11;35;3.32;2.98;28.08;12.62;4.9;8.63;dsp_parametros_60.txt;1040;1007;37;31;56.7;58.8;62.9;22002;7.26;952;625;52.9;185184;0;755;168;161;3.97;750;193;75;30.4;12.71;1.05;20;data;167;'-13;97;148;120;128;113;672;0;0;3.848;98.7;0.107;4.947;0;3;3300;3300
db_buhler_1_dsp;;1,5968E+18;15.9;1596.1;984; OK;0;1018;194029;33;3;3.2;3;3;01/07/2020 11:53;5.15;1.68;1.12;35;3.31;2.97;28.08;12.62;4.87;8.46;dsp_parametros_60.txt;1040;1007;37;31;56.4;59.3;62.6;22004;7.08;954;625;53;185186;0;755;168;161;3.97;752;192;72;29.92;12.52;1.04;22;data;167;'-13;97;149;121;128;114;670;0;0;3.807;98;0.107;4.77;0;3;3300;3300
db_buhler_1_dsp;;1,5968E+18;15.81;1596.1;985; OK;0;1019;194031;33;3;3.2;2.9;2.9;01/07/2020 11:56;5.15;1.64;1.11;34;3.3;2.93;27.6;12.61;4.86;8.43;dsp_parametros_60.txt;1041;1008;37;32;58.7;59.6;62.9;22088;7.2;956;626;53.1;185188;0;755;168;161;3.98;750;190;68;29.88;12.65;1.04;24;data;168;'-13;98;149;121;129;114;672;0;0;3.795;97.6;0.107;4.77;0;3;3300;3300
db_buhler_1_dsp;;1,5968E+18;15.41;1596.2;0;BAD;0;1016;194034;33;3.5;3.1;3.4;3;07/07/2020 05:04;5.15;1.64;1.1;37;3.3;2.9;27.7;12.62;4.89;42.31;dsp_parametros_60.txt;1038;1005;37;31;55.3;58.4;63.9;22079;7.02;959;623;0;185191;0;755;172;166;3.97;751;191;69;29.9;5.27;1.14;1;data;168;'-13;97;149;122;130;115;671;0;0;0;97.9;0.107;0;0;3;3300;3300
db_buhler_1_dsp;;1,5968E+18;16.36;1596.2;986; OK;0;1021;194107;33;3;3.1;2.9;2.6;07/07/2020 13:40;5.14;1.8;1.24;31;3.23;2.01;28.4;12.61;4.61;8.67;dsp_parametros_60.txt;1044;1011;51;42;56.9;41.3;64.3;22081;6.72;1032;629;53.3;185264;0;764;175;167;3.99;751;191;62;29.88;12.12;0.99;66;data;175;'-13;119;156;127;116;122;684;0;0;3.546;97.8;0.108;4.642;0;3;3300;3300
db_buhler_1_dsp;;1,5968E+18;17.18;1596.4;985; OK;0;1019;194165;32;2.8;2.9;2.7;2.5;07/07/2020 15:32;5.15;1.79;1.25;33;3.22;2.01;28.72;12.61;4.59;8.43;dsp_parametros_60.txt;1042;1010;38;28;57.4;40.8;62.3;22094;6.68;1090;628;53.2;185322;0;769;177;170;3.99;750;192;62;29.96;12.08;0.99;124;data;173;'-13;116;152;125;114;119;688;0;0;3.531;97.8;0.108;4.533;0;3;3300;3300
db_buhler_1_dsp;;1,5968E+18;16.96;1596.3;986; OK;0;1021;194164;33;2.8;2.9;2.7;2.5;07/07/2020 15:30;5.14;1.79;1.24;30;3.23;2.03;28.94;12.62;4.62;8.56;dsp_parametros_60.txt;1045;1012;38;28;56.4;41.4;63;22050;6.68;1089;630;53.2;185321;0;768;177;170;3.99;749;194;62;29.62;12.08;0.99;123;data;174;'-13;116;152;126;114;119;686;0;0;3.553;97.9;0.108;4.801;0;3;3300;3300
db_buhler_1_dsp;;1,5968E+18;16.78;1596.3;986; OK;0;1021;194233;34;2.8;2.8;2.6;2.3;07/07/2020 17:23;5.14;1.82;1.24;30;3.22;1.97;28.66;12.62;4.56;8.35;dsp_parametros_60.txt;1045;1011;38;29;57.6;42;63.2;22023;6.68;1158;629;53.2;185390;0;769;177;170;3.99;750;191;62;29.96;12.08;0.99;192;data;173;'-13;116;154;125;115;121;685;0;0;3.496;97.5;0.108;4.73;0;3;3300;3300
db_buhler_1_dsp;;1,5968E+18;16.81;1596.3;986; OK;0;1022;194244;33;2.8;2.8;2.6;2.3;07/07/2020 17:40;5.15;1.81;1.25;30;3.21;1.98;28.32;12.61;4.55;8.33;dsp_parametros_60.txt;1045;1012;38;29;57.9;40.6;64.3;22088;6.74;1169;630;53;185401;0;770;177;170;3.98;750;192;62;29.64;12.15;0.98;203;data;173;'-13;117;155;125;115;122;684;0;0;3.486;97.1;0.108;4.636;0;3;3300;3300
db_buhler_1_dsp;;1,5968E+18;16.47;1596.3;986; OK;0;1022;194247;33;2.9;2.8;2.6;2.4;07/07/2020 17:45;5.14;1.81;1.24;30;3.23;1.97;28.36;12.62;4.55;8.56;dsp_parametros_60.txt;1045;1012;38;29;57.4;42.9;63.4;22056;6.66;1172;630;53.2;185404;0;768;177;170;3.99;750;191;60;29.44;12.07;0.98;206;data;174;'-13;116;155;126;116;122;688;0;0;3.486;96.9;0.108;4.63;0;3;3300;3300
db_buhler_1_dsp;;1,5968E+18;16.86;1596.3;986; OK;0;1019;194360;34;2.8;2.7;2.6;2.3;08/07/2020 08:11;5.15;1.71;1.24;32;3.22;1.96;28.82;12.62;4.48;8.78;dsp_parametros_60.txt;1043;1009;38;29;56.5;41.9;61.8;22021;6.62;1285;627;53.4;185517;0;768;175;168;4;750;191;64;29.62;12.02;0.98;98;data;172;'-13;115;152;124;114;119;684;0;0;3.417;97.6;0.107;4.696;0;3;3300;3300
db_buhler_1_dsp;;1,5968E+18;16.8;1596.3;986; OK;0;1019;194358;33;2.8;2.8;2.7;2.3;08/07/2020 08:07;5.15;1.83;1.24;33;3.22;1.96;28.4;12.61;4.51;8.44;dsp_parametros_60.txt;1042;1009;38;28;56.6;41.7;63.5;22063;6.82;1283;627;53.4;185515;0;767;175;168;4;749;190;63;29.92;12.24;0.98;96;data;171;'-13;115;151;123;113;118;684;0;0;3.445;97.6;0.107;4.437;0;3;3300;3300
db_buhler_1_dsp;;1,5968E+18;16.8;1596.4;986; OK;0;1020;194463;33;2.7;2.6;2.5;2.1;08/07/2020 11:17;5.15;1.83;1.24;31;3.21;1.98;28.46;12.61;4.57;8.72;dsp_parametros_60.txt;1044;1011;39;30;55;41.9;62.5;22059;6.66;1388;629;53.1;185620;0;769;176;168;3.98;751;193;61;29.62;12.07;0.98;201;data;174;'-13;116;155;124;115;121;684;0;0;3.507;97.6;0.108;4.525;0;3;3300;3300
db_buhler_1_dsp;;1,5968E+18;13.67;1596.5;930;BAD;0;1016;194638;22;2.7;2.8;2.7;2.6;09/07/2020 15:27;5.14;1.48;1.2;38;3.19;2.07;25.54;12.62;4.99;7.87;dsp_parametros_60.txt;1037;1015;0;0;0.1;'-0.1;'-0.1;22010;13.08;1563;633;25.8;185795;0;307;176;167;1.94;252;191;20;29.94;18.51;1;115;data;110;'-13;77;113;97;83;94;688;0;0;3.948;101.2;0.201;5.341;0;3;3300;3300
db_buhler_1_dsp;;1,5968E+18;13.68;1596.5;930;BAD;0;1014;194639;22;2.7;2.8;2.6;2.5;09/07/2020 15:28;5.15;1.58;1.25;39;3.19;2.04;25.12;12.62;5;8.39;dsp_parametros_60.txt;1036;1014;0;0;0.1;'-0.1;'-0.1;21975;13;1564;632;25.9;185796;0;309;176;167;1.94;251;190;19;30.18;18.46;1;116;data;154;'-13;97;145;136;103;115;688;0;0;3.943;101.1;0.201;5.437;0;3;3300;3300
db_buhler_1_dsp;;1,5968E+18;15.57;1596.3;986; OK;0;1020;194744;35;3.2;3.2;3.1;2.9;14/07/2020 06:12;5.15;1.72;1.26;32;3.29;2.5;27.54;12.61;4.73;8.48;dsp_parametros_60.txt;1043;1008;36;28;58.5;41.3;62.9;22074;6.66;1669;626;52.9;185901;0;757;172;166;3.97;750;191;69;29.64;12.07;1.03;20;data;170;'-13;114;151;122;109;114;684;0;0;3.662;96.4;0.107;4.829;0;3;3300;3300
db_buhler_1_dsp;;1,5968E+18;15.79;1596.3;988; OK;0;1019;194749;40;3.1;3.1;3;2.8;14/07/2020 06:20;5.15;1.66;1.2;31;3.27;2.4;28.16;12.61;4.7;8.74;dsp_parametros_60.txt;1044;1004;38;29;56.7;41.7;62.5;22060;6.72;1674;622;52.9;185906;0;759;172;166;3.96;750;191;77;29.9;12.13;1.02;25;data;170;'-13;115;152;122;110;115;688;0;0;3.629;97.8;0.106;4.961;0;3;3300;3300
db_buhler_1_dsp;;1,5968E+18;15.9;1596.3;987; OK;0;1018;194754;41;3.1;3.1;3;2.8;14/07/2020 06:28;5.14;1.75;1.25;33;3.26;2.27;27.58;12.62;4.64;8.44;dsp_parametros_60.txt;1042;1001;39;30;57.4;41.6;62.7;22045;6.68;1679;619;52.9;185911;0;760;173;166;3.96;750;190;78;29.68;12.1;1.02;30;data;171;'-13;115;152;122;111;116;680;0;0;3.578;96.6;0.105;4.601;0;3;3300;3300
db_buhler_1_dsp;;1,5968E+18;16.86;1596.2;987; OK;0;1021;194781;35;3;2.9;2.8;2.6;14/07/2020 07:12;5.15;1.82;1.25;30;3.24;2.06;28.34;12.61;4.59;8.45;dsp_parametros_60.txt;1045;1010;40;31;58.4;41.8;62.9;22032;6.78;1706;628;53.1;185938;0;764;173;166;3.98;750;191;62;29.82;12.19;1;57;data;172;'-13;116;154;124;114;119;685;0;0;3.528;97.4;0.107;4.76;0;3;3300;3300
db_buhler_1_dsp;;1,5968E+18;16.7;1596.3;986; OK;0;1018;194786;37;3.1;3;2.9;2.5;14/07/2020 07:20;5.15;1.82;1.24;33;3.24;2.06;28.4;12.61;4.59;8.5;dsp_parametros_60.txt;1042;1005;38;29;56.4;42.2;63;22021;6.64;1711;623;53.1;185943;0;765;173;166;3.98;750;191;72;29.92;12.06;1;62;data;172;'-13;116;153;124;114;119;687;0;0;3.536;97.4;0.106;4.762;0;3;3300;3300
db_buhler_1_dsp;;1,5968E+18;16.43;1596.3;987; OK;0;1020;194791;34;3;2.9;2.8;2.5;14/07/2020 07:28;5.14;1.82;1.24;32;3.23;2.04;28.44;12.61;4.55;8.49;dsp_parametros_60.txt;1043;1009;38;29;57.7;40.9;62.7;22009;6.7;1716;627;53.2;185948;0;764;173;166;3.99;750;188;63;29.86;12.12;0.99;67;data;173;'-13;115;153;124;114;119;683;0;0;3.489;97.4;0.107;4.485;0;3;3300;3300
db_buhler_1_dsp;;1,5968E+18;16.8;1596.3;987; OK;0;1020;194797;35;3;2.9;2.8;2.5;14/07/2020 07:38;5.15;1.81;1.24;32;3.23;2.03;28.22;12.61;4.56;8.47;dsp_parametros_60.txt;1043;1008;38;30;56.2;41.2;63;22211;6.8;1722;626;53.2;185954;0;765;174;166;3.99;750;192;64;29.94;12.21;1;73;data;172;'-13;115;153;124;114;119;685;0;0;3.493;97.6;0.107;4.625;0;3;3300;3300
db_buhler_1_dsp;;1,5968E+18;16.67;1596.2;986; OK;0;1019;194798;34;3;2.9;2.8;2.5;14/07/2020 07:40;5.15;1.82;1.24;32;3.23;2.03;28.58;12.62;4.56;8.47;dsp_parametros_60.txt;1043;1009;39;30;56.1;40.5;62.5;22152;6.7;1723;627;53.2;185955;0;765;173;166;3.99;751;192;62;30.2;12.11;1;74;data;172;'-13;115;153;123;114;119;685;0;0;3.505;97.9;0.107;4.655;0;3;3300;3300
db_buhler_1_dsp;;1,5968E+18;16.67;1596.3;986; OK;0;1018;194799;35;3;2.9;2.8;2.4;14/07/2020 07:41;5.15;1.81;1.25;33;3.24;2.05;28.38;12.62;4.5;8.68;dsp_parametros_60.txt;1042;1007;39;30;56.2;41.8;61.3;22063;6.72;1724;625;52.7;185956;0;764;173;166;3.95;749;192;77;30;12.13;1;75;data;172;'-13;115;153;124;114;119;686;0;0;3.45;97.7;0.106;4.545;0;3;3300;3300
db_buhler_1_dsp;;1,5968E+18;16.62;1596.2;986; OK;0;1020;194805;33;2.9;2.8;2.7;2.4;14/07/2020 07:51;5.15;1.85;1.24;32;3.24;2.04;28.34;12.61;4.59;8.46;dsp_parametros_60.txt;1043;1010;38;29;55.9;41.1;62.5;22116;6.74;1730;628;53.2;185962;0;764;174;166;3.99;750;193;63;29.46;12.16;0.99;81;data;173;'-13;116;154;124;114;120;688;0;0;3.532;96.9;0.107;4.604;0;3;3300;3300
db_buhler_1_dsp;;1,5968E+18;16.55;1596.2;986; OK;0;1020;194803;34;3;2.9;2.8;2.5;14/07/2020 07:48;5.15;1.82;1.24;32;3.23;2.04;28.3;12.61;4.55;8.46;dsp_parametros_60.txt;1043;1009;38;30;58.6;42.3;63;22582;6.72;1728;627;53.2;185960;0;764;174;166;3.99;750;191;62;29.28;12.14;1;79;data;173;'-13;116;154;125;115;120;688;0;0;3.485;96.8;0.107;4.645;0;3;3300;3300
db_buhler_1_dsp;;1,5968E+18;16.72;1596.3;987; OK;0;1021;194806;35;2.9;2.8;2.8;2.4;14/07/2020 07:53;5.15;1.83;1.25;30;3.23;2.04;28.44;12.62;4.58;8.45;dsp_parametros_60.txt;1045;1010;39;30;58.9;40.8;63.6;22082;6.7;1731;628;53.2;185963;0;764;174;166;3.99;749;190;62;29.62;12.11;0.99;82;data;172;'-13;116;154;124;114;119;687;0;0;3.524;97.3;0.107;4.944;0;3;3300;3300
db_buhler_1_dsp;;1,5968E+18;16.61;1596.3;987; OK;0;1020;194809;34;2.9;2.8;2.7;2.4;14/07/2020 07:58;5.15;1.84;1.26;32;3.23;2.03;28.6;12.61;4.56;8.41;dsp_parametros_60.txt;1043;1009;39;30;57.4;42.1;63.1;22072;6.66;1734;627;53.2;185966;0;764;174;166;3.99;750;190;64;29.94;12.07;0.99;85;data;173;'-13;116;154;124;115;119;684;0;0;3.509;97.5;0.107;4.692;0;3;3300;3300
db_buhler_1_dsp;;1,5968E+18;16.77;1596.2;988; OK;0;1018;194808;36;2.9;2.8;2.7;2.4;14/07/2020 07:56;5.15;1.81;1.25;33;3.24;2.03;28.24;12.6;4.58;8.44;dsp_parametros_60.txt;1042;1006;40;31;58;42.2;62.9;22116;6.64;1733;624;52.5;185965;0;763;174;166;3.94;750;192;87;29.92;12.05;1;84;data;173;'-13;116;154;124;114;120;685;0;0;3.51;97.4;0.106;4.767;0;3;3300;3300
db_buhler_1_dsp;;1,5968E+18;16.61;1596.3;986; OK;0;1019;194810;34;2.9;2.8;2.7;2.4;14/07/2020 07:59;5.15;1.82;1.25;33;3.23;2.03;28.36;12.62;4.55;8.45;dsp_parametros_60.txt;1042;1008;38;29;56.3;42.2;63.2;22072;6.76;1735;626;53.2;185967;0;764;174;166;3.99;750;191;64;29.66;12.18;1;86;data;173;'-13;116;154;124;115;119;685;0;0;3.486;97.1;0.107;4.45;0;3;3300;3300
db_buhler_1_dsp;;1,5968E+18;16.64;1596.2;986; OK;0;1020;194812;35;2.9;2.8;2.7;2.3;14/07/2020 08:03;5.15;1.82;1.24;31;3.23;2.03;28.58;12.62;4.48;8.48;dsp_parametros_60.txt;1044;1009;37;28;57.6;41.1;62.2;22040;6.76;1737;627;53.3;185969;0;765;174;166;4;750;189;61;30.14;12.18;1;88;data;173;'-13;115;153;124;114;119;688;0;0;3.428;98;0.107;4.747;0;3;3300;3300
db_buhler_1_dsp;;1,5968E+18;16.72;1596.2;986; OK;0;1019;194813;34;2.9;2.8;2.7;2.4;14/07/2020 08:04;5.15;1.83;1.24;33;3.23;2.03;28.4;12.61;4.53;8.43;dsp_parametros_60.txt;1042;1008;38;29;56;40.9;62.3;22083;6.7;1738;626;53.2;185970;0;765;174;166;3.99;750;189;64;29.64;12.11;1;89;data;173;'-13;116;154;124;114;119;689;0;0;3.468;97;0.107;4.418;0;3;3300;3300
db_buhler_1_dsp;;1,5968E+18;16.8;1596.3;986; OK;0;1020;194811;35;2.9;2.8;2.7;2.3;14/07/2020 08:01;5.15;1.81;1.25;31;3.23;2.03;28.34;12.62;4.56;8.43;dsp_parametros_60.txt;1044;1009;37;28;56.6;42;63.3;22018;6.74;1736;627;53.2;185968;0;763;174;166;3.99;750;190;64;29.54;12.15;0.99;87;data;173;'-13;117;154;124;115;120;688;0;0;3.499;97;0.107;4.884;0;3;3300;3300
db_buhler_1_dsp;;1,5968E+18;16.45;1596.2;988; OK;0;1021;194814;34;2.9;2.8;2.7;2.3;14/07/2020 08:06;5.15;1.81;1.24;30;3.23;2.02;28.5;12.61;4.5;8.44;dsp_parametros_60.txt;1045;1011;38;30;57.3;40.6;63.2;22028;6.66;1739;629;53.1;185971;0;764;174;167;3.98;750;193;63;29.98;12.07;1;90;data;173;'-13;116;154;124;114;120;686;0;0;3.439;97.4;0.107;4.674;0;3;3300;3300
db_buhler_1_dsp;;1,5968E+18;16.71;1596.2;987; OK;0;1020;194817;35;2.9;2.8;2.7;2.3;14/07/2020 08:11;5.15;1.82;1.25;31;3.23;2.06;28.36;12.61;4.54;8.47;dsp_parametros_60.txt;1044;1009;41;32;57.2;41.1;62.2;22036;6.7;1742;627;53.2;185974;0;765;174;167;3.99;749;189;62;29.82;12.12;0.99;93;data;173;'-13;116;154;124;115;120;685;0;0;3.475;97.2;0.107;4.623;0;3;3300;3300
db_buhler_1_dsp;;1,5968E+18;16.58;1596.2;988; OK;0;1022;194816;33;2.9;2.8;2.7;2.3;14/07/2020 08:09;5.15;1.85;1.25;30;3.23;2.02;28.34;12.6;4.51;8.47;dsp_parametros_60.txt;1045;1012;40;31;56.3;41.8;62.6;21992;6.68;1741;630;53.1;185973;0;764;174;167;3.98;750;194;64;29.64;12.1;0.99;92;data;173;'-13;116;154;124;115;120;683;0;0;3.442;97.2;0.107;4.595;0;3;3300;3300
db_buhler_1_dsp;;1,5968E+18;16.53;1596.3;986; OK;0;1020;194815;35;3;2.9;2.8;2.4;14/07/2020 08:07;5.14;1.82;1.25;31;3.23;2;28.14;12.61;4.55;8.66;dsp_parametros_60.txt;1044;1009;39;30;57.6;40.9;61.9;22049;6.66;1740;627;53.3;185972;0;764;174;167;3.99;749;190;62;29.94;12.08;1;91;data;173;'-13;116;154;124;115;120;684;0;0;3.495;97.3;0.107;4.817;0;3;3300;3300
db_buhler_1_dsp;;1,5968E+18;16.57;1596.3;986; OK;0;1020;194818;35;2.8;2.7;2.6;2.3;14/07/2020 08:12;5.15;1.88;1.24;31;3.23;2;28.46;12.61;4.53;8.77;dsp_parametros_60.txt;1044;1009;40;31;57.5;40;61.8;22054;6.72;1743;627;53.2;185975;0;764;174;167;3.99;750;190;65;29.92;12.14;1;94;data;173;'-13;116;154;124;115;120;688;0;0;3.462;97.7;0.107;4.76;0;3;3300;3300
db_buhler_1_dsp;;1,5968E+18;16.29;1596.2;987; OK;0;1020;194820;34;2.9;2.8;2.7;2.3;14/07/2020 08:16;5.15;1.82;1.25;31;3.23;2.02;28.2;12.62;4.58;8.42;dsp_parametros_60.txt;1044;1010;38;30;57.8;41.4;62.6;22089;6.68;1745;628;53.2;185977;0;764;174;167;3.99;750;192;63;29.66;12.1;1;96;data;173;'-13;116;154;124;115;120;688;0;0;3.519;96.9;0.107;4.624;0;3;3300;3300
db_buhler_1_dsp;;1,5968E+18;16.5;1596.3;988; OK;0;1021;194819;34;2.9;2.8;2.7;2.3;14/07/2020 08:14;5.15;1.84;1.25;31;3.23;2;28.3;12.62;4.57;8.4;dsp_parametros_60.txt;1044;1010;39;30;57.1;42.3;63;22115;6.72;1744;628;53.2;185976;0;765;174;167;3.99;752;190;64;29.92;12.12;1;95;data;173;'-13;116;154;124;115;120;689;0;0;3.503;97.2;0.107;4.369;0;3;3300;3300
db_buhler_1_dsp;;1,5968E+18;16.72;1596.2;986; OK;0;1020;194822;34;2.9;2.7;2.6;2.3;14/07/2020 08:19;5.15;1.83;1.24;31;3.23;2.01;28.56;12.62;4.54;8.64;dsp_parametros_60.txt;1044;1010;38;29;56.1;42.1;63.1;22037;6.7;1747;628;53.2;185979;0;765;174;167;3.99;750;192;62;29.5;12.1;0.99;98;data;173;'-13;117;154;124;115;120;683;0;0;3.484;97.2;0.107;4.659;0;3;3300;3300
db_buhler_1_dsp;;1,5968E+18;16.81;1596.2;987; OK;0;1020;194821;33;2.9;2.7;2.7;2.3;14/07/2020 08:17;5.15;1.83;1.24;32;3.23;2.03;28.06;12.61;4.57;8.47;dsp_parametros_60.txt;1043;1010;38;30;56.2;40.1;63.1;22043;6.7;1746;628;53.2;185978;0;764;174;167;3.99;750;192;63;29.86;12.1;0.99;97;data;173;'-13;116;154;124;115;120;687;0;0;3.504;97;0.107;4.548;0;3;3300;3300
db_buhler_1_dsp;;1,5968E+18;16.78;1596.2;986; OK;0;1019;194823;34;2.9;2.7;2.7;2.3;14/07/2020 08:20;5.15;1.83;1.24;33;3.23;2.01;28.48;12.61;4.55;8.48;dsp_parametros_60.txt;1042;1008;38;29;57.6;41.2;62.8;22065;6.7;1748;626;53.2;185980;0;765;174;167;3.99;750;191;63;29.88;12.12;0.99;99;data;173;'-13;117;154;124;115;120;682;0;0;3.484;97.4;0.107;4.44;0;3;3300;3300
db_buhler_1_dsp;;1,5968E+18;16.59;1596.2;986; OK;0;1020;194826;34;3;2.9;2.8;2.4;14/07/2020 08:25;5.15;1.82;1.25;31;3.22;2.01;28.34;12.6;4.56;7.97;dsp_parametros_60.txt;1044;1010;38;29;57.6;40.8;64.7;21403;6.66;1751;628;53.2;185983;0;765;174;167;3.99;749;190;64;29.66;12.07;1;102;data;173;'-13;116;154;124;115;120;690;0;0;3.491;96.7;0.107;4.524;0;3;3300;3300
db_buhler_1_dsp;;1,5968E+18;16.76;1596.3;986; OK;0;1018;194827;34;2.9;2.8;2.7;2.4;14/07/2020 08:27;5.15;1.82;1.25;33;3.23;2.03;28.34;12.61;4.52;8.33;dsp_parametros_60.txt;1042;1008;38;30;58.7;41.3;63.2;20982;6.7;1752;626;53.3;185984;0;765;174;167;4;750;192;63;29.66;12.11;1;103;data;173;'-13;117;154;124;115;120;690;0;0;3.46;97;0.106;4.67;0;3;3300;3300
db_buhler_1_dsp;;1,5968E+18;16.63;1596.3;986; OK;0;1018;194829;34;2.9;2.8;2.7;2.4;14/07/2020 08:30;5.14;1.82;1.24;33;3.23;1.99;28.32;12.61;4.54;8.34;dsp_parametros_60.txt;1042;1008;39;30;57.3;42.6;62.2;21014;6.68;1754;626;53.3;185986;0;765;174;167;3.99;750;191;64;29.94;12.09;1;105;data;173;'-13;117;154;124;115;120;680;0;0;3.471;97.2;0.106;4.757;0;3;3300;3300
db_buhler_1_dsp;;1,5968E+18;16.54;1596.2;986; OK;0;1019;194828;34;3;2.9;2.8;2.4;14/07/2020 08:29;5.15;1.82;1.25;33;3.23;2.01;28.56;12.62;4.51;7.98;dsp_parametros_60.txt;1042;1008;39;30;56.5;42.6;62.5;20950;6.72;1753;626;53.3;185985;0;766;174;167;4;750;190;63;29.88;12.12;1;104;data;173;'-13;117;154;124;115;120;687;0;0;3.442;97.3;0.107;4.417;0;3;3300;3300
db_buhler_1_dsp;;1,5968E+18;16.71;1596.3;986; OK;0;1019;194830;33;3;2.9;2.8;2.4;14/07/2020 08:32;5.15;1.83;1.24;33;3.23;2.02;28.36;12.62;4.56;8.24;dsp_parametros_60.txt;1042;1009;39;30;55.7;40.5;62.4;21003;6.7;1755;627;53.2;185987;0;764;174;167;3.99;750;189;63;29.6;12.1;1;106;data;174;'-13;116;154;124;115;120;680;0;0;3.498;96.9;0.107;4.45;0;3;3300;3300
db_buhler_1_dsp;;1,5968E+18;16.72;1596.2;986; OK;0;1020;194831;34;3;2.9;2.8;2.4;14/07/2020 08:33;5.15;1.85;1.24;32;3.23;2.03;28.56;12.62;4.54;7.99;dsp_parametros_60.txt;1043;1009;39;30;57;40.9;62.6;21676;6.66;1756;627;53.1;185988;0;765;174;167;3.98;750;191;63;29.92;12.07;1;107;data;173;'-13;116;154;124;115;120;683;0;0;3.485;97.3;0.107;4.575;0;3;3300;3300
db_buhler_1_dsp;;1,5968E+18;16.7;1596.3;987; OK;0;1021;194832;33;2.9;2.8;2.7;2.4;14/07/2020 08:35;5.14;1.85;1.25;31;3.22;2.02;28.48;12.61;4.56;8.29;dsp_parametros_60.txt;1044;1011;39;30;56.7;41.1;62.2;21101;6.68;1757;629;53.1;185989;0;765;174;167;3.98;749;191;63;29.98;12.07;1;108;data;173;'-13;116;154;124;115;120;684;0;0;3.501;97.4;0.107;4.505;0;3;3300;3300
db_buhler_1_dsp;;1,5968E+18;17.64;1596.2;987; OK;0;1020;194834;35;3;2.8;2.8;2.4;14/07/2020 08:38;5.15;1.83;1.25;31;3.23;2.02;28.3;12.61;4.54;8.19;dsp_parametros_60.txt;1044;1009;39;31;58;41.2;64.3;21621;6.7;1759;627;53.2;185991;0;765;174;167;3.99;750;191;63;29.64;12.11;1;110;data;173;'-13;116;154;124;115;120;685;0;0;3.476;96.7;0.107;4.684;0;3;3300;3300
db_buhler_1_dsp;;1,5968E+18;17.38;1596.3;987; OK;0;1020;194835;34;3;2.8;2.8;2.4;14/07/2020 08:40;5.15;1.84;1.25;31;3.23;2.02;29.38;12.62;4.5;8.01;dsp_parametros_60.txt;1044;1010;40;31;56.7;41.2;62.4;21032;6.7;1760;628;53.2;185992;0;766;174;167;3.99;749;192;64;30.2;12.11;1;111;data;173;'-12;117;154;124;115;120;685;0;0;3.442;98.3;0.107;4.559;0;3;3300;3300
db_buhler_1_dsp;;1,5968E+18;16.6;1596.2;987; OK;0;1020;194833;35;3;2.9;2.8;2.4;14/07/2020 08:37;5.15;1.84;1.25;31;3.23;2.02;28.52;12.62;4.51;7.99;dsp_parametros_60.txt;1044;1009;39;30;56.2;40.6;62.7;21127;6.7;1758;627;53.1;185990;0;765;174;167;3.98;749;191;63;29.68;12.11;1;109;data;173;'-13;116;154;124;115;120;684;0;0;3.449;97.2;0.107;4.584;0;3;3300;3300
db_buhler_1_dsp;;1,5968E+18;17.28;1596.2;987; OK;0;1021;194836;35;3;2.8;2.7;2.4;14/07/2020 08:41;5.15;1.83;1.24;30;3.23;2.02;29.24;12.62;4.54;7.97;dsp_parametros_60.txt;1045;1010;41;32;56.1;40.9;62.1;20848;6.72;1761;628;53.1;185993;0;765;174;167;3.98;750;192;64;29.84;12.13;1;112;data;173;'-13;117;154;124;115;120;686;0;0;3.489;98;0.107;4.721;0;3;3300;3300
db_buhler_1_dsp;;1,5968E+18;17.04;1596.3;987; OK;0;1020;194839;34;3;2.9;2.8;2.4;14/07/2020 08:46;5.15;1.82;1.25;31;3.22;2.02;29.1;12.61;4.51;7.97;dsp_parametros_60.txt;1044;1010;39;30;57.2;41;62;20797;6.68;1764;628;53.2;185996;0;766;174;167;3.99;750;192;65;29.96;12.1;1;115;data;173;'-13;117;154;124;115;120;688;0;0;3.443;97.9;0.107;4.426;0;3;3300;3300
db_buhler_1_dsp;;1,5968E+18;17.49;1596.2;986; OK;0;1020;194837;35;3;2.8;2.7;2.4;14/07/2020 08:43;5.15;1.83;1.24;31;3.23;2.02;29;12.62;4.54;7.96;dsp_parametros_60.txt;1044;1009;40;31;57.2;41.7;62.4;20798;6.78;1762;627;53.1;185994;0;765;174;167;3.98;750;190;64;29.64;12.2;1;113;data;173;'-13;117;154;124;115;120;688;0;0;3.487;97.6;0.107;4.636;0;3;3300;3300
db_buhler_1_dsp;;1,5968E+18;17.29;1596.3;988; OK;0;1022;194838;34;2.9;2.8;2.7;2.3;14/07/2020 08:45;5.15;1.86;1.24;30;3.23;2.02;29.4;12.61;4.55;8.18;dsp_parametros_60.txt;1045;1011;39;30;57.1;42.1;62.6;20847;6.66;1763;629;53.2;185995;0;766;174;167;3.99;750;190;63;29.62;12.06;1;114;data;173;'-13;117;154;124;115;120;688;0;0;3.481;97.9;0.107;4.582;0;3;3300;3300
db_buhler_1_dsp;;1,5968E+18;16.08;1596.3;987; OK;0;1020;194841;43;3;2.9;2.8;2.4;14/07/2020 08:50;5.15;1.85;1.25;22;3.24;2.02;29.16;12.61;4.53;8.22;dsp_parametros_60.txt;1053;1010;38;29;56.9;41.6;61.3;21579;6.68;1766;628;53.2;185998;0;759;174;167;3.99;749;192;64;29.98;12.1;1;117;data;173;'-13;117;154;124;115;120;688;0;0;3.469;98;0.107;4.569;0;3;3300;3300
db_buhler_1_dsp;;1,5968E+18;17.19;1596.2;986; OK;0;1020;194842;34;3;2.8;2.7;2.3;14/07/2020 08:51;5.15;1.81;1.24;32;3.23;2.02;27.82;12.62;4.51;8.01;dsp_parametros_60.txt;1043;1009;38;29;58.5;43.5;64;21116;6.66;1767;627;53.2;185999;0;765;174;168;3.99;750;191;64;29.46;12.07;1;118;data;174;'-13;117;155;124;115;120;688;0;0;3.456;95.9;0.107;4.618;0;3;3300;3300
db_buhler_1_dsp;;1,5968E+18;17.34;1596.2;986; OK;0;1020;194840;35;3;2.8;2.7;2.3;14/07/2020 08:48;5.15;1.81;1.25;31;3.22;2.02;28.86;12.61;4.52;7.97;dsp_parametros_60.txt;1044;1009;39;30;56.2;41.1;62.4;21037;6.66;1765;627;53.2;185997;0;766;174;167;3.99;750;192;63;29.94;12.06;1;116;data;173;'-13;117;154;124;115;120;688;0;0;3.458;97.6;0.107;4.761;0;3;3300;3300
db_buhler_1_dsp;;1,5968E+18;16.69;1596.2;988; OK;0;1021;194843;34;3;2.8;2.7;2.3;14/07/2020 08:53;5.15;1.84;1.24;30;3.23;2.01;29.02;12.62;4.56;8.44;dsp_parametros_60.txt;1045;1011;39;30;56.6;41.4;62.3;22831;6.62;1768;629;53.2;186000;0;765;174;167;3.99;750;193;62;29.7;12.02;1;119;data;173;'-13;117;155;124;115;120;686;0;0;3.505;97.7;0.107;4.631;0;3;3300;3300
db_buhler_1_dsp;;1,5968E+18;16.84;1596.2;987; OK;0;1020;194844;35;2.9;2.7;2.7;2.3;14/07/2020 08:54;5.15;1.7;1.24;31;3.23;2.03;28.78;12.62;4.51;7.97;dsp_parametros_60.txt;1044;1009;39;30;55.1;41.4;63.4;21087;6.66;1769;627;53.3;186001;0;765;174;167;3.99;750;189;63;29.9;12.07;1;120;data;173;'-13;117;154;124;115;120;685;0;0;3.455;97.3;0.107;4.755;0;3;3300;3300
db_buhler_1_dsp;;1,5968E+18;16.7;1596.3;987; OK;0;1020;194845;34;2.9;2.8;2.7;2.3;14/07/2020 08:56;5.15;1.84;1.24;31;3.23;2;28.76;12.62;4.47;8.15;dsp_parametros_60.txt;1044;1010;39;31;57.8;41.7;63.3;20868;6.66;1770;628;53.2;186002;0;764;174;167;3.99;750;194;63;29.64;12.07;1;121;data;174;'-13;117;155;124;115;121;685;0;0;3.403;97;0.107;4.42;0;3;3300;3300
db_buhler_1_dsp;;1,5968E+18;16.98;1596.2;987; OK;0;1020;194846;34;3;2.8;2.7;2.4;14/07/2020 08:58;5.15;1.81;1.24;31;3.23;2;28.5;12.62;4.54;7.99;dsp_parametros_60.txt;1044;1010;40;32;57.4;42;63.8;21505;6.68;1771;628;53.1;186003;0;765;174;167;3.98;750;191;63;29.96;12.09;1;122;data;173;'-13;117;155;124;115;121;686;0;0;3.484;97.4;0.107;4.568;0;3;3300;3300
db_buhler_1_dsp;;1,5968E+18;16.99;1596.2;986; OK;0;1020;194847;34;3;2.8;2.7;2.4;14/07/2020 08:59;5.15;1.82;1.24;31;3.23;2.04;28.72;12.62;4.53;7.98;dsp_parametros_60.txt;1044;1010;41;32;56.8;41;63.8;20892;6.7;1772;628;53.3;186004;0;765;174;167;4;750;194;62;29.92;12.1;1;123;data;173;'-13;117;155;124;115;121;687;0;0;3.478;97.6;0.107;4.661;0;3;3300;3300
db_buhler_1_dsp;;1,5968E+18;16.78;1596.2;987; OK;0;1020;194848;35;3;2.8;2.7;2.4;14/07/2020 09:01;5.14;1.82;1.24;31;3.23;2.02;28.76;12.61;4.55;7.95;dsp_parametros_60.txt;1044;1009;40;31;59.2;42;63.7;20866;6.68;1773;627;53.2;186005;0;765;174;167;3.99;750;190;63;29.6;12.09;1;124;data;174;'-13;117;155;124;115;121;686;0;0;3.486;97;0.106;4.815;0;3;3300;3300
db_buhler_1_dsp;;1,5968E+18;16.86;1596.2;987; OK;0;1020;194849;35;3;2.8;2.7;2.3;14/07/2020 09:03;5.15;1.83;1.25;31;3.23;2.01;28.56;12.62;4.54;8.02;dsp_parametros_60.txt;1044;1009;39;30;57.8;41.8;63.2;20968;6.66;1774;627;53.3;186006;0;766;174;167;3.99;750;190;62;29.96;12.07;1;125;data;174;'-13;117;155;125;115;121;686;0;0;3.472;97.4;0.107;4.725;0;3;3300;3300
db_buhler_1_dsp;;1,5968E+18;16.61;1596.2;987; OK;0;1020;194850;34;3;2.8;2.7;2.3;14/07/2020 09:04;5.15;1.84;1.24;31;3.23;2.02;28.64;12.62;4.5;8.02;dsp_parametros_60.txt;1044;1010;39;30;58.4;41;63.5;20952;6.72;1775;628;53.2;186007;0;767;174;167;3.99;749;194;62;29.9;12.14;1;126;data;173;'-13;117;155;124;115;121;685;0;0;3.448;97.4;0.107;4.722;0;3;3300;3300
db_buhler_1_dsp;;1,5968E+18;16.95;1596.3;986; OK;0;1019;194851;34;3;2.9;2.8;2.4;14/07/2020 09:06;5.15;1.82;1.25;33;3.23;2.02;28.28;12.62;4.53;7.96;dsp_parametros_60.txt;1042;1008;38;29;55.6;42.6;64.2;21009;6.7;1776;626;53.3;186008;0;766;174;167;3.99;750;191;62;29.7;12.12;1;127;data;174;'-13;117;154;124;115;121;685;0;0;3.47;96.8;0.107;4.503;0;3;3300;3300
db_buhler_1_dsp;;1,5968E+18;16.72;1596.2;987; OK;0;1020;194852;34;3;2.8;2.7;2.3;14/07/2020 09:07;5.15;1.83;1.25;31;3.23;2.02;28.8;12.62;4.54;8.48;dsp_parametros_60.txt;1044;1010;38;29;58.1;41.8;62.6;22871;6.7;1777;628;53.3;186009;0;765;174;167;3.99;750;190;63;29.94;12.11;1;128;data;174;'-13;117;155;124;115;120;685;0;0;3.487;97.8;0.107;4.662;0;3;3300;3300
db_buhler_1_dsp;;1,5968E+18;16.74;1596.2;986; OK;0;1020;194854;34;3;2.8;2.8;2.4;14/07/2020 09:11;5.15;1.84;1.24;32;3.22;1.99;28.4;12.61;4.52;8.04;dsp_parametros_60.txt;1043;1009;39;30;58.5;41.7;64.4;20824;6.72;1779;627;53.3;186011;0;765;174;167;4;750;193;62;29.3;12.12;1;130;data;174;'-11;117;155;124;115;121;688;0;0;3.464;96.4;0.107;4.615;0;3;3300;3300
db_buhler_1_dsp;;1,5968E+18;16.66;1596.2;987; OK;0;1020;194856;34;3;2.8;2.7;2.3;14/07/2020 09:14;5.15;1.82;1.25;31;3.23;2.01;28.32;12.61;4.45;7.97;dsp_parametros_60.txt;1044;1010;38;29;57;41.7;62.4;21018;6.66;1781;628;53.2;186013;0;766;174;167;3.99;749;191;62;29.9;12.07;1;132;data;174;'-13;116;155;125;115;121;688;0;0;3.385;96.9;0.107;4.641;0;3;3300;3300
db_buhler_1_dsp;;1,5968E+18;16.59;1596.3;986; OK;0;1020;194853;35;2.9;2.7;2.7;2.3;14/07/2020 09:09;5.15;1.83;1.25;31;3.23;2.01;28.48;12.61;4.48;7.92;dsp_parametros_60.txt;1044;1009;39;30;57.4;41;63.1;21304;6.74;1778;627;53.2;186010;0;765;174;167;3.99;750;189;62;29.9;12.15;1;129;data;173;'-13;117;155;124;115;120;688;0;0;3.414;97.2;0.106;4.756;0;3;3300;3300
db_buhler_1_dsp;;1,5968E+18;16.58;1596.2;988; OK;0;1022;194855;34;3;2.8;2.7;2.3;14/07/2020 09:12;5.15;1.84;1.24;30;3.23;1.99;28.48;12.62;4.51;7.98;dsp_parametros_60.txt;1045;1011;39;30;57.6;41;62.7;21176;6.7;1780;629;53.2;186012;0;766;174;167;3.99;750;189;63;29.9;12.12;1;131;data;174;'-13;116;155;125;115;121;689;0;0;3.443;97;0.107;4.552;0;3;3300;3300
db_buhler_1_dsp;;1,5968E+18;16.95;1596.2;986; OK;0;1019;194857;33;3.1;2.9;2.9;2.5;14/07/2020 09:16;5.15;1.85;1.25;33;3.23;2.01;28.4;12.61;4.44;7.96;dsp_parametros_60.txt;1042;1009;39;30;57.1;40.2;63;20776;6.68;1782;627;53.2;186014;0;766;174;167;3.99;750;198;63;29.68;12.08;1;133;data;174;'-13;117;155;125;115;121;683;0;0;3.389;97;0.107;4.383;0;3;3300;3300
db_buhler_1_dsp;;1,5968E+18;16.62;1596.3;988; OK;0;1022;194858;34;3;2.8;2.8;2.4;14/07/2020 09:17;5.15;1.82;1.24;30;3.22;2.01;28.68;12.61;4.52;7.99;dsp_parametros_60.txt;1045;1011;40;31;57.8;41.3;61.9;20999;6.66;1783;629;53.2;186015;0;766;174;167;3.99;750;191;63;29.88;12.07;1;134;data;174;'-13;117;155;125;115;121;681;0;0;3.465;97.3;0.107;4.623;0;3;3300;3300
db_buhler_1_dsp;;1,5968E+18;16.48;1596.3;987; OK;0;1020;194859;34;3;2.8;2.8;2.4;14/07/2020 09:19;5.14;1.82;1.25;31;3.23;2.04;28.28;12.61;4.48;7.95;dsp_parametros_60.txt;1044;1010;40;31;58.3;41.7;62.2;21041;6.66;1784;628;53.2;186016;0;764;174;167;3.99;750;188;64;29.64;12.07;1;135;data;174;'-13;117;155;125;116;121;681;0;0;3.426;96.8;0.107;4.473;0;3;3300;3300
db_buhler_1_dsp;;1,5968E+18;16.61;1596.3;987; OK;0;1020;194861;34;3;2.8;2.7;2.3;14/07/2020 09:22;5.15;1.83;1.24;31;3.23;2.01;28.46;12.61;4.5;7.98;dsp_parametros_60.txt;1044;1010;40;31;56.6;40.6;62.5;20834;6.68;1786;628;53.3;186018;0;767;174;167;3.99;750;193;63;29.58;12.1;1;137;data;174;'-13;117;155;125;116;121;689;0;0;3.434;97;0.107;4.633;0;3;3300;3300
db_buhler_1_dsp;;1,5968E+18;16.78;1596.3;987; OK;0;1020;194862;35;2.9;2.7;2.7;2.3;14/07/2020 09:24;5.15;1.83;1.25;31;3.23;2.01;28.38;12.61;4.5;8.28;dsp_parametros_60.txt;1044;1009;39;30;58.3;41.5;62.9;21100;6.72;1787;627;53.2;186019;0;766;174;167;3.99;751;191;64;29.9;12.14;1;138;data;174;'-13;117;155;125;116;121;684;0;0;3.436;97.2;0.107;4.818;0;3;3300;3300
db_buhler_1_dsp;;1,5968E+18;13.7;1596.4;930;BAD;0;1019;194863;19;3;2.9;2.8;2.6;14/07/2020 09:44;5.15;1.85;1.25;38;3.21;2.01;28.66;12.61;4.99;8.17;dsp_parametros_60.txt;1037;1018;38;28;0.1;0;'-0.1;20818;52.22;1788;636;25.7;186020;0;328;179;170;1.93;249;190;25;29.84;58.21;1.02;139;data;94;'-13;88;91;89;80;91;690;0;0;3.935;1243.3;0.201;5.127;0;3;3300;3300
db_buhler_1_dsp;;1,5968E+18;13.67;1596.4;930;BAD;0;1016;194864;23;2.9;2.8;2.7;2.5;14/07/2020 09:46;5.14;1.59;1.25;37;3.21;2.14;25.22;12.61;5.04;7.97;dsp_parametros_60.txt;1038;1015;0;0;0.2;0;'-0.1;20883;37.64;1789;633;25.8;186021;0;301;174;166;1.93;250;192;20;29.58;43.11;1.02;140;data;138;'-13;98;132;130;102;112;687;0;0;3.987;125.1;0.201;5.346;0;3;3300;3300
db_buhler_1_dsp;;1,5968E+18;13.74;1596.4;930;BAD;0;1014;194865;23;3;2.9;2.9;2.6;14/07/2020 09:49;5.15;1.59;1.24;39;3.21;2.14;25.14;12.62;5;7.99;dsp_parametros_60.txt;1036;1013;0;0;0;0;0;20856;15.68;1790;631;25.8;186022;0;297;173;167;1.93;250;190;22;29.56;21.14;1.01;141;data;157;'-13;104;150;156;106;121;687;0;0;3.958;170.8;0.201;5.291;0;3;3300;3300
db_buhler_1_dsp;;1,5968E+18;14.85;1596.4;992;LOK;0;1020;194866;37;2.9;2.9;2.7;2.5;14/07/2020 09:52;5.15;1.6;1.25;31;3.24;2.09;25.3;12.61;4.8;8.48;dsp_parametros_60.txt;1044;1007;58;41;55.9;35.9;55;22785;48.6;1791;625;50.8;186023;0;765;175;169;3.81;751;190;64;30.2;54.27;1.01;142;data;161;'-13;101;141;151;110;122;688;0;0;3.731;168.3;0.109;4.956;0;3;3300;3300
db_buhler_1_dsp;;1,5968E+18;15.91;1596.4;986; OK;0;1020;194868;34;2.8;2.7;2.6;2.3;14/07/2020 09:55;5.15;1.8;1.25;31;3.23;2.1;26.76;12.61;4.63;8.42;dsp_parametros_60.txt;1044;1010;41;31;57.2;40.7;64.2;22276;6.72;1793;628;53;186025;0;764;174;168;3.98;747;191;72;29.52;12.14;1;144;data;172;'-13;117;149;131;112;119;685;0;0;3.561;95.4;0.108;4.664;0;3;3300;3300
db_buhler_1_dsp;;1,5968E+18;15.07;1596.4;992;LOK;0;1025;194867;34;2.8;2.7;2.7;2.4;14/07/2020 09:54;5.14;1.82;1.24;27;3.23;2.09;26.62;12.61;4.7;8.44;dsp_parametros_60.txt;1048;1014;42;30;57.6;41.5;64.4;22408;6.72;1792;632;52.4;186024;0;766;175;168;3.93;748;192;61;29.9;12.15;1;143;data;170;'-13;116;147;141;111;119;688;0;0;3.636;95.9;0.109;4.593;0;3;3300;3300
db_buhler_1_dsp;;1,5968E+18;15.91;1596.4;986; OK;0;1022;194871;34;2.8;2.7;2.6;2.3;14/07/2020 10:00;5.15;1.81;1.24;30;3.23;2.06;27.82;12.62;4.51;8.46;dsp_parametros_60.txt;1045;1011;40;31;57;41.4;63.9;22121;6.66;1796;629;53.1;186028;0;767;174;168;3.98;750;189;63;29.94;12.08;1;147;data;173;'-13;117;152;125;114;119;686;0;0;3.442;96.9;0.108;4.592;0;3;3300;3300
db_buhler_1_dsp;;1,5968E+18;16.35;1596.4;986; OK;0;1022;194872;36;2.8;2.7;2.6;2.3;14/07/2020 10:02;5.15;1.8;1.24;29;3.22;2.05;27.6;12.61;4.58;8.6;dsp_parametros_60.txt;1046;1010;39;30;56.6;40.9;62.2;22057;6.8;1797;628;53;186029;0;766;174;168;3.98;750;190;64;29.68;12.21;0.99;148;data;173;'-13;117;153;124;114;119;688;0;0;3.513;96.9;0.108;4.859;0;3;3300;3300
db_buhler_1_dsp;;1,5968E+18;16.06;1596.4;986; OK;0;1020;194873;34;2.8;2.7;2.6;2.3;14/07/2020 10:03;5.15;1.8;1.25;31;3.22;2.06;27.98;12.62;4.53;8.6;dsp_parametros_60.txt;1044;1010;39;30;56;41.8;62.8;22050;6.68;1798;628;53.1;186030;0;765;174;168;3.98;749;193;72;29.64;12.08;0.99;149;data;173;'-13;117;153;124;115;120;688;0;0;3.463;96.8;0.108;4.441;0;3;3300;3300
db_buhler_1_dsp;;1,5968E+18;16.37;1596.4;985; OK;0;1019;194875;33;2.8;2.7;2.7;2.3;14/07/2020 10:07;5.15;1.82;1.24;33;3.22;2.04;28.12;12.62;4.55;8.67;dsp_parametros_60.txt;1042;1009;39;30;58.6;41.3;62.2;21989;6.66;1800;627;53.3;186032;0;767;174;168;3.99;750;190;62;29.54;12.07;0.99;151;data;173;'-13;117;153;124;115;120;687;0;0;3.488;96.9;0.108;4.466;0;3;3300;3300
db_buhler_1_dsp;;1,5968E+18;16.5;1596.4;985; OK;0;1020;194876;33;2.8;2.7;2.6;2.3;14/07/2020 10:08;5.14;1.8;1.25;32;3.22;2.04;28.14;12.61;4.5;8.61;dsp_parametros_60.txt;1043;1010;40;31;57.2;40.5;63.1;22032;6.74;1801;628;53.2;186033;0;767;174;168;3.99;750;195;62;29.96;12.15;0.99;152;data;172;'-13;116;153;123;115;120;686;0;0;3.44;97.3;0.108;4.634;0;3;3300;3300
db_buhler_1_dsp;;1,5968E+18;16.02;1596.4;987; OK;0;1023;194877;34;2.8;2.7;2.6;2.3;14/07/2020 10:10;5.15;1.86;1.24;28;3.23;2.03;28.32;12.61;4.57;8.57;dsp_parametros_60.txt;1047;1013;40;31;56.7;41;62.6;22050;6.68;1802;631;53;186034;0;767;174;168;3.98;751;192;63;30.2;12.11;0.99;153;data;172;'-13;116;153;123;115;120;684;0;0;3.51;97.7;0.108;4.808;0;3;3300;3300
db_buhler_1_dsp;;1,5968E+18;16.5;1596.3;985; OK;0;1019;194878;34;2.7;2.6;2.5;2.2;14/07/2020 10:11;5.15;1.81;1.24;32;3.23;2.03;27.76;12.61;4.53;8.44;dsp_parametros_60.txt;1043;1009;39;30;58;42.1;61.6;22036;6.7;1803;627;53.2;186035;0;766;174;168;3.99;750;190;62;30.16;12.12;0.99;154;data;172;'-13;117;153;124;115;120;683;0;0;3.466;97.2;0.108;4.694;0;3;3300;3300
db_buhler_1_dsp;;1,5968E+18;16.01;1596.4;986; OK;0;1022;194885;34;2.8;2.6;2.6;2.2;14/07/2020 10:23;5.15;1.81;1.24;29;3.22;2.04;27.82;12.61;4.51;8.46;dsp_parametros_60.txt;1046;1012;41;32;56.3;42.7;62.5;22035;6.66;1810;630;53.1;186042;0;766;174;168;3.98;750;191;63;29.56;12.07;0.99;161;data;173;'-13;117;154;124;116;121;684;0;0;3.45;96.3;0.108;4.654;0;3;3300;3300
db_buhler_1_dsp;;1,5968E+18;44;1596.1;930;BAD;0;1020;194004;19;3.5;3.1;3.4;3;29/06/2020 08:35;5.14;1.61;1.11;37;3.34;2.98;26.72;12.61;5.55;42.9;dsp_parametros_60.txt;1038;1019;32;24;0.1;0;'-0.1;23265;39.92;929;637;25.7;185161;0;297;166;159;1.92;251;190;25;30.7;45.78;1.17;8;data;50;'-13;37;42;32;32;29;671;0;0;4.502;0;0.202;5.714;0;3;3300;3300
db_buhler_1_dsp;;1,5968E+18;15.5;1596.1;984; OK;0;1019;194018;33;2.9;3.2;2.9;3;01/07/2020 11:35;5.15;1.64;1.12;34;3.35;3.13;27.4;12.62;4.98;8.46;dsp_parametros_60.txt;1041;1008;37;32;58.3;59.8;63.5;22084;7.22;943;626;53;185175;0;754;168;162;3.97;743;192;74;30.84;12.69;1.07;11;data;166;'-13;96;147;119;119;109;672;0;0;3.92;98.4;0.107;5.016;0;3;3300;3300
db_buhler_1_dsp;;1,5968E+18;111.98;1596.2;930;BAD;0;1018;193997;19;3.4;3.1;3.4;3;26/06/2020 12:43;5.15;0;0;39;3.33;3.73;0;12.62;5.46;63.66;dsp_parametros_60.txt;1036;1017;0;0;0.1;0.1;'-0.1;23217;92.26;922;635;25.7;185154;0;285;170;161;1.93;250;191;22;0;98.03;1.16;1;data;29;'-13;50;55;34;35;34;654;0;0;4.401;0;0.202;5.695;0;3;3300;3300
db_buhler_1_dsp;;1,5968E+18;13.59;1596.1;930;BAD;0;1012;194006;23;2.8;3;2.8;3;29/06/2020 08:46;5.15;1.53;1.13;41;3.38;3.84;25.86;12.61;5.5;8.42;dsp_parametros_60.txt;1034;1011;0;0;'-0.1;0;'-0.1;22168;14.62;931;629;25.7;185163;0;292;168;160;1.93;250;190;37;30.76;20.15;1.11;10;data;130;'-13;88;118;113;76;82;672;0;0;4.443;105;0.202;5.67;0;3;3300;3300
db_buhler_1_dsp;;1,5968E+18;15.17;1596.1;986; OK;0;1021;194019;34;2.9;3.1;2.9;3;01/07/2020 11:36;5.15;1.64;1.13;32;3.35;3.09;27.88;12.62;4.94;8.49;dsp_parametros_60.txt;1043;1009;38;33;56;58.7;62.3;21984;7.24;944;627;53.1;185176;0;754;168;161;3.98;750;191;72;30.08;12.72;1.07;12;data;166;'-13;96;147;120;122;110;671;0;0;3.872;98.1;0.107;4.89;0;3;3300;3300
db_buhler_1_dsp;;1,5968E+18;15.52;1596.2;985; OK;0;1019;194020;35;2.9;3.1;2.9;3;01/07/2020 11:38;5.15;1.65;1.12;33;3.34;3.09;27.6;12.62;4.95;8.67;dsp_parametros_60.txt;1042;1007;38;33;56.6;58.5;62.4;22078;7.26;945;625;52.9;185177;0;754;168;161;3.97;750;190;75;30.78;12.73;1.07;13;data;166;'-13;96;147;120;124;111;671;0;0;3.886;98.7;0.107;4.96;0;3;3300;3300
db_buhler_1_dsp;;1,5968E+18;16.17;1596.2;986; OK;0;1022;194068;32;3.1;3.1;2.9;2.7;07/07/2020 12:37;5.15;1.74;1.25;31;3.25;2.28;27.98;12.62;4.72;8.54;dsp_parametros_60.txt;1044;1012;44;36;56.9;40.8;63.4;22075;6.86;993;630;53.2;185225;0;761;173;166;3.99;750;194;65;30.36;12.27;1.01;27;data;172;'-13;116;153;124;112;118;688;0;0;3.653;97.8;0.108;4.843;0;3;3300;3300
db_buhler_1_dsp;;1,5968E+18;15.29;1596.2;984; OK;0;1019;194015;33;2.9;3.1;2.9;3;01/07/2020 11:30;5.15;1.63;1.13;34;3.37;3.23;27.34;12.62;5;8.47;dsp_parametros_60.txt;1041;1008;42;37;56.2;59.3;62.6;22059;7.16;940;626;53;185172;0;753;168;162;3.97;751;191;72;30.84;12.66;1.09;8;data;164;'-13;96;145;119;113;107;672;0;0;3.95;98.4;0.107;4.936;0;3;3300;3300
db_buhler_1_dsp;;1,5968E+18;15.2;1596.2;984; OK;0;1018;194021;32;3;3.2;3;3;01/07/2020 11:40;5.15;1.66;1.12;36;3.34;3.08;28;12.61;4.92;8.48;dsp_parametros_60.txt;1039;1007;37;32;56.6;59.2;61.7;22044;7.34;946;625;53;185178;0;754;168;161;3.98;751;192;73;30.62;12.82;1.07;14;data;166;'-13;96;147;120;125;111;672;0;0;3.868;98.9;0.107;4.805;0;3;3300;3300
db_buhler_1_dsp;;1,5968E+18;15.4;1596.1;984; OK;0;1019;194023;33;3;3.2;3;3;01/07/2020 11:43;5.15;1.65;1.12;35;3.33;3.04;27.58;12.62;4.93;8.45;dsp_parametros_60.txt;1040;1007;37;32;57.5;58.2;61.8;22116;7.32;948;625;53;185180;0;754;168;161;3.98;752;189;71;30.56;12.79;1.06;16;data;166;'-13;97;148;120;127;112;671;0;0;3.879;98.3;0.107;4.753;0;3;3300;3300
db_buhler_1_dsp;;1,5968E+18;15.91;1596.2;985; OK;0;1022;194052;33;3.2;3.3;3.1;3;07/07/2020 12:11;5.15;1.63;1.11;30;3.29;2.87;28;12.62;4.78;8.7;dsp_parametros_60.txt;1045;1012;40;32;57.7;41.2;62.6;22073;6.9;977;630;53.2;185209;0;757;173;166;3.99;750;189;64;30.68;12.35;1.03;11;data;169;'-13;114;149;121;108;113;688;0;0;3.716;98.7;0.109;4.868;0;3;3300;3300
db_buhler_1_dsp;;1,5968E+18;16.39;1596.2;985; OK;0;1020;194079;33;3;3.1;2.9;2.7;07/07/2020 12:55;5.15;1.76;1.25;32;3.24;2.1;28.28;12.62;4.65;8.69;dsp_parametros_60.txt;1043;1010;47;38;57.5;40.3;63.2;22032;6.84;1004;628;53.1;185236;0;765;174;167;3.98;750;192;65;30.68;12.23;1;38;data;173;'-13;117;153;125;114;120;683;0;0;3.584;98.5;0.108;4.829;0;3;3300;3300
db_buhler_1_dsp;;1,5968E+18;16.87;1596.4;986; OK;0;1020;194167;34;2.8;2.8;2.7;2.4;07/07/2020 15:35;5.15;1.8;1.24;31;3.23;2.01;28.74;12.62;4.58;8.38;dsp_parametros_60.txt;1044;1010;38;28;56.1;40.9;62.7;22063;6.74;1092;628;53.1;185324;0;767;177;170;3.98;750;194;63;29.62;12.13;0.99;126;data;173;'-13;117;153;124;114;119;688;0;0;3.528;97.4;0.108;4.827;0;3;3300;3300
db_buhler_1_dsp;;1,5968E+18;16.95;1596.3;986; OK;0;1021;194236;34;2.8;2.8;2.6;2.3;07/07/2020 17:27;5.15;1.79;1.25;30;3.21;1.97;28.62;12.61;4.55;8.33;dsp_parametros_60.txt;1045;1011;39;29;57.1;41.3;63.1;22055;6.66;1161;629;53.1;185393;0;768;177;170;3.98;750;190;62;29.72;12.08;0.99;195;data;173;'-13;117;154;125;115;121;686;0;0;3.489;97.4;0.108;4.812;0;3;3300;3300
db_buhler_1_dsp;;1,5968E+18;16.71;1596.3;986; OK;0;1020;194240;34;2.8;2.8;2.6;2.3;07/07/2020 17:34;5.15;1.8;1.24;31;3.21;1.97;28.34;12.61;4.59;8.33;dsp_parametros_60.txt;1044;1010;39;29;57.5;41.9;62.5;22063;6.66;1165;628;53.2;185397;0;769;177;170;3.99;750;189;62;29.6;12.06;0.98;199;data;173;'-13;117;155;126;115;122;688;0;0;3.526;96.8;0.108;4.706;0;3;3300;3300
db_buhler_1_dsp;;1,5968E+18;16.71;1596.3;986; OK;0;1021;194250;34;2.8;2.8;2.6;2.3;07/07/2020 17:50;5.15;1.81;1.25;30;3.22;1.97;28.54;12.62;4.54;8.29;dsp_parametros_60.txt;1045;1011;38;29;56.9;41.1;64.1;22050;6.68;1175;629;53.1;185407;0;769;177;170;3.98;750;193;64;29.92;12.08;0.98;209;data;173;'-13;116;155;125;115;121;684;0;0;3.477;97.5;0.108;4.817;0;3;3300;3300
db_buhler_1_dsp;;1,5968E+18;16.59;1596.3;986; OK;0;1021;194300;33;2.9;2.9;2.8;2.5;08/07/2020 06:33;5.15;1.78;1.25;31;3.24;2.1;28.48;12.62;4.53;8.4;dsp_parametros_60.txt;1044;1011;31;22;57.2;42.1;63;22044;6.66;1225;629;53.2;185457;0;765;173;166;3.99;749;193;65;30.26;12.08;1;38;data;169;'-13;114;151;121;110;116;684;0;0;3.471;97.7;0.108;4.571;0;3;3300;3300
db_buhler_1_dsp;;1,5968E+18;16.29;1596.3;986; OK;0;1019;194523;33;2.8;2.9;2.8;2.6;09/07/2020 11:53;5.15;1.76;1.25;33;3.25;2.21;28.2;12.62;4.65;8.47;dsp_parametros_60.txt;1042;1009;38;29;57.5;40.6;62.6;22000;6.64;1448;627;53.1;185680;0;761;172;165;3.98;750;192;65;30.2;12.06;1;36;data;172;'-13;116;152;123;112;118;683;0;0;3.59;97.5;0.107;4.694;0;3;3300;3300
db_buhler_1_dsp;;1,5968E+18;15.36;1596.1;984; OK;0;1017;194024;34;3;3.2;3;3;01/07/2020 11:45;5.15;1.64;1.11;35;3.33;3.01;27.74;12.62;4.94;8.47;dsp_parametros_60.txt;1040;1006;37;32;56.4;59.4;62.3;22098;7.22;949;624;53;185181;0;754;168;161;3.97;748;191;75;30.76;12.69;1.05;17;data;166;'-13;97;148;120;128;112;672;0;0;3.873;98.6;0.106;5.078;0;3;3300;3300
db_buhler_1_dsp;;1,5968E+18;16.51;1596.1;985; OK;0;1020;194073;33;3.1;3.1;3;2.8;07/07/2020 12:45;5.15;1.76;1.26;32;3.24;2.2;28.16;12.61;4.71;8.71;dsp_parametros_60.txt;1043;1010;46;37;57.4;41.4;63;22065;6.9;998;628;53.2;185230;0;762;174;166;3.99;749;192;65;30.6;12.3;1.01;32;data;172;'-13;116;152;124;113;119;688;0;0;3.642;98.7;0.108;4.818;0;3;3300;3300
db_buhler_1_dsp;;1,5968E+18;16.35;1596.1;985; OK;0;1021;194074;33;3;3.1;2.9;2.7;07/07/2020 12:46;5.15;1.78;1.24;31;3.25;2.18;28.36;12.62;4.66;8.51;dsp_parametros_60.txt;1044;1011;46;37;57.1;40.8;63.2;22080;6.9;999;629;53.2;185231;0;764;174;166;3.99;750;189;63;30.38;12.3;1.01;33;data;172;'-13;117;153;124;113;119;688;0;0;3.595;98.3;0.108;4.877;0;3;3300;3300
db_buhler_1_dsp;;1,5968E+18;16.32;1596.2;986; OK;0;1022;194072;33;3.1;3.1;3;2.7;07/07/2020 12:43;5.14;1.77;1.26;31;3.24;2.21;28.12;12.62;4.69;8.5;dsp_parametros_60.txt;1044;1011;45;36;56.9;40.7;63.7;22074;6.86;997;629;53.2;185229;0;762;174;166;3.99;749;190;64;30.38;12.26;1.01;31;data;172;'-13;116;153;124;113;119;684;0;0;3.626;97.9;0.108;4.768;0;3;3300;3300
db_buhler_1_dsp;;1,5968E+18;13.72;1596.5;930;BAD;0;1020;194637;21;2.8;2.9;2.7;2.7;09/07/2020 15:25;5.15;1.83;1.24;35;3.2;1.96;28.7;12.62;5;9.11;dsp_parametros_60.txt;1040;1019;38;28;0.1;0.1;'-0.1;22211;46.22;1562;637;25.8;185794;0;309;180;171;1.93;250;189;21;29.88;51.92;1.01;114;data;53;'-13;48;52;48;53;60;688;0;0;3.945;1551.1;0.201;5.176;0;3;3300;3300
db_buhler_1_dsp;;1,5968E+18;15.82;1596.5;990;LOK;0;1023;194709;33;2.7;2.7;2.5;2.3;09/07/2020 17:49;5.15;1.81;1.25;30;3.22;2.02;26.76;12.61;4.64;8.32;dsp_parametros_60.txt;1045;1012;44;32;56.9;42.6;64.2;21988;6.74;1634;630;52.5;185866;0;766;176;169;3.94;749;190;61;30.16;12.14;0.99;186;data;177;'-13;117;152;145;114;128;688;0;0;3.587;95.9;0.108;4.546;0;3;3300;3300
db_buhler_1_dsp;;1,5968E+18;17.04;1596.4;986; OK;0;1019;194599;34;2.8;2.7;2.7;2.4;09/07/2020 13:58;5.15;1.81;1.24;32;3.22;1.99;28.72;12.61;4.51;8.34;dsp_parametros_60.txt;1043;1009;39;30;57.9;41.1;61.7;22032;6.74;1524;627;53.2;185756;0;768;175;168;3.99;750;193;64;29.96;12.16;0.98;76;data;174;'-13;116;154;125;115;121;689;0;0;3.442;97.7;0.107;4.759;0;3;3300;3300
db_buhler_1_dsp;;1,5968E+18;16.07;1596.3;986; OK;0;1018;194751;39;3.1;3.2;3;2.8;14/07/2020 06:24;5.15;1.75;1.26;33;3.27;2.36;27.74;12.61;4.68;8.48;dsp_parametros_60.txt;1042;1003;38;29;56.6;41.3;63.3;22078;6.68;1676;621;52.8;185908;0;759;172;166;3.96;750;190;74;29.92;12.11;1.02;27;data;171;'-13;115;152;122;111;116;685;0;0;3.613;97.1;0.106;4.592;0;3;3300;3300
db_buhler_1_dsp;;1,5968E+18;15.97;1596.3;986; OK;0;1018;194752;41;3.1;3.2;3;2.8;14/07/2020 06:25;5.15;1.73;1.27;33;3.26;2.32;27.84;12.62;4.67;8.53;dsp_parametros_60.txt;1042;1001;38;29;57;41.1;61.7;22044;6.66;1677;619;52.9;185909;0;759;173;166;3.97;750;191;79;30.22;12.08;1.02;28;data;171;'-13;115;152;122;111;116;683;0;0;3.607;97.5;0.105;4.569;0;3;3300;3300
db_buhler_1_dsp;;1,5968E+18;16.21;1596.2;987; OK;0;1018;194759;39;3.2;3.2;3.1;2.8;14/07/2020 06:37;5.15;1.78;1.25;33;3.25;2.21;28.1;12.61;4.64;8.44;dsp_parametros_60.txt;1042;1003;38;29;57.9;41.6;65.1;22085;6.72;1684;621;52.9;185916;0;762;173;166;3.97;750;191;73;29.66;12.14;1.01;35;data;171;'-13;115;152;122;112;117;683;0;0;3.57;97;0.106;4.634;0;3;3300;3300
db_buhler_1_dsp;;1,5968E+18;16.77;1596.3;987; OK;0;1020;194775;36;3.1;3;2.9;2.6;14/07/2020 07:03;5.15;1.77;1.24;31;3.25;2.12;28.46;12.62;4.59;8.47;dsp_parametros_60.txt;1044;1008;38;30;57.3;41.2;63.6;22042;6.7;1700;626;53;185932;0;764;173;166;3.97;749;192;71;29.8;12.1;1;51;data;172;'-13;116;153;123;113;118;684;0;0;3.53;97.6;0.107;4.738;0;3;3300;3300
db_buhler_1_dsp;;1,5968E+18;16.71;1596.3;986; OK;0;1019;194776;36;3.1;3;2.9;2.6;14/07/2020 07:04;5.15;1.81;1.26;33;3.24;2.1;28.52;12.61;4.55;8.72;dsp_parametros_60.txt;1042;1006;37;28;56.6;40.2;63;22028;6.74;1701;624;53;185933;0;764;173;166;3.98;751;191;73;29.64;12.15;1;52;data;172;'-13;115;153;123;113;118;683;0;0;3.498;97.8;0.106;4.484;0;3;3300;3300
db_buhler_1_dsp;;1,5968E+18;16.56;1596.2;987; OK;0;1019;194782;35;3;2.9;2.8;2.5;14/07/2020 07:14;5.15;1.81;1.26;33;3.25;2.05;28.56;12.62;4.53;8.76;dsp_parametros_60.txt;1042;1007;40;31;56.7;40.8;61.9;22064;6.66;1707;625;53.1;185939;0;764;173;166;3.98;751;191;70;29.94;12.06;1;58;data;172;'-13;115;153;124;114;119;684;0;0;3.467;97.8;0.106;4.395;0;3;3300;3300
db_buhler_1_dsp;;1,5968E+18;16.6;1596.3;986; OK;0;1019;194783;37;3.1;3;2.9;2.6;14/07/2020 07:16;5.15;1.8;1.25;32;3.24;2.05;28.3;12.62;4.55;8.7;dsp_parametros_60.txt;1043;1006;38;29;57.4;41.4;62.3;22048;6.64;1708;624;53.1;185940;0;764;173;166;3.98;750;191;69;29.92;12.05;1;59;data;172;'-13;115;153;124;114;119;684;0;0;3.489;97.5;0.106;4.578;0;3;3300;3300
db_buhler_1_dsp;;1,5968E+18;16.59;1596.3;986; OK;0;1019;194785;40;3;2.9;2.8;2.5;14/07/2020 07:19;5.15;1.81;1.26;31;3.25;2.08;28.3;12.62;4.59;8.49;dsp_parametros_60.txt;1044;1004;38;29;58.1;41.2;62.5;22103;6.72;1710;622;53;185942;0;763;173;166;3.98;749;190;74;29.86;12.14;1;61;data;172;'-13;115;153;124;114;119;689;0;0;3.526;97.6;0.106;4.859;0;3;3300;3300
db_buhler_1_dsp;;1,5968E+18;16.55;1596.3;986; OK;0;1020;194792;34;3;2.9;2.8;2.5;14/07/2020 07:30;5.15;1.82;1.24;32;3.23;2.04;28.22;12.6;4.56;8.46;dsp_parametros_60.txt;1043;1009;38;29;56.2;41.8;62.7;22040;6.72;1717;627;53.2;185949;0;765;173;166;3.99;750;192;64;29.86;12.13;0.99;68;data;172;'-13;115;153;124;114;119;683;0;0;3.49;97.4;0.107;4.529;0;3;3300;3300
db_buhler_1_dsp;;1,5968E+18;16.39;1596.3;986; OK;0;1019;194793;34;2.9;2.9;2.8;2.5;14/07/2020 07:32;5.15;1.8;1.26;33;3.23;2.03;28.26;12.61;4.55;8.46;dsp_parametros_60.txt;1042;1008;38;29;58.4;40.9;63.7;22025;6.74;1718;626;53.1;185950;0;765;173;166;3.98;750;191;63;29.96;12.15;0.99;69;data;172;'-13;116;153;124;114;119;683;0;0;3.49;97.5;0.107;4.395;0;3;3300;3300
db_buhler_1_dsp;;1,5968E+18;16.62;1596.3;987; OK;0;1020;194800;35;3;2.9;2.8;2.4;14/07/2020 07:43;5.15;1.83;1.24;31;3.24;2.07;28.38;12.62;4.57;8.46;dsp_parametros_60.txt;1044;1009;40;31;57.1;40.9;62.4;22083;6.74;1725;627;53.1;185957;0;763;173;166;3.98;750;191;62;29.66;12.14;1;76;data;172;'-13;116;153;124;114;119;686;0;0;3.505;97.4;0.107;4.74;0;3;3300;3300
db_buhler_1_dsp;;1,5968E+18;16.56;1596.2;987; OK;0;1020;194807;34;2.9;2.8;2.7;2.4;14/07/2020 07:54;5.15;1.82;1.24;31;3.23;2.02;28.42;12.61;4.55;8.45;dsp_parametros_60.txt;1044;1010;39;31;55.9;42.7;62.1;22078;6.76;1732;628;53.2;185964;0;766;174;166;3.99;750;192;62;29.94;12.17;0.99;83;data;173;'-13;116;154;124;114;119;686;0;0;3.482;97.5;0.107;4.706;0;3;3300;3300
db_buhler_1_dsp;;1,5968E+18;16.46;1596.3;987; OK;0;1020;194801;35;2.9;2.8;2.8;2.4;14/07/2020 07:45;5.15;1.85;1.25;31;3.24;2.04;28.48;12.61;4.55;8.43;dsp_parametros_60.txt;1044;1009;40;31;57.9;40.7;61.5;22007;6.7;1726;627;53.2;185958;0;764;173;166;3.99;750;189;64;29.92;12.11;1;77;data;172;'-13;115;153;124;114;119;686;0;0;3.489;97.4;0.107;4.679;0;3;3300;3300
db_buhler_1_dsp;;1,5968E+18;13.76;1596.5;930;BAD;0;1013;194706;23;2.6;2.6;2.4;2.2;09/07/2020 17:43;5.15;1.59;1.25;40;3.2;2;25.18;12.62;4.99;8.41;dsp_parametros_60.txt;1035;1012;0;0;0;0.1;'-0.1;21983;24.82;1631;630;25.8;185863;0;299;176;167;1.94;250;192;23;29.9;30.28;0.99;183;data;140;'-13;109;155;152;106;136;688;0;0;3.933;112.9;0.202;5.316;0;3;3300;3300
db_buhler_1_dsp;;1,5968E+18;0;1596.3;0;BAD;0;1021;194725;33;3.5;3.6;3.6;3.6;14/07/2020 05:32;5.15;0;0;31;0;0;0;0;3.34;8.83;dsp_parametros_60.txt;1044;1011;40;31;58.4;41.9;61.9;22068;44.98;1650;629;0;185882;0;768;177;169;3.99;750;194;61;0;50.64;1.1;1;data;173;'-13;118;154;125;116;122;688;0;0;0;97.7;0.108;0;0;3;3300;3300
db_buhler_1_dsp;;1,5968E+18;15.47;1596.5;993;LOK;0;1022;194640;34;2.7;2.8;2.6;2.5;09/07/2020 15:30;5.15;1.59;1.25;30;3.22;2.04;25.2;12.61;4.86;8.38;dsp_parametros_60.txt;1045;1011;42;31;57.8;41.8;63.7;21991;8.9;1565;629;50.9;185797;0;765;176;167;3.81;750;191;59;29.68;14.35;0.99;117;data;178;'-13;107;159;150;111;120;688;0;0;3.798;96.4;0.11;4.813;0;3;3300;3300
db_buhler_1_dsp;;1,5968E+18;16.2;1596.5;989;LOK;0;1021;194641;34;2.6;2.7;2.5;2.4;09/07/2020 15:31;5.15;1.82;1.25;30;3.22;2.02;27.22;12.61;4.64;8.41;dsp_parametros_60.txt;1045;1011;40;31;56.1;41.1;63.8;22008;6.72;1566;629;52.6;185798;0;768;176;169;3.94;749;192;60;29.62;12.13;0.99;118;data;175;'-13;114;153;134;110;117;688;0;0;3.582;95.9;0.108;4.794;0;3;3300;3300
db_buhler_1_dsp;;1,5968E+18;16.88;1596.3;985; OK;0;1018;194542;34;2.8;2.8;2.7;2.5;09/07/2020 12:24;5.15;1.8;1.24;33;3.24;2.04;28.54;12.62;4.56;8.46;dsp_parametros_60.txt;1042;1008;38;29;56.8;41.7;62.7;22061;6.64;1467;626;53.3;185699;0;764;173;165;3.99;750;193;64;29.66;12.05;0.99;19;data;173;'-13;116;153;123;113;119;690;0;0;3.5;97.4;0.107;4.7;0;3;3300;3300
db_buhler_1_dsp;;1,5968E+18;17.27;1596.3;985; OK;0;1018;194576;34;2.7;2.8;2.7;2.4;09/07/2020 13:20;5.15;1.83;1.25;33;3.23;2.01;28.84;12.61;4.51;8.43;dsp_parametros_60.txt;1042;1008;39;30;57.6;41;62.3;22085;6.68;1501;626;53.2;185733;0;766;174;167;3.99;750;192;64;29.68;12.1;0.99;53;data;172;'-13;116;152;124;114;119;691;0;0;3.459;97.5;0.107;4.696;0;3;3300;3300
db_buhler_1_dsp;;1,5968E+18;17.14;1596.5;985; OK;0;1020;194677;34;2.7;2.7;2.6;2.3;09/07/2020 16:30;5.14;1.83;1.25;31;3.21;1.97;28.76;12.61;4.55;8.46;dsp_parametros_60.txt;1044;1010;41;32;56.3;41.4;61.6;22067;6.66;1602;628;53.3;185834;0;767;176;169;3.99;749;192;61;29.64;12.05;0.98;154;data;174;'-13;117;155;125;115;121;688;0;0;3.488;97.4;0.108;4.77;0;3;3300;3300
db_buhler_1_dsp;;1,5968E+18;17.16;1596.5;985; OK;0;1020;194685;33;2.7;2.6;2.6;2.3;09/07/2020 16:43;5.15;1.84;1.25;32;3.21;1.94;29.2;12.62;4.56;8.44;dsp_parametros_60.txt;1043;1010;41;32;56.7;40.3;63.6;22040;6.72;1610;628;53.1;185842;0;767;176;169;3.98;750;194;62;29.6;12.13;0.98;162;data;173;'-13;117;154;124;115;121;688;0;0;3.497;98.1;0.108;4.58;0;3;3300;3300
db_buhler_1_dsp;;1,5968E+18;15.17;1596.4;987; OK;0;1021;194734;38;3.2;3.3;3.2;3.1;14/07/2020 05:56;5.15;1.62;1.15;30;3.32;2.99;27.44;12.61;4.82;8.51;dsp_parametros_60.txt;1045;1007;32;24;57.3;41.9;64.1;22046;6.7;1659;625;53;185891;0;755;173;166;3.97;751;190;68;29.62;12.14;1.05;10;data;166;'-13;111;147;118;102;106;687;0;0;3.754;96.5;0.107;4.877;0;3;3300;3300
db_buhler_1_dsp;;1,5968E+18;16.01;1596.3;986; OK;0;1019;194746;36;3.2;3.2;3.1;2.9;14/07/2020 06:15;5.14;1.74;1.27;32;3.28;2.44;27.44;12.61;4.69;8.54;dsp_parametros_60.txt;1043;1007;37;28;55.8;42.6;62.7;22061;6.64;1671;625;53;185903;0;758;172;166;3.98;749;190;66;29.66;12.05;1.02;22;data;171;'-13;114;151;122;110;115;686;0;0;3.631;96.4;0.107;4.907;0;3;3300;3300
db_buhler_1_dsp;;1,5968E+18;15.83;1596.3;987; OK;0;1020;194747;34;3.1;3.1;3;2.8;14/07/2020 06:17;5.15;1.67;1.19;32;3.28;2.4;28.1;12.61;4.69;8.76;dsp_parametros_60.txt;1043;1009;37;29;57.4;41.7;63;22017;6.74;1672;627;53;185904;0;758;172;166;3.98;750;194;69;29.88;12.15;1.02;23;data;170;'-13;114;151;122;110;115;687;0;0;3.635;97.5;0.107;4.651;0;3;3300;3300
db_buhler_1_dsp;;1,5968E+18;15.87;1596.3;987; OK;0;1017;194753;44;3.1;3.1;3;2.8;14/07/2020 06:27;5.15;1.69;1.21;32;3.27;2.33;28.16;12.62;4.67;8.79;dsp_parametros_60.txt;1043;999;39;30;58.6;41;62.9;22025;6.74;1678;617;52.9;185910;0;760;173;166;3.96;749;190;81;29.9;12.16;1.02;29;data;170;'-13;115;152;122;111;116;678;0;0;3.606;97.8;0.105;4.93;0;3;3300;3300
db_buhler_1_dsp;;1,5968E+18;16.65;1596.3;986; OK;0;1021;194766;35;3.1;3;2.9;2.6;14/07/2020 06:48;5.15;1.8;1.26;30;3.24;2.15;28.46;12.61;4.65;8.48;dsp_parametros_60.txt;1045;1010;38;30;58.3;41.3;63;22071;6.66;1691;628;53.2;185923;0;763;173;166;3.99;750;191;61;29.9;12.06;1.01;42;data;172;'-13;115;152;123;112;118;687;0;0;3.581;97.5;0.107;4.978;0;3;3300;3300
db_buhler_1_dsp;;1,5968E+18;16.78;1596.3;987; OK;0;1020;194772;38;3;3;2.9;2.6;14/07/2020 06:58;5.14;1.79;1.25;31;3.24;2.11;28.46;12.62;4.56;8.46;dsp_parametros_60.txt;1044;1006;38;29;56;41.5;62.7;22076;6.88;1697;624;52.9;185929;0;763;173;166;3.96;750;192;77;30.22;12.3;1;48;data;172;'-13;115;153;123;113;118;687;0;0;3.496;98.2;0.106;4.624;0;3;3300;3300
db_buhler_1_dsp;;1,5968E+18;16.44;1596.2;986; OK;0;1020;194778;35;3;2.9;2.8;2.5;14/07/2020 07:07;5.15;1.8;1.24;31;3.24;2.1;28.36;12.61;4.56;8.47;dsp_parametros_60.txt;1044;1009;38;29;57.2;41.8;62.4;22003;6.82;1703;627;53.2;185935;0;764;173;166;3.99;750;191;62;29.88;12.24;1;54;data;172;'-13;115;153;123;113;118;687;0;0;3.51;97.6;0.107;4.709;0;3;3300;3300
db_buhler_1_dsp;;1,5968E+18;16.54;1596.2;986; OK;0;1019;194780;34;3;2.9;2.8;2.5;14/07/2020 07:11;5.15;1.83;1.25;32;3.25;2.07;28.38;12.61;4.6;8.47;dsp_parametros_60.txt;1043;1009;39;30;56.8;41.1;62.9;22013;6.66;1705;627;53.2;185937;0;763;173;166;3.99;750;191;62;29.68;12.07;1;56;data;172;'-13;115;153;124;113;119;687;0;0;3.538;97.1;0.107;4.743;0;3;3300;3300
db_buhler_1_dsp;;1,5968E+18;16.62;1596.3;988; OK;0;1020;194787;38;3.1;3;2.9;2.5;14/07/2020 07:22;5.15;1.72;1.25;31;3.23;2.06;28.8;12.62;4.54;8.71;dsp_parametros_60.txt;1044;1006;39;30;57.2;41.1;63.9;22031;6.66;1712;624;53;185944;0;764;173;166;3.97;750;190;75;29.64;12.06;1;63;data;172;'-13;116;153;124;114;119;687;0;0;3.479;97.7;0.106;4.493;0;3;3300;3300
db_buhler_1_dsp;;1,5968E+18;16.66;1596.2;986; OK;0;1019;194788;35;3;2.9;2.8;2.5;14/07/2020 07:24;5.15;1.81;1.25;31;3.24;2.06;28.36;12.61;4.56;8.51;dsp_parametros_60.txt;1044;1009;40;31;57;40.8;62.6;22104;6.7;1713;627;53.2;185945;0;765;173;166;3.99;750;191;62;29.9;12.1;1;64;data;172;'-13;116;153;124;114;119;680;0;0;3.498;97.4;0.107;4.798;0;3;3300;3300
db_buhler_1_dsp;;1,5968E+18;16.58;1596.2;987; OK;0;1020;194789;34;3;2.9;2.8;2.5;14/07/2020 07:25;5.15;1.84;1.25;31;3.24;2.05;28.48;12.61;4.57;8.46;dsp_parametros_60.txt;1044;1010;40;31;57.1;41.5;63;22053;6.72;1714;628;53.2;185946;0;764;173;166;3.99;750;190;62;29.94;12.14;1;65;data;173;'-13;116;154;124;114;119;678;0;0;3.517;97.5;0.107;4.647;0;3;3300;3300
db_buhler_1_dsp;;1,5968E+18;16.42;1596.2;986; OK;0;1019;194795;34;3.1;3;2.9;2.6;14/07/2020 07:35;5.15;1.82;1.25;33;3.24;2.06;28.34;12.61;4.61;8.64;dsp_parametros_60.txt;1042;1008;38;29;56.2;41.6;62.3;22726;6.72;1720;626;53.3;185952;0;763;173;166;3.99;749;190;61;29.92;12.13;1;71;data;172;'-13;115;153;124;114;119;684;0;0;3.541;97.6;0.106;4.512;0;3;3300;3300
db_buhler_1_dsp;;1,5968E+18;16.54;1596.2;986; OK;0;1020;194804;35;2.9;2.8;2.7;2.4;14/07/2020 07:50;5.15;1.84;1.24;31;3.23;2.02;28.32;12.62;4.6;8.75;dsp_parametros_60.txt;1044;1009;39;30;56.6;42.1;62.9;22299;6.64;1729;627;53.1;185961;0;764;174;166;3.98;750;192;64;29.88;12.06;1;80;data;173;'-13;116;154;124;114;120;688;0;0;3.536;97.8;0.107;4.803;0;3;3300;3300
db_buhler_1_dsp;;1,5968E+18;16.4;1596.3;986; OK;0;1021;194275;34;2.8;2.9;2.8;2.7;08/07/2020 05:53;5.14;1.76;1.26;31;3.28;2.56;28.04;12.62;4.73;8.42;dsp_parametros_60.txt;1044;1010;26;18;55.7;41;62.7;22120;6.76;1200;628;53.2;185432;0;758;172;166;3.99;751;191;67;29.64;12.16;1.02;13;data;167;'-13;111;148;118;104;109;684;0;0;3.67;97;0.108;4.819;0;3;3300;3300
db_buhler_1_dsp;;1,5968E+18;17.02;1596.5;986; OK;0;1021;194721;33;2.7;2.7;2.5;2.3;09/07/2020 18:08;5.15;1.81;1.24;31;3.21;1.95;28.28;12.61;4.57;8.4;dsp_parametros_60.txt;1044;1011;39;30;56.4;41.6;62.3;22047;6.7;1646;629;53.2;185878;0;766;176;169;3.99;749;193;62;29.94;12.11;0.98;198;data;173;'-13;117;154;125;116;122;688;0;0;3.514;97.5;0.108;4.459;0;3;3300;3300
db_buhler_1_dsp;;1,5968E+18;16.92;1596.4;986; OK;0;1018;194617;33;2.7;2.7;2.6;2.4;09/07/2020 14:28;5.15;1.83;1.24;34;3.22;1.94;28.88;12.61;4.46;8.39;dsp_parametros_60.txt;1041;1008;39;30;57.4;41.9;63;22036;6.7;1542;626;53.4;185774;0;769;175;168;4;750;192;63;29.92;12.11;0.99;94;data;174;'-13;116;154;125;115;121;688;0;0;3.395;97.7;0.107;4.62;0;3;3300;3300
db_buhler_1_dsp;;1,5968E+18;16.5;1596.2;986; OK;0;1021;194125;33;3;3;2.8;2.5;07/07/2020 14:09;5.15;1.79;1.25;32;3.23;2.02;28.22;12.62;4.57;8.48;dsp_parametros_60.txt;1043;1010;53;45;57.3;41.6;64.3;22102;6.66;1050;628;53.2;185282;0;765;176;168;3.99;749;194;66;30.14;12.04;0.99;84;data;176;'-13;119;158;129;117;123;686;0;0;3.508;97.4;0.108;4.624;0;3;3300;3300
db_buhler_1_dsp;;1,5968E+18;16.7;1596.4;986; OK;0;1021;194469;34;2.8;2.7;2.5;2.2;08/07/2020 11:27;5.15;1.84;1.25;31;3.21;1.96;28.4;12.61;4.56;8.61;dsp_parametros_60.txt;1044;1010;40;31;55.4;42.2;62.6;22047;6.66;1394;628;53.2;185626;0;768;176;168;3.99;751;191;62;29.9;12.07;0.98;207;data;174;'-13;116;155;124;115;121;686;0;0;3.495;97.4;0.108;4.544;0;3;3300;3300
db_buhler_1_dsp;;1,5968E+18;17.14;1596.3;986; OK;0;1020;194570;34;2.8;2.8;2.7;2.4;09/07/2020 13:11;5.15;1.84;1.25;32;3.22;1.98;28.82;12.61;4.54;8.36;dsp_parametros_60.txt;1043;1009;39;30;56.4;42.5;61.7;22046;6.76;1495;627;53.3;185727;0;766;174;167;4;750;190;61;29.6;12.18;0.99;47;data;173;'-13;116;153;124;114;119;689;0;0;3.479;97.7;0.107;4.762;0;3;3300;3300
db_buhler_1_dsp;;1,5968E+18;16.17;1596.4;986; OK;0;1020;194272;34;2.8;2.9;2.7;2.7;08/07/2020 05:48;5.15;1.66;1.11;31;3.28;2.88;28.32;12.62;4.76;8.47;dsp_parametros_60.txt;1044;1010;25;17;56.3;40.9;62.9;22073;6.72;1197;628;53.1;185429;0;757;173;166;3.98;751;189;67;29.6;12.13;1.03;10;data;166;'-13;110;146;116;102;107;689;0;0;3.691;97.5;0.108;4.801;0;3;3300;3300
db_buhler_1_dsp;;1,5968E+18;17.12;1596.3;985; OK;0;1019;194378;33;2.8;2.8;2.6;2.3;08/07/2020 08:40;5.15;1.72;1.18;33;3.22;1.95;28.94;12.62;4.52;8.38;dsp_parametros_60.txt;1042;1009;39;30;55.4;41.8;61.4;22035;6.7;1303;627;53.3;185535;0;767;175;168;3.99;750;193;65;29.94;12.12;0.98;116;data;173;'-13;115;154;125;115;120;688;0;0;3.459;97.9;0.107;4.521;0;3;3300;3300
db_buhler_1_dsp;;1,5968E+18;16.88;1596.4;986; OK;0;1022;194466;35;2.7;2.6;2.5;2.2;08/07/2020 11:22;5.15;1.86;1.25;29;3.21;2;28.68;12.62;4.53;8.42;dsp_parametros_60.txt;1046;1011;39;31;56.9;41.7;62.5;22026;6.7;1391;629;53;185623;0;769;176;168;3.97;750;189;64;29.9;12.09;0.98;204;data;173;'-13;116;154;124;115;121;685;0;0;3.469;97.8;0.107;4.858;0;3;3300;3300
db_buhler_1_dsp;;1,5968E+18;16.73;1596.2;985; OK;0;1020;194156;33;2.9;2.9;2.7;2.4;07/07/2020 15:00;5.15;1.81;1.25;32;3.23;1.99;28.46;12.61;4.51;8.48;dsp_parametros_60.txt;1043;1010;39;30;57.1;40.9;63.3;22024;6.74;1081;628;53.3;185313;0;769;176;169;4;749;191;64;29.88;12.15;0.98;115;data;173;'-13;116;154;125;115;121;684;0;0;3.455;97.6;0.108;4.696;0;3;3300;3300
db_buhler_1_dsp;;1,5968E+18;17;1596.4;986; OK;0;1020;194465;34;2.7;2.6;2.5;2.1;08/07/2020 11:20;5.14;1.83;1.24;31;3.21;2;28.44;12.62;4.56;8.51;dsp_parametros_60.txt;1044;1010;39;30;57.3;42.2;62.7;22040;6.76;1390;628;53.2;185622;0;768;176;168;3.99;750;192;62;29.86;12.18;0.98;203;data;173;'-13;116;155;124;115;121;685;0;0;3.494;97.5;0.108;4.539;0;3;3300;3300
db_buhler_1_dsp;;1,5968E+18;16.68;1596.4;986; OK;0;1021;194464;34;2.7;2.6;2.5;2.2;08/07/2020 11:19;5.15;1.83;1.24;29;3.21;1.98;28.48;12.62;4.55;8.54;dsp_parametros_60.txt;1046;1012;39;30;57.2;41.8;62.9;22063;6.72;1389;630;53.1;185621;0;767;176;168;3.98;750;193;61;29.64;12.12;0.98;202;data;174;'-13;116;154;124;115;121;685;0;0;3.488;97.3;0.108;4.841;0;3;3300;3300
db_buhler_1_dsp;;1,5968E+18;15.23;1596.3;987; OK;0;1022;194738;36;3.3;3.3;3.2;3.1;14/07/2020 06:03;5.15;1.64;1.13;30;3.31;2.93;27.24;12.62;4.78;8.47;dsp_parametros_60.txt;1045;1009;34;26;56;41.6;62.4;22078;6.66;1663;627;52.9;185895;0;756;173;166;3.96;751;191;68;29.58;12.09;1.04;14;data;168;'-13;113;149;120;106;110;685;0;0;3.715;96.2;0.107;4.786;0;3;3300;3300
db_buhler_1_dsp;;1,5968E+18;16.71;1596.3;986; OK;0;1020;194375;34;2.9;2.8;2.7;2.3;08/07/2020 08:35;5.15;1.81;1.24;31;3.21;1.98;28.5;12.62;4.52;8.39;dsp_parametros_60.txt;1044;1010;39;30;57.4;41;62.2;22124;6.68;1300;628;53.4;185532;0;767;175;168;4;750;189;64;29.86;12.09;0.99;113;data;174;'-13;116;154;125;115;121;683;0;0;3.453;97.5;0.107;4.819;0;3;3300;3300
db_buhler_1_dsp;;1,5968E+18;16.71;1596.3;986; OK;0;1020;194340;33;2.8;2.8;2.7;2.3;08/07/2020 07:38;5.14;1.83;1.24;32;3.23;1.98;28.4;12.61;4.49;8.68;dsp_parametros_60.txt;1043;1010;36;27;55.8;42.3;63;22068;6.66;1265;628;53.3;185497;0;767;175;167;4;750;193;63;30.16;12.07;0.99;78;data;172;'-13;115;152;124;113;119;688;0;0;3.428;97.7;0.107;4.708;0;3;3300;3300
db_buhler_1_dsp;;1,5968E+18;16.78;1596.4;986; OK;0;1020;194459;34;2.7;2.6;2.5;2.1;08/07/2020 11:10;5.15;1.81;1.24;31;3.21;2;28.46;12.61;4.56;8.42;dsp_parametros_60.txt;1044;1010;41;32;56;40.4;62.7;22044;6.7;1384;628;53.1;185616;0;767;176;168;3.98;749;192;63;29.94;12.11;0.98;197;data;173;'-13;116;154;124;115;121;683;0;0;3.498;97.4;0.108;4.761;0;3;3300;3300
db_buhler_1_dsp;;1,5968E+18;14.67;1596.4;992;LOK;0;1022;194266;35;2.8;2.9;2.8;2.8;08/07/2020 05:38;5.15;1.52;1.12;30;3.3;3.02;25.58;12.62;5.14;8.48;dsp_parametros_60.txt;1045;1010;23;14;55.8;41.3;63.6;22037;9.64;1191;628;50.6;185423;0;755;173;165;3.8;751;190;65;29.62;15.09;1.04;4;data;160;'-13;96;141;137;92;102;684;0;0;4.082;97.9;0.11;5.057;0;3;3300;3300
db_buhler_1_dsp;;1,5968E+18;16.59;1596.3;986; OK;0;1020;194336;34;2.9;2.8;2.7;2.4;08/07/2020 07:31;5.14;1.82;1.25;31;3.23;1.98;28.46;12.62;4.49;8.42;dsp_parametros_60.txt;1044;1010;35;26;56.8;43;62.8;22074;6.74;1261;628;53.2;185493;0;766;175;167;3.99;751;193;65;29.58;12.14;0.99;74;data;172;'-13;115;153;124;113;119;685;0;0;3.427;97;0.108;4.698;0;3;3300;3300
db_buhler_1_dsp;;1,5968E+18;16.62;1596.4;986; OK;0;1021;194456;34;2.7;2.6;2.5;2.1;08/07/2020 11:06;5.14;1.81;1.24;30;3.21;1.99;28.56;12.61;4.6;8.42;dsp_parametros_60.txt;1045;1011;39;30;57.1;42;62.8;22074;6.66;1381;629;53.1;185613;0;767;176;168;3.98;750;191;62;30.2;12.08;0.98;194;data;173;'-13;115;154;124;115;121;681;0;0;3.54;98;0.108;4.77;0;3;3300;3300
db_buhler_1_dsp;;1,5968E+18;16.63;1596.4;986; OK;0;1020;194452;34;2.7;2.6;2.5;2.2;08/07/2020 10:59;5.15;1.84;1.25;31;3.21;1.99;28.34;12.61;4.57;8.38;dsp_parametros_60.txt;1044;1010;39;30;55.7;41.3;62.9;22033;6.86;1377;628;53.2;185609;0;768;175;168;3.99;750;191;61;29.86;12.27;0.98;190;data;174;'-13;116;154;125;115;121;689;0;0;3.508;97.3;0.108;4.797;0;3;3300;3300
db_buhler_1_dsp;;1,5968E+18;16.68;1596.4;986; OK;0;1020;194446;34;2.7;2.6;2.6;2.2;08/07/2020 10:49;5.15;1.82;1.24;31;3.21;1.98;28.56;12.62;4.58;8.47;dsp_parametros_60.txt;1044;1010;39;30;56.7;41.7;62.9;22037;6.66;1371;628;53.1;185603;0;768;176;168;3.98;750;190;62;29.9;12.08;0.98;184;data;174;'-13;116;155;125;115;121;686;0;0;3.513;97.6;0.108;4.636;0;3;3300;3300
db_buhler_1_dsp;;1,5968E+18;16.82;1596.4;986; OK;0;1021;194445;34;2.8;2.7;2.6;2.2;08/07/2020 10:48;5.15;1.81;1.25;30;3.21;1.99;28.36;12.61;4.57;8.42;dsp_parametros_60.txt;1045;1011;39;30;58.1;42.1;62.6;22021;6.66;1370;629;53.1;185602;0;768;176;168;3.98;750;192;61;29.66;12.07;0.98;183;data;174;'-13;116;155;125;116;121;688;0;0;3.518;97;0.108;4.764;0;3;3300;3300
db_buhler_1_dsp;;1,5968E+18;16.74;1596.4;986; OK;0;1021;194433;34;2.8;2.7;2.6;2.3;08/07/2020 10:28;5.14;1.82;1.25;29;3.22;1.95;28.3;12.61;4.56;8.39;dsp_parametros_60.txt;1046;1012;40;31;56.4;41;63;22036;6.74;1358;630;53.1;185590;0;768;175;168;3.98;750;196;62;29.88;12.14;0.98;171;data;173;'-13;116;154;124;115;121;686;0;0;3.5;97.4;0.108;4.955;0;3;3300;3300
db_buhler_1_dsp;;1,5968E+18;16.78;1596.3;985; OK;0;1020;194180;33;2.7;2.8;2.6;2.3;07/07/2020 15:57;5.15;1.83;1.24;32;3.22;1.98;28.68;12.61;4.56;8.33;dsp_parametros_60.txt;1043;1010;38;28;57;41.4;61.8;22100;6.7;1105;628;53.2;185337;0;769;177;170;3.99;750;191;63;30.22;12.11;0.99;139;data;172;'-13;117;153;124;114;120;688;0;0;3.509;98;0.108;4.682;0;3;3300;3300
db_buhler_1_dsp;;1,5968E+18;16.91;1596.3;985; OK;0;1019;194179;33;2.7;2.7;2.5;2.3;07/07/2020 15:55;5.15;1.81;1.25;32;3.22;1.99;28.7;12.61;4.57;8.72;dsp_parametros_60.txt;1043;1010;38;28;57.1;41;61.2;22057;6.84;1104;628;53.2;185336;0;769;177;170;3.99;751;193;62;29.92;12.24;0.99;138;data;172;'-13;116;153;124;114;120;684;0;0;3.507;98.2;0.108;4.732;0;3;3300;3300
db_buhler_1_dsp;;1,5968E+18;16.23;1596.3;986; OK;0;1022;194881;34;2.8;2.6;2.6;2.2;14/07/2020 10:16;5.15;1.85;1.24;29;3.23;2.04;28.04;12.62;4.54;8.45;dsp_parametros_60.txt;1046;1012;38;29;56.9;41.6;62.8;22022;6.72;1806;630;53.2;186038;0;766;174;168;3.99;750;194;61;29.94;12.14;0.99;157;data;172;'-13;117;153;123;115;120;688;0;0;3.477;97;0.109;4.611;0;3;3300;3300
db_buhler_1_dsp;;1,5968E+18;16.14;1596.4;985; OK;0;1021;194883;33;2.8;2.6;2.6;2.2;14/07/2020 10:20;5.14;1.83;1.24;31;3.22;2.01;27.98;12.6;4.53;8.39;dsp_parametros_60.txt;1044;1011;39;31;56.5;41.5;63.2;22086;6.66;1808;629;53.2;186040;0;766;174;168;3.99;750;193;62;29.3;12.07;0.99;159;data;173;'-13;117;154;124;116;121;686;0;0;3.462;96.4;0.108;4.377;0;3;3300;3300
db_buhler_1_dsp;;1,5968E+18;16.67;1596.3;986; OK;0;1021;194246;34;2.7;2.8;2.6;2.3;07/07/2020 17:44;5.15;1.82;1.25;30;3.22;1.99;28.64;12.62;4.49;8.36;dsp_parametros_60.txt;1045;1011;38;29;56.8;41.9;63.2;22000;6.7;1171;629;53.1;185403;0;768;177;170;3.98;750;191;61;29.92;12.12;0.98;205;data;173;'-13;116;155;125;115;122;688;0;0;3.424;97.4;0.108;4.65;0;3;3300;3300
db_buhler_1_dsp;;1,5968E+18;16.64;1596.3;985; OK;0;1020;194252;34;2.7;2.8;2.6;2.3;07/07/2020 17:53;5.15;1.81;1.24;31;3.22;1.98;28.52;12.61;4.55;8.33;dsp_parametros_60.txt;1044;1010;38;29;57;41.8;63.6;22042;6.68;1177;628;53.2;185409;0;768;177;170;3.99;749;188;62;30.16;12.07;0.98;211;data;173;'-13;117;155;125;115;121;688;0;0;3.485;97.5;0.108;4.774;0;3;3300;3300
db_buhler_1_dsp;;1,5968E+18;16.94;1596.4;986; OK;0;1022;194255;34;2.7;2.7;2.5;2.2;07/07/2020 17:58;5.15;1.8;1.24;29;3.22;1.98;28.58;12.62;4.56;8.38;dsp_parametros_60.txt;1046;1012;38;29;57.1;42.2;64.3;22076;6.72;1180;630;53.1;185412;0;770;177;170;3.98;749;193;62;29.92;12.12;0.98;214;data;173;'-13;117;155;125;115;122;690;0;0;3.501;97.5;0.108;4.855;0;3;3300;3300
db_buhler_1_dsp;;1,5968E+18;16.79;1596.3;986; OK;0;1021;194251;34;2.8;2.8;2.6;2.3;07/07/2020 17:52;5.15;1.8;1.25;31;3.22;1.98;28.44;12.61;4.55;8.33;dsp_parametros_60.txt;1044;1010;38;29;57.2;40.2;63.4;22068;6.72;1176;628;53.1;185408;0;768;177;170;3.98;750;191;61;29.66;12.12;0.98;210;data;173;'-13;116;155;125;115;122;683;0;0;3.483;97.1;0.108;4.492;0;3;3300;3300
db_buhler_1_dsp;;1,5968E+18;16.82;1596.3;985; OK;0;1020;194254;34;2.8;2.8;2.6;2.3;07/07/2020 17:57;5.15;1.82;1.24;31;3.21;1.98;28.74;12.62;4.53;8.37;dsp_parametros_60.txt;1044;1010;38;29;57.8;41.6;63;22075;6.72;1179;628;53.2;185411;0;770;177;170;3.99;750;192;62;29.86;12.11;0.98;213;data;173;'-13;116;154;125;115;121;690;0;0;3.464;97.5;0.108;4.648;0;3;3300;3300
db_buhler_1_dsp;;1,5968E+18;16.87;1596.4;986; OK;0;1021;194253;34;2.7;2.7;2.5;2.2;07/07/2020 17:55;5.15;1.81;1.24;30;3.22;1.98;28.4;12.62;4.55;8.38;dsp_parametros_60.txt;1045;1011;38;29;58;40.3;63.1;22048;6.7;1178;629;53.1;185410;0;768;177;170;3.98;750;192;63;30.18;12.1;0.98;212;data;173;'-13;116;154;125;115;121;689;0;0;3.487;97.5;0.108;4.88;0;3;3300;3300
db_buhler_1_dsp;;1,5968E+18;16.77;1596.3;0;BAD;0;1021;194262;34;3.5;3.2;3.4;3;08/07/2020 05:23;5.15;1.82;1.25;30;3.21;1.99;28.5;12.62;4.52;41.72;dsp_parametros_60.txt;1045;1011;38;29;57.4;41.8;63.1;22052;6.68;1187;629;0;185419;0;770;178;184;3.98;751;190;63;29.54;5.65;1.07;221;data;173;'-13;116;154;125;116;122;681;0;0;0;97;0.108;0;0;3;3300;3300
db_buhler_1_dsp;;1,5968E+18;16.79;1596.3;986; OK;0;1020;194257;34;2.8;2.8;2.6;2.2;07/07/2020 18:02;5.15;1.8;1.24;31;3.21;1.99;28.72;12.61;4.53;8.3;dsp_parametros_60.txt;1044;1010;38;29;59.4;41.5;62.5;22028;6.68;1182;628;53.1;185414;0;768;177;170;3.98;750;193;63;29.84;12.09;0.98;216;data;174;'-13;117;155;125;116;122;683;0;0;3.466;97.4;0.108;4.663;0;3;3300;3300
db_buhler_1_dsp;;1,5968E+18;16.49;1596.3;986; OK;0;1022;194258;34;2.7;2.8;2.6;2.3;07/07/2020 18:03;5.15;1.81;1.24;29;3.22;1.98;28.56;12.62;4.52;8.38;dsp_parametros_60.txt;1046;1012;38;29;57.3;41.1;63.9;22042;6.66;1183;630;53.1;185415;0;768;177;170;3.98;749;192;64;29.68;12.06;0.98;217;data;174;'-13;116;155;125;116;122;681;0;0;3.459;97.1;0.108;4.796;0;3;3300;3300
db_buhler_1_dsp;;1,5968E+18;16.76;1596.3;986; OK;0;1021;194259;34;2.7;2.8;2.6;2.2;07/07/2020 18:05;5.15;1.82;1.25;30;3.21;1.99;28.22;12.61;4.54;8.31;dsp_parametros_60.txt;1045;1011;38;29;58;41.6;64.2;22028;6.7;1184;629;53.1;185416;0;770;177;170;3.98;750;192;63;29.7;12.11;0.98;218;data;174;'-13;117;155;125;115;122;685;0;0;3.475;96.9;0.108;4.83;0;3;3300;3300
db_buhler_1_dsp;;1,5968E+18;16.91;1596.3;986; OK;0;1021;194260;33;2.7;2.8;2.6;2.2;07/07/2020 18:06;5.15;1.81;1.25;31;3.21;2;28.48;12.61;4.51;8.33;dsp_parametros_60.txt;1044;1011;38;29;57.1;41.3;63.6;22030;6.7;1185;629;53.1;185417;0;770;177;170;3.98;750;190;63;29.76;12.11;0.98;219;data;174;'-13;117;154;125;115;122;678;0;0;3.447;97.1;0.108;4.501;0;3;3300;3300
db_buhler_1_dsp;;1,5968E+18;14.18;1596.4;930;BAD;0;1021;194263;20;3.2;3.3;3.1;3.2;08/07/2020 05:33;5.15;1.82;1.25;35;3.32;1.99;28.5;12.62;5.24;7.85;dsp_parametros_60.txt;1040;1020;0;0;0.1;0.1;'-0.1;22002;20.9;1188;638;25.8;185420;0;290;176;170;1.93;250;191;22;29.54;30.72;1.07;1;data;24;'-13;23;24;22;25;25;690;0;0;4.18;0;0.202;5.209;0;3;3300;3300
db_buhler_1_dsp;;1,5968E+18;13.63;1596.4;930;BAD;0;1019;194264;23;2.9;3;2.8;2.9;08/07/2020 05:35;5.15;1.51;1.13;34;3.3;3.16;26.22;12.62;5.28;7.86;dsp_parametros_60.txt;1041;1018;0;0;0;0;'-0.1;21964;16.16;1189;636;25.8;185421;0;287;173;165;1.93;250;190;28;29.68;21.65;1.06;2;data;85;'-13;58;88;75;55;61;687;0;0;4.232;105.1;0.201;5.776;0;3;3300;3300
db_buhler_1_dsp;;1,5968E+18;13.6;1596.4;930;BAD;0;1016;194265;21;2.8;2.9;2.8;2.8;08/07/2020 05:36;5.15;1.51;1.11;38;3.29;3.09;25.7;12.61;5.29;8.73;dsp_parametros_60.txt;1037;1016;0;0;0.1;0;'-0.2;22028;13.46;1190;634;25.8;185422;0;298;173;164;1.93;250;193;22;29.9;18.93;1.05;3;data;134;'-13;82;127;122;82;91;685;0;0;4.232;102.5;0.201;5.446;0;3;3300;3300
db_buhler_1_dsp;;1,5968E+18;15.35;1596.4;986; OK;0;1024;194268;34;2.7;2.9;2.7;2.7;08/07/2020 05:41;5.14;1.61;1.1;28;3.29;2.95;27.12;12.62;4.79;8.44;dsp_parametros_60.txt;1047;1013;22;15;55.9;42.1;63.4;21975;6.88;1193;631;52.9;185425;0;756;173;166;3.97;751;189;67;29.94;12.33;1.04;6;data;162;'-13;107;142;117;96;101;686;0;0;3.725;96.8;0.108;4.632;0;3;3300;3300
db_buhler_1_dsp;;1,5968E+18;15.59;1596.4;986; OK;0;1023;194269;34;2.7;2.8;2.6;2.7;08/07/2020 05:43;5.14;1.63;1.1;29;3.29;2.93;27.58;12.61;4.78;8.45;dsp_parametros_60.txt;1046;1012;23;15;54.9;42.1;61.9;22034;6.64;1194;630;53.2;185426;0;756;173;166;3.99;751;190;67;29.9;12.06;1.04;7;data;163;'-13;108;143;116;98;102;687;0;0;3.718;96.8;0.108;4.65;0;3;3300;3300
db_buhler_1_dsp;;1,5968E+18;16.34;1596.3;986; OK;0;1022;194281;34;2.8;2.9;2.7;2.6;08/07/2020 06:02;5.15;1.68;1.19;29;3.28;2.4;28.5;12.62;4.74;8.4;dsp_parametros_60.txt;1046;1012;27;19;55.5;41.6;62.2;22095;6.84;1206;630;53.1;185438;0;759;173;166;3.98;751;194;63;29.88;12.25;1.01;19;data;168;'-13;112;148;119;107;112;687;0;0;3.674;97.7;0.108;4.928;0;3;3300;3300
db_buhler_1_dsp;;1,5968E+18;15.02;1596.4;990;LOK;0;1023;194267;34;2.7;2.8;2.6;2.7;08/07/2020 05:40;5.15;1.62;1.11;29;3.29;2.84;26.72;12.61;4.91;8.71;dsp_parametros_60.txt;1046;1012;22;14;56.6;41.7;63.4;22076;6.64;1192;630;52.4;185424;0;757;173;166;3.93;750;191;66;29.86;12.08;1.04;5;data;162;'-13;103;141;122;94;100;683;0;0;3.841;96.3;0.108;4.713;0;3;3300;3300
db_buhler_1_dsp;;1,5968E+18;14.62;1596.2;993;LOT;0;1020;194002;39;2.8;2.9;2.8;2.9;26/06/2020 13:35;5.15;1.55;1.12;34;3.34;3.01;25.52;12.62;5.31;8.54;dsp_parametros_60.txt;1041;1002;38;30;56.3;38.5;61;22037;18.6;927;620;50.5;185159;0;754;171;163;3.78;750;189;71;30.58;24.07;1.06;6;data;162;'-13;96;140;129;100;104;648;0;0;4.248;108;0.109;4.915;0;3;3300;3300
db_buhler_1_dsp;;1,5968E+18;16.23;1596.4;985; OK;0;1021;194271;34;2.7;2.8;2.6;2.6;08/07/2020 05:46;5.15;1.65;1.1;31;3.29;2.91;28;12.62;4.77;8.47;dsp_parametros_60.txt;1044;1010;24;16;56.4;42.7;63.1;22040;6.68;1196;628;53.1;185428;0;756;173;166;3.98;750;190;67;29.86;12.11;1.03;9;data;165;'-13;109;145;116;101;105;688;0;0;3.702;97.4;0.108;4.629;0;3;3300;3300
db_buhler_1_dsp;;1,5968E+18;16.45;1596.4;986; OK;0;1022;194280;33;2.8;2.9;2.7;2.7;08/07/2020 06:01;5.15;1.75;1.26;30;3.27;2.4;28.14;12.62;4.72;8.4;dsp_parametros_60.txt;1045;1012;27;19;56.5;41.5;62.5;22052;6.66;1205;630;53.1;185437;0;759;172;166;3.98;750;194;64;30.22;12.07;1.01;18;data;168;'-13;112;148;119;107;112;688;0;0;3.661;97.6;0.108;4.844;0;3;3300;3300
db_buhler_1_dsp;;1,5968E+18;14.8;1596.1;984; OK;0;1019;193991;33;3;3.1;2.9;2.7;27/05/2020 12:42;5.15;1.79;1.25;33;3.25;2.26;26.6;12.62;4.74;8.59;dsp_parametros_60.txt;1042;1009;34;27;56.5;43;64.6;22074;6.66;916;627;53.2;185148;0;759;171;164;3.99;750;190;63;30.22;12.04;0.99;39;data;171;'-13;115;152;123;125;117;684;0;0;3.676;96.1;0.107;5.057;0;3;3300;3300
db_buhler_1_dsp;;1,5968E+18;14.66;1596.1;984; OK;0;1019;193995;33;3.1;3.1;3;2.8;27/05/2020 12:48;5.15;1.8;1.26;34;3.25;2.19;26.4;12.61;4.7;8.39;dsp_parametros_60.txt;1041;1008;35;27;56.9;44.4;66;22073;6.78;920;626;53.2;185152;0;761;171;164;3.99;750;190;62;29.24;12.15;0.98;43;data;172;'-13;116;153;123;126;118;675;0;0;3.64;94.8;0.108;4.799;0;3;3300;3300
db_buhler_1_dsp;;1,5968E+18;16.5;1596.2;985; OK;0;1020;194108;33;3;3;2.9;2.6;07/07/2020 13:42;5.14;1.8;1.26;33;3.23;2.03;28.16;12.62;4.62;8.65;dsp_parametros_60.txt;1042;1009;51;42;57.8;41.6;63.1;22070;6.68;1033;627;53.2;185265;0;764;175;167;3.99;750;191;65;29.9;12.09;0.99;67;data;175;'-13;119;156;127;116;122;683;0;0;3.559;97.5;0.108;4.605;0;3;3300;3300
db_buhler_1_dsp;;1,5968E+18;16.46;1596.2;984; OK;0;1020;194128;33;2.9;2.9;2.7;2.4;07/07/2020 14:14;5.15;1.79;1.24;32;3.23;2.02;28.22;12.62;4.6;8.65;dsp_parametros_60.txt;1043;1010;39;29;56.3;40;62.6;22028;6.64;1053;628;53.3;185285;0;765;176;168;4;749;194;62;29.9;12.05;0.99;87;data;176;'-13;119;157;127;117;122;686;0;0;3.536;97.4;0.108;4.884;0;3;3300;3300
db_buhler_1_dsp;;1,5968E+18;16.64;1596.2;985; OK;0;1020;194134;34;2.9;2.9;2.7;2.4;07/07/2020 14:24;5.15;1.8;1.24;31;3.23;1.98;28.36;12.61;4.57;8.4;dsp_parametros_60.txt;1044;1010;39;30;57.3;41.3;64;22043;6.76;1059;628;53.4;185291;0;767;176;168;4;750;194;62;29.54;12.17;0.99;93;data;173;'-13;117;154;125;115;120;688;0;0;3.509;97.1;0.108;4.762;0;3;3300;3300
db_buhler_1_dsp;;1,5968E+18;16.09;1596.3;986; OK;0;1022;194273;34;2.8;2.9;2.7;2.7;08/07/2020 05:49;5.15;1.66;1.11;30;3.28;2.89;28.22;12.62;4.74;8.42;dsp_parametros_60.txt;1045;1011;25;17;57.5;42.5;64;22097;6.66;1198;629;53;185430;0;757;173;166;3.97;750;191;68;29.98;12.07;1.03;11;data;166;'-13;110;147;117;103;107;687;0;0;3.679;97.4;0.108;4.869;0;3;3300;3300
db_buhler_1_dsp;;1,5968E+18;16.58;1596.3;987; OK;0;1022;194277;33;2.8;2.9;2.7;2.7;08/07/2020 05:56;5.15;1.75;1.25;30;3.27;2.51;28.18;12.62;4.76;8.41;dsp_parametros_60.txt;1045;1012;27;18;56.6;41.8;62.5;22026;6.7;1202;630;53;185434;0;758;173;166;3.97;750;190;70;29.9;12.11;1.02;15;data;167;'-13;111;148;118;105;110;685;0;0;3.691;97.6;0.108;4.756;0;3;3300;3300
db_buhler_1_dsp;;1,5968E+18;14.22;1596.2;990;LOK;0;1020;194011;33;2.8;3.1;2.8;3;01/07/2020 11:23;5.14;1.53;1.13;33;3.41;3.55;26.12;12.62;5.41;8.48;dsp_parametros_60.txt;1042;1009;28;22;55;57.7;61.8;21924;9.44;936;627;50.5;185168;0;756;168;160;3.79;750;193;69;30.9;14.95;1.11;4;data;159;'-13;92;140;135;97;99;670;0;0;4.348;99.9;0.11;5.24;0;3;3300;3300
db_buhler_1_dsp;;1,5968E+18;16.59;1596.2;984; OK;0;1018;194098;32;3;3.1;2.9;2.6;07/07/2020 13:25;5.15;1.77;1.25;34;3.24;2.02;28.4;12.61;4.61;8.76;dsp_parametros_60.txt;1041;1009;50;41;58.3;41.1;63.2;22032;6.68;1023;627;53.3;185255;0;764;175;167;4;750;194;66;29.86;12.09;1;57;data;175;'-13;119;155;126;115;122;686;0;0;3.558;97.6;0.108;4.771;0;3;3300;3300
db_buhler_1_dsp;;1,5968E+18;16.7;1596.2;984; OK;0;1019;194096;32;3;3.1;2.9;2.6;07/07/2020 13:22;5.15;1.77;1.25;33;3.24;2.03;28.14;12.61;4.59;8.53;dsp_parametros_60.txt;1042;1010;49;41;58.5;41;64.2;22048;6.68;1021;628;53.3;185253;0;765;175;167;4;750;194;63;29.64;12.09;1;55;data;175;'-13;119;155;127;115;122;685;0;0;3.529;97;0.108;4.667;0;3;3300;3300
db_buhler_1_dsp;;1,5968E+18;15.18;1596.3;986; OK;0;1026;194040;34;3.1;3.3;3.2;3.2;07/07/2020 11:51;5.15;1.61;1.11;26;3.34;3.08;27.52;12.61;4.88;8.54;dsp_parametros_60.txt;1049;1015;38;30;57.9;41.4;63.7;22101;6.9;965;633;53;185197;0;755;173;166;3.97;752;191;72;30.28;12.35;1.06;6;data;164;'-13;110;142;119;96;101;687;0;0;3.818;97.7;0.109;4.762;0;3;3300;3300
db_buhler_1_dsp;;1,5968E+18;16.56;1596.1;985; OK;0;1020;194117;34;3;3;2.8;2.5;07/07/2020 13:56;5.15;1.78;1.24;31;3.23;1.99;27.92;12.61;4.62;8.44;dsp_parametros_60.txt;1044;1010;52;43;57.4;41.2;64.2;22048;6.74;1042;628;53.2;185274;0;765;175;168;3.99;751;191;65;29.66;12.14;0.99;76;data;176;'-13;119;157;128;117;123;688;0;0;3.558;96.8;0.108;4.962;0;3;3300;3300
db_buhler_1_dsp;;1,5968E+18;16.8;1596.1;985; OK;0;1020;194110;32;3;3;2.8;2.5;07/07/2020 13:45;5.15;1.8;1.25;33;3.23;2.03;28.26;12.62;4.58;8.41;dsp_parametros_60.txt;1042;1010;51;43;58.4;40.4;63;22050;6.66;1035;628;53.3;185267;0;766;175;167;4;750;191;64;29.58;12.05;0.99;69;data;176;'-13;119;156;128;116;123;688;0;0;3.519;96.8;0.108;4.56;0;3;3300;3300
db_buhler_1_dsp;;1,5968E+18;13.52;1596.2;930;BAD;0;1016;194005;22;3;3.2;3;3.2;29/06/2020 08:44;5.15;1.52;1.14;38;3.4;4.13;26.18;12.62;5.46;8.27;dsp_parametros_60.txt;1037;1015;0;0;0.1;0;'-0.1;21494;31.62;930;633;25.7;185162;0;294;171;164;1.93;250;192;23;30.62;37.31;1.14;9;data;84;'-13;63;74;74;51;55;671;0;0;4.408;542.2;0.202;5.554;0;3;3300;3300
db_buhler_1_dsp;;1,5968E+18;16.62;1596.1;984; OK;0;1019;194105;33;3;3;2.8;2.5;07/07/2020 13:37;5.15;1.79;1.25;33;3.23;2.05;28.04;12.63;4.6;8.41;dsp_parametros_60.txt;1042;1009;51;42;57.7;41.2;64.5;22054;6.7;1030;627;53.3;185262;0;764;175;167;4;750;192;63;29.92;12.11;1;64;data;176;'-13;119;156;127;116;122;688;0;0;3.541;97.1;0.108;4.726;0;3;3300;3300
db_buhler_1_dsp;;1,5968E+18;16.42;1596.2;985; OK;0;1020;194102;33;3;3.1;2.9;2.6;07/07/2020 13:32;5.15;1.78;1.25;32;3.23;2.01;28.22;12.62;4.61;8.45;dsp_parametros_60.txt;1043;1010;50;42;57.9;40.2;63.8;22059;6.76;1027;628;53.2;185259;0;764;175;167;3.99;750;190;64;30.18;12.15;1;61;data;175;'-13;119;155;127;116;122;688;0;0;3.553;97.6;0.108;4.742;0;3;3300;3300
db_buhler_1_dsp;;1,5968E+18;16.51;1596.1;985; OK;0;1020;194101;34;3;3;2.8;2.6;07/07/2020 13:30;5.15;1.8;1.25;31;3.23;2.03;28.24;12.62;4.59;8.43;dsp_parametros_60.txt;1044;1010;50;41;57.5;41.5;64;22010;6.66;1026;628;53.2;185258;0;765;175;167;3.99;750;192;65;29.46;12.07;1;60;data;175;'-13;119;156;127;116;122;688;0;0;3.53;96.9;0.108;4.851;0;3;3300;3300
db_buhler_1_dsp;;1,5968E+18;17.1;1596.3;985; OK;0;1020;194175;33;2.7;2.8;2.6;2.3;07/07/2020 15:48;5.15;1.8;1.25;32;3.23;2;28.78;12.62;4.57;8.38;dsp_parametros_60.txt;1043;1010;38;28;57.1;41;61.6;22071;6.74;1100;628;53.1;185332;0;768;177;170;3.98;750;193;63;30.22;12.15;0.99;134;data;172;'-13;116;153;124;114;120;688;0;0;3.511;98.1;0.108;4.709;0;3;3300;3300
db_buhler_1_dsp;;1,5968E+18;16.78;1596.3;986; OK;0;1022;194188;33;2.8;2.8;2.6;2.3;07/07/2020 16:10;5.15;1.82;1.25;30;3.23;1.97;28.82;12.62;4.57;8.33;dsp_parametros_60.txt;1045;1012;38;29;57;40.6;62.4;22047;6.64;1113;630;53.2;185345;0;770;177;170;3.99;750;191;62;29.68;12.04;0.99;147;data;173;'-13;117;153;124;115;120;683;0;0;3.503;97.5;0.108;4.642;0;3;3300;3300
db_buhler_1_dsp;;1,5968E+18;16.86;1596.3;986; OK;0;1020;194229;34;2.8;2.8;2.6;2.3;07/07/2020 17:16;5.15;1.82;1.24;31;3.21;1.99;28.64;12.62;4.61;8.33;dsp_parametros_60.txt;1044;1010;39;30;57.2;41;62.2;22061;6.74;1154;628;53.1;185386;0;768;177;170;3.98;750;190;63;29.96;12.15;0.98;188;data;173;'-13;117;154;125;115;121;683;0;0;3.551;97.8;0.108;4.718;0;3;3300;3300
db_buhler_1_dsp;;1,5968E+18;16.61;1596.1;985; OK;0;1021;194093;33;3;3;2.9;2.6;07/07/2020 13:17;5.15;1.78;1.24;31;3.24;2.04;28.04;12.61;4.62;8.44;dsp_parametros_60.txt;1044;1011;49;40;57.3;41;63.4;22034;6.72;1018;629;53.2;185250;0;764;174;167;3.99;750;194;63;29.68;12.13;1;52;data;175;'-13;119;155;126;115;121;684;0;0;3.559;97;0.108;4.832;0;3;3300;3300
db_buhler_1_dsp;;1,5968E+18;16.55;1596.1;984; OK;0;1020;194094;33;3;3.1;2.9;2.6;07/07/2020 13:19;5.15;1.78;1.25;32;3.24;2.04;28.36;12.62;4.65;8.53;dsp_parametros_60.txt;1043;1010;49;40;57;40.8;63.7;22036;6.76;1019;628;53.3;185251;0;763;174;167;4;750;192;63;29.62;12.16;1;53;data;175;'-13;119;155;126;115;121;684;0;0;3.585;97.2;0.108;4.959;0;3;3300;3300
db_buhler_1_dsp;;1,5968E+18;16.76;1596.2;985; OK;0;1020;194132;33;2.9;2.9;2.7;2.4;07/07/2020 14:21;5.15;1.81;1.25;32;3.23;2.02;28.24;12.61;4.61;8.51;dsp_parametros_60.txt;1043;1010;37;28;58.2;41.3;62.2;22024;6.7;1057;628;53.4;185289;0;765;176;168;4;750;193;63;29.96;12.1;0.99;91;data;173;'-13;117;153;124;115;120;688;0;0;3.543;97.6;0.108;4.896;0;3;3300;3300
db_buhler_1_dsp;;1,5968E+18;16.99;1596.3;986; OK;0;1022;194173;34;2.7;2.8;2.6;2.3;07/07/2020 15:45;5.15;1.8;1.24;29;3.23;2.03;28.54;12.62;4.55;8.51;dsp_parametros_60.txt;1046;1012;38;28;57.3;41.1;63.4;22051;6.66;1098;630;53.2;185330;0;768;177;170;3.99;751;190;62;29.66;12.06;0.98;132;data;172;'-13;117;153;124;114;120;689;0;0;3.49;97.2;0.108;4.861;0;3;3300;3300
db_buhler_1_dsp;;1,5968E+18;16.66;1596.3;986; OK;0;1021;194184;34;2.8;2.8;2.6;2.3;07/07/2020 16:03;5.15;1.81;1.24;30;3.22;1.99;28.6;12.61;4.56;8.36;dsp_parametros_60.txt;1045;1011;38;28;57.4;41.5;62.4;22053;6.76;1109;629;53.1;185341;0;769;177;170;3.98;750;192;62;29.64;12.16;0.98;143;data;173;'-13;116;153;124;115;121;684;0;0;3.494;97.3;0.108;4.849;0;3;3300;3300
db_buhler_1_dsp;;1,5968E+18;16.75;1596.3;985; OK;0;1020;194225;33;2.8;2.8;2.6;2.3;07/07/2020 17:10;5.15;1.81;1.24;32;3.21;1.99;28.82;12.61;4.56;8.39;dsp_parametros_60.txt;1043;1010;39;30;56.5;40.7;62;22055;6.66;1150;628;53.2;185382;0;769;177;170;3.99;750;193;63;29.96;12.06;0.98;184;data;173;'-13;117;154;125;115;122;678;0;0;3.504;97.9;0.108;4.692;0;3;3300;3300
db_buhler_1_dsp;;1,5968E+18;16.88;1596.3;986; OK;0;1020;194235;34;2.8;2.8;2.6;2.3;07/07/2020 17:26;5.15;1.8;1.24;31;3.21;1.98;28.7;12.61;4.55;8.34;dsp_parametros_60.txt;1044;1010;39;29;56.7;41.5;62.6;22082;6.74;1160;628;53.1;185392;0;769;178;170;3.98;750;189;63;29.6;12.16;0.99;194;data;173;'-13;117;154;125;115;121;686;0;0;3.485;97.5;0.108;4.617;0;3;3300;3300
db_buhler_1_dsp;;1,5968E+18;16.69;1596.4;986; OK;0;1022;194237;34;2.7;2.7;2.6;2.2;07/07/2020 17:29;5.14;1.8;1.24;29;3.22;1.98;28.62;12.61;4.52;8.35;dsp_parametros_60.txt;1046;1012;39;29;56.3;41.8;62.9;22031;6.66;1162;630;53;185394;0;769;177;170;3.98;749;189;62;29.92;12.06;0.98;196;data;173;'-13;116;154;125;115;122;688;0;0;3.466;97.5;0.108;4.595;0;3;3300;3300
db_buhler_1_dsp;;1,5968E+18;16.8;1596.3;986; OK;0;1021;194176;33;2.8;2.8;2.7;2.4;07/07/2020 15:50;5.15;1.8;1.24;30;3.22;1.98;28.8;12.61;4.6;8.3;dsp_parametros_60.txt;1045;1012;38;28;57.2;40.1;62.2;22102;6.74;1101;630;53.1;185333;0;768;177;170;3.98;750;193;63;30.18;12.16;0.99;135;data;172;'-13;116;153;124;114;120;685;0;0;3.541;98;0.108;4.8;0;3;3300;3300
db_buhler_1_dsp;;1,5968E+18;16.5;1596.3;985; OK;0;1020;194289;33;2.9;2.9;2.8;2.6;08/07/2020 06:15;5.15;1.78;1.26;32;3.25;2.23;28.44;12.61;4.62;8.41;dsp_parametros_60.txt;1043;1010;29;21;57.1;41.2;63.3;22073;6.72;1214;628;53.3;185446;0;762;173;166;3.99;749;192;62;29.52;12.13;1;27;data;169;'-13;112;150;121;109;114;686;0;0;3.554;97;0.107;4.785;0;3;3300;3300
db_buhler_1_dsp;;1,5968E+18;16.69;1596.3;986; OK;0;1021;194190;33;2.7;2.8;2.6;2.3;07/07/2020 16:13;5.15;1.8;1.25;30;3.22;1.97;28.56;12.61;4.56;8.47;dsp_parametros_60.txt;1045;1012;38;29;57.1;40.9;62.6;22100;6.72;1115;630;53.1;185347;0;769;177;170;3.98;750;193;62;29.78;12.12;0.99;149;data;172;'-13;117;153;124;115;120;684;0;0;3.494;97.6;0.108;4.697;0;3;3300;3300
db_buhler_1_dsp;;1,5968E+18;16.15;1596.3;985; OK;0;1021;194050;33;3.1;3.3;3;3;07/07/2020 12:07;5.15;1.63;1.11;31;3.29;2.9;27.96;12.62;4.8;8.45;dsp_parametros_60.txt;1044;1011;40;31;58.4;41;63.2;22039;6.98;975;629;53.3;185207;0;756;173;166;3.99;750;188;65;30.36;12.42;1.03;9;data;168;'-13;114;149;121;107;112;685;0;0;3.732;98;0.108;4.896;0;3;3300;3300
db_buhler_1_dsp;;1,5968E+18;16.6;1596.2;986; OK;0;1020;194142;33;2.9;2.9;2.7;2.4;07/07/2020 14:37;5.15;1.8;1.24;31;3.23;2.01;28.48;12.61;4.6;8.41;dsp_parametros_60.txt;1044;1011;39;30;56.8;40.3;64.1;22069;6.68;1067;629;53.3;185299;0;766;176;169;4;749;192;63;29.9;12.08;0.99;101;data;173;'-13;117;154;125;115;121;686;0;0;3.535;97.5;0.108;4.842;0;3;3300;3300
db_buhler_1_dsp;;1,5968E+18;16.68;1596.3;986; OK;0;1021;194211;33;2.7;2.8;2.6;2.3;07/07/2020 16:47;5.15;1.8;1.24;31;3.22;2;28.6;12.62;4.54;8.33;dsp_parametros_60.txt;1044;1011;38;29;56.9;41.4;63.4;22061;6.72;1136;629;53.1;185368;0;769;177;170;3.98;750;191;64;29.66;12.13;0.98;170;data;173;'-13;117;154;125;115;121;684;0;0;3.476;97.4;0.108;4.399;0;3;3300;3300
db_buhler_1_dsp;;1,5968E+18;16.75;1596.4;986; OK;0;1020;194230;34;2.7;2.7;2.6;2.2;07/07/2020 17:18;5.15;1.81;1.25;31;3.22;1.98;28.64;12.62;4.61;8.41;dsp_parametros_60.txt;1044;1010;38;29;57.3;40.6;63.2;22072;6.74;1155;628;53.1;185387;0;769;177;170;3.98;750;191;62;29.52;12.14;0.99;189;data;173;'-13;116;154;125;115;121;683;0;0;3.543;97.2;0.108;4.788;0;3;3300;3300
db_buhler_1_dsp;;1,5968E+18;16.66;1596.3;986; OK;0;1021;194297;34;2.9;2.9;2.8;2.5;08/07/2020 06:28;5.15;1.8;1.24;31;3.24;2.1;28.58;12.62;4.57;8.44;dsp_parametros_60.txt;1044;1010;30;22;56.7;41.5;63.1;22029;6.68;1222;628;53.1;185454;0;764;174;166;3.98;749;190;64;29.6;12.09;1;35;data;170;'-13;114;151;121;110;116;685;0;0;3.507;97.2;0.108;4.52;0;3;3300;3300
db_buhler_1_dsp;;1,5968E+18;16.49;1596.3;987; OK;0;1022;194309;34;2.9;2.9;2.8;2.5;08/07/2020 06:48;5.15;1.78;1.24;30;3.23;2.04;28.04;12.62;4.56;8.43;dsp_parametros_60.txt;1045;1011;32;23;56.9;41.5;62.3;22063;6.68;1234;629;53.2;185466;0;765;174;166;3.99;750;191;64;29.9;12.1;1;47;data;170;'-13;114;152;122;111;117;684;0;0;3.499;97;0.108;4.677;0;3;3300;3300
db_buhler_1_dsp;;1,5968E+18;16.78;1596.3;986; OK;0;1020;194218;33;2.8;2.8;2.6;2.3;07/07/2020 16:58;5.15;1.81;1.25;31;3.22;1.99;28.42;12.61;4.58;8.33;dsp_parametros_60.txt;1044;1011;38;29;58.8;41.1;62.1;22068;6.72;1143;629;53.2;185375;0;769;177;170;3.99;750;194;63;30.22;12.14;0.98;177;data;173;'-13;117;154;125;115;121;683;0;0;3.514;97.6;0.108;4.652;0;3;3300;3300
db_buhler_1_dsp;;1,5968E+18;15.99;1596.3;986; OK;0;1025;194042;34;3.3;3.5;3.2;3.3;07/07/2020 11:54;5.14;1.63;1.11;27;3.32;3.03;28.12;12.62;4.84;8.47;dsp_parametros_60.txt;1048;1014;39;31;56.9;40.6;62.6;22015;6.86;967;632;53.1;185199;0;755;173;166;3.98;750;190;66;30.52;12.35;1.05;1;data;166;'-13;112;145;118;101;105;688;0;0;3.788;98.3;0.109;4.776;0;3;3300;3300
db_buhler_1_dsp;;1,5968E+18;16.52;1596.4;986; OK;0;1020;194282;34;2.9;2.9;2.8;2.7;08/07/2020 06:04;5.15;1.78;1.27;31;3.26;2.37;28.18;12.62;4.73;8.44;dsp_parametros_60.txt;1044;1010;28;19;56.2;41;61.9;22099;6.72;1207;628;53.1;185439;0;760;173;166;3.98;751;192;63;30.18;12.13;1.01;20;data;168;'-13;111;148;120;107;112;684;0;0;3.664;97.6;0.108;4.932;0;3;3300;3300
db_buhler_1_dsp;;1,5968E+18;16.87;1596.4;986; OK;0;1021;194429;33;2.8;2.8;2.7;2.3;08/07/2020 10:22;5.15;1.83;1.24;31;3.21;1.98;28.38;12.61;4.57;8.38;dsp_parametros_60.txt;1044;1011;40;31;56.4;41;63.6;22075;6.78;1354;629;53.1;185586;0;767;176;168;3.98;750;190;62;29.9;12.18;0.98;167;data;173;'-13;116;154;125;115;121;685;0;0;3.504;97.5;0.108;4.564;0;3;3300;3300
db_buhler_1_dsp;;1,5968E+18;13.65;1596.2;930;BAD;0;1016;194000;19;2.8;3;2.9;3;26/06/2020 13:32;5.15;1.52;1.12;41;3.34;3.11;25.72;12.62;5.45;8.52;dsp_parametros_60.txt;1034;1015;0;0;0;0;'-0.1;21873;12.6;925;633;25.7;185157;0;320;171;162;1.93;250;190;29;30.56;18.07;1.08;4;data;141;'-13;93;136;131;89;98;649;0;0;4.399;102.5;0.202;5.281;0;3;3300;3300
db_buhler_1_dsp;;1,5968E+18;16.78;1596.4;986; OK;0;1021;194409;33;2.7;2.6;2.5;2.2;08/07/2020 09:49;5.14;1.81;1.24;31;3.22;1.99;28.44;12.61;4.57;8.66;dsp_parametros_60.txt;1044;1011;39;30;56.7;41;62;22061;6.74;1334;629;53.2;185566;0;768;175;168;3.99;750;192;62;29.92;12.15;0.99;147;data;171;'-13;116;152;123;114;119;687;0;0;3.506;97.7;0.108;4.546;0;3;3300;3300
db_buhler_1_dsp;;1,5968E+18;17.08;1596.3;986; OK;0;1021;194224;34;2.8;2.8;2.6;2.3;07/07/2020 17:08;5.15;1.8;1.25;30;3.22;1.96;28.56;12.61;4.54;8.3;dsp_parametros_60.txt;1045;1011;38;29;56.1;40.2;64.2;22095;6.72;1149;629;53.1;185381;0;768;178;170;3.98;751;191;63;29.48;12.12;0.98;183;data;173;'-13;117;155;125;115;122;685;0;0;3.473;96.9;0.108;4.769;0;3;3300;3300
db_buhler_1_dsp;;1,5968E+18;16.58;1596.3;985; OK;0;1020;194293;34;2.9;2.9;2.8;2.6;08/07/2020 06:22;5.15;1.79;1.26;31;3.25;2.17;28.48;12.62;4.59;8.61;dsp_parametros_60.txt;1044;1010;30;21;56.6;42.5;62.3;22076;6.74;1218;628;53.2;185450;0;763;173;166;3.99;750;191;64;29.88;12.15;1;31;data;169;'-13;113;150;120;110;115;688;0;0;3.522;97.6;0.107;4.806;0;3;3300;3300
db_buhler_1_dsp;;1,5968E+18;16.77;1596.3;986; OK;0;1021;194227;34;2.8;2.8;2.6;2.3;07/07/2020 17:13;5.15;1.81;1.24;31;3.22;1.98;28.56;12.62;4.56;8.33;dsp_parametros_60.txt;1044;1010;39;29;58.1;40.9;63.3;22021;6.74;1152;628;53.1;185384;0;769;177;170;3.98;750;190;64;29.9;12.14;0.98;186;data;173;'-13;116;154;125;115;121;681;0;0;3.505;97.5;0.108;4.516;0;3;3300;3300
db_buhler_1_dsp;;1,5968E+18;16.87;1596.3;985; OK;0;1020;194183;34;2.7;2.7;2.6;2.3;07/07/2020 16:01;5.15;1.81;1.25;31;3.23;1.98;28.54;12.61;4.53;8.49;dsp_parametros_60.txt;1044;1010;38;28;57.5;40.4;63.4;22002;6.66;1108;628;53.3;185340;0;770;177;170;4;750;190;60;29.9;12.07;0.98;142;data;172;'-13;117;153;124;115;121;688;0;0;3.463;97.4;0.108;4.867;0;3;3300;3300
db_buhler_1_dsp;;1,5968E+18;16.65;1596.4;986; OK;0;1021;194217;34;2.7;2.8;2.6;2.3;07/07/2020 16:57;5.15;1.82;1.24;30;3.21;1.98;28.5;12.62;4.53;8.35;dsp_parametros_60.txt;1045;1011;38;29;57.6;41.7;62.6;22062;6.7;1142;629;53.2;185374;0;769;177;170;3.99;750;191;63;29.56;12.09;0.99;176;data;173;'-13;117;154;125;115;121;686;0;0;3.468;97.2;0.108;4.769;0;3;3300;3300
db_buhler_1_dsp;;1,5968E+18;16.63;1596.3;986; OK;0;1021;194315;33;2.9;2.8;2.7;2.5;08/07/2020 06:57;5.14;1.8;1.24;31;3.23;2.03;28.36;12.62;4.53;8.48;dsp_parametros_60.txt;1044;1011;33;24;56;42.6;63.1;22027;6.7;1240;629;53.1;185472;0;766;174;166;3.98;750;191;65;29.88;12.1;0.99;53;data;171;'-13;115;152;122;112;117;683;0;0;3.471;97.3;0.108;4.484;0;3;3300;3300
db_buhler_1_dsp;;1,5968E+18;16.59;1596.3;986; OK;0;1020;194305;33;2.8;2.8;2.7;2.5;08/07/2020 06:41;5.14;1.79;1.24;31;3.24;2.07;28.38;12.61;4.53;8.72;dsp_parametros_60.txt;1044;1011;32;23;56.3;41.5;63.3;22054;6.7;1230;629;53.2;185462;0;766;174;166;3.99;750;192;64;29.32;12.11;0.99;43;data;170;'-13;115;151;122;111;117;688;0;0;3.47;97;0.107;4.649;0;3;3300;3300
db_buhler_1_dsp;;1,5968E+18;15.94;1596.2;986; OK;0;1022;194063;32;3.1;3.2;3;2.8;07/07/2020 12:28;5.15;1.61;1.25;31;3.26;2.37;27.72;12.62;4.73;8.52;dsp_parametros_60.txt;1044;1012;43;34;57;40.6;64.9;22029;6.86;988;630;53;185220;0;760;173;166;3.98;750;192;64;30.44;12.26;1.01;22;data;171;'-13;116;152;124;111;117;685;0;0;3.665;97.6;0.108;4.712;0;3;3300;3300
db_buhler_1_dsp;;1,5968E+18;16.62;1596.2;985; OK;0;1020;194143;33;3;3;2.8;2.5;07/07/2020 14:38;5.15;1.8;1.24;32;3.23;2.02;28.36;12.6;4.6;8.41;dsp_parametros_60.txt;1043;1010;39;30;57.7;40.7;62.3;22025;6.68;1068;628;53.2;185300;0;766;176;169;3.99;750;190;65;29.86;12.07;0.99;102;data;173;'-13;117;154;125;115;120;686;0;0;3.532;97.5;0.108;4.791;0;3;3300;3300
db_buhler_1_dsp;;1,5968E+18;16.43;1596.4;985; OK;0;1020;194279;34;2.8;2.9;2.8;2.7;08/07/2020 05:59;5.15;1.78;1.26;31;3.27;2.43;28.38;12.61;4.72;8.63;dsp_parametros_60.txt;1044;1010;27;18;57.2;42;62.6;22002;6.78;1204;628;53.1;185436;0;758;173;166;3.98;750;190;64;29.92;12.18;1.01;17;data;167;'-13;110;148;118;106;111;687;0;0;3.655;97.8;0.108;4.925;0;3;3300;3300
db_buhler_1_dsp;;1,5968E+18;13.72;1596.5;930;BAD;0;1018;194705;21;2.6;2.6;2.5;2.2;09/07/2020 17:41;5.15;1.83;1.25;37;3.2;1.98;28.84;12.61;5.03;9.61;dsp_parametros_60.txt;1038;1017;41;30;0;0;'-0.1;22179;6.76;1630;635;25.8;185862;0;309;180;171;1.93;249;192;26;29.66;56.83;1;182;data;92;'-13;100;113;117;84;115;688;0;0;3.971;1546.8;0.201;5.165;0;3;3300;3300
db_buhler_1_dsp;;1,5968E+18;16.67;1596.3;986; OK;0;1020;194311;34;2.8;2.8;2.7;2.4;08/07/2020 06:51;5.15;1.8;1.24;31;3.23;2.02;28.28;12.62;4.52;8.49;dsp_parametros_60.txt;1044;1010;32;24;55.7;42;63.8;22075;6.64;1236;628;53.3;185468;0;767;174;166;3.99;749;191;64;29.88;12.05;0.99;49;data;170;'-13;114;152;122;112;117;688;0;0;3.468;97.2;0.107;4.748;0;3;3300;3300
db_buhler_1_dsp;;1,5968E+18;16.7;1596.4;986; OK;0;1021;194422;34;2.7;2.6;2.5;2.2;08/07/2020 10:10;5.15;1.82;1.25;30;3.22;1.99;28.66;12.62;4.59;8.4;dsp_parametros_60.txt;1045;1011;40;31;56;42.5;62.5;22038;6.64;1347;629;53.1;185579;0;768;175;168;3.98;749;193;62;29.88;12.05;0.98;160;data;173;'-13;116;154;124;115;120;681;0;0;3.53;97.5;0.108;4.831;0;3;3300;3300
db_buhler_1_dsp;;1,5968E+18;16.88;1596.4;986; OK;0;1021;194484;34;2.7;2.7;2.5;2.2;08/07/2020 11:51;5.15;1.84;1.24;30;3.21;1.98;28.72;12.61;4.54;8.62;dsp_parametros_60.txt;1045;1011;40;31;57.4;40.7;62;22037;6.7;1409;629;53.1;185641;0;769;175;168;3.98;751;193;62;30.22;12.11;0.98;222;data;173;'-13;116;154;124;115;121;685;0;0;3.477;98.1;0.108;4.659;0;3;3300;3300
db_buhler_1_dsp;;1,5968E+18;16.64;1596.3;985; OK;0;1019;194519;34;2.9;3;2.9;2.7;09/07/2020 11:47;5.15;1.74;1.26;33;3.25;2.28;27.82;12.61;4.7;8.5;dsp_parametros_60.txt;1042;1008;39;30;56.8;40.8;62.7;22127;6.68;1444;626;53.2;185676;0;760;172;165;3.99;750;191;63;29.86;12.11;1.01;32;data;172;'-13;115;152;123;112;118;687;0;0;3.633;97.1;0.107;4.841;0;3;3300;3300
db_buhler_1_dsp;;1,5968E+18;17.08;1596.5;985; OK;0;1019;194703;34;2.8;2.8;2.6;2.3;09/07/2020 17:13;5.15;1.83;1.26;31;3.22;1.97;29.08;12.61;4.56;8.64;dsp_parametros_60.txt;1044;1010;39;29;55.3;40.8;62.2;22084;6.64;1628;628;53.3;185860;0;767;176;169;3.99;749;192;60;30.24;12.04;0.98;180;data;173;'-13;117;154;124;115;121;688;0;0;3.495;98.7;0.108;4.881;0;3;3300;3300
db_buhler_1_dsp;;1,5968E+18;16.84;1596.3;986; OK;0;1020;194198;34;2.7;2.8;2.6;2.3;07/07/2020 16:26;5.15;1.81;1.25;32;3.22;2;28.5;12.62;4.54;8.37;dsp_parametros_60.txt;1043;1009;38;29;56.8;40.9;63.4;21967;6.66;1123;627;53.2;185355;0;770;177;170;3.99;750;193;61;29.88;12.06;0.99;157;data;173;'-13;117;154;124;115;121;688;0;0;3.486;97.3;0.108;4.667;0;3;3300;3300
db_buhler_1_dsp;;1,5968E+18;0;1596.3;0;BAD;0;1021;194724;33;3.5;3.1;3.4;2.9;14/07/2020 05:09;5.15;0;0;31;0;0;0;0;0;42.15;dsp_parametros_60.txt;1044;1011;40;31;58.4;41.9;61.9;22068;0;1649;629;0;185881;0;768;180;180;3.99;750;194;61;0;5.47;1.12;201;data;173;'-13;118;154;125;116;122;688;0;0;0;97.7;0.108;0;0;3;3300;3300
db_buhler_1_dsp;;1,5968E+18;16.16;1596.4;989;LOK;0;1021;194397;33;2.8;2.9;2.7;2.5;08/07/2020 09:29;5.14;1.75;1.25;31;3.22;2.01;26.92;12.62;4.68;8.66;dsp_parametros_60.txt;1044;1011;41;30;56;41.8;63.5;22068;6.82;1322;629;52.6;185554;0;766;176;168;3.94;750;192;61;29.56;12.23;0.99;135;data;185;'-13;119;160;144;116;126;688;0;0;3.629;96;0.108;4.791;0;3;3300;3300
db_buhler_1_dsp;;1,5968E+18;13.72;1596.4;930;BAD;0;1014;194887;24;2.7;2.6;2.5;2.2;14/07/2020 10:32;5.15;1.83;1.24;37;3.21;2.01;27.76;12.61;4.9;8.42;dsp_parametros_60.txt;1038;1014;39;28;0;0.1;0;22103;21.88;1812;632;25.8;186044;0;294;178;169;1.94;250;191;20;29.64;30.22;1;163;data;114;'-13;95;106;109;99;106;689;0;0;3.842;420.9;0.201;5.762;0;3;3300;3300
db_buhler_1_dsp;;1,5968E+18;16.76;1596.2;987; OK;0;1020;194860;34;3;2.8;2.7;2.3;14/07/2020 09:20;5.14;1.83;1.24;31;3.23;2.03;28.46;12.62;4.48;7.98;dsp_parametros_60.txt;1044;1010;41;32;56.9;41.1;61.1;20984;6.62;1785;628;53.2;186017;0;766;174;167;3.99;750;189;62;29.96;12.03;1;136;data;174;'-13;117;155;125;115;121;688;0;0;3.426;97;0.107;4.645;0;3;3300;3300
db_buhler_1_dsp;;1,5968E+18;15.67;1596.4;986; OK;0;1022;194890;33;2.7;2.6;2.6;2.2;14/07/2020 10:38;5.15;1.81;1.25;30;3.23;2.05;27.22;12.62;4.5;8.37;dsp_parametros_60.txt;1045;1012;43;32;56.5;38.3;55.9;22056;26.1;1815;630;53;186047;0;766;174;167;3.98;751;193;61;36.54;31.57;1;166;data;154;'-13;108;136;116;106;114;682;0;0;3.438;122.3;0.109;4.375;0;3;3300;3300
db_buhler_1_dsp;;1,5968E+18;16.01;1596.4;985; OK;0;1021;194891;34;2.7;2.6;2.5;2.2;14/07/2020 10:40;5.15;1.83;1.25;30;3.23;2.05;27.48;12.61;4.56;8.39;dsp_parametros_60.txt;1045;1011;41;30;56.1;38.2;57.4;22071;20.64;1816;629;53.2;186048;0;766;174;168;3.99;751;189;62;29.7;26.07;0.99;167;data;158;'-13;110;140;117;108;114;683;0;0;3.497;110.1;0.108;4.607;0;3;3300;3300
db_buhler_1_dsp;;1,5968E+18;16.13;1596.4;986; OK;0;1020;194892;34;2.7;2.6;2.5;2.2;14/07/2020 10:41;5.15;1.83;1.25;31;3.23;2.06;27.9;12.6;4.56;8.39;dsp_parametros_60.txt;1044;1010;39;30;57;40.8;62.2;22005;6.68;1817;628;53.1;186049;0;765;175;168;3.98;750;189;64;30.18;12.1;0.99;168;data;165;'-13;115;147;121;111;116;685;0;0;3.501;97;0.108;4.662;0;3;3300;3300
db_buhler_1_dsp;;1,5968E+18;15.94;1596.4;986; OK;0;1022;194893;34;2.7;2.6;2.6;2.2;14/07/2020 10:43;5.14;1.82;1.24;30;3.23;2.03;27.9;12.61;4.53;8.37;dsp_parametros_60.txt;1045;1011;39;30;57.1;41;63.5;22053;6.76;1818;629;53.1;186050;0;766;175;168;3.98;750;191;62;29.56;12.18;0.99;169;data;168;'-13;117;150;122;112;117;678;0;0;3.47;96.5;0.109;4.543;0;3;3300;3300
db_buhler_1_dsp;;1,5968E+18;16.13;1596.4;986; OK;0;1021;194904;34;2.8;2.6;2.6;2.2;14/07/2020 11:01;5.15;1.82;1.25;30;3.22;2.02;27.8;12.62;4.54;8.47;dsp_parametros_60.txt;1045;1011;39;29;57.2;40.7;62.6;22035;6.64;1829;629;53.1;186061;0;765;175;168;3.98;750;194;62;30.22;12.05;0.99;180;data;172;'-13;117;153;124;115;120;685;0;0;3.474;97;0.108;4.764;0;3;3300;3300
db_buhler_1_dsp;;1,5968E+18;14.97;1596.4;995;LOK;0;1026;194888;33;2.8;2.7;2.6;2.3;14/07/2020 10:34;5.15;1.48;1.24;27;3.23;2.07;25.6;12.61;4.8;8.38;dsp_parametros_60.txt;1048;1015;45;32;0.1;0;'-0.1;22027;8.76;1813;633;50.9;186045;0;764;175;166;3.82;749;193;59;33.06;18.43;1;164;data;134;'-13;102;122;120;103;111;690;0;0;3.745;158.5;0.11;4.649;0;3;3300;3300
db_buhler_1_dsp;;1,5968E+18;15.44;1596.4;990;LOK;0;1023;194889;34;2.7;2.6;2.5;2.2;14/07/2020 10:36;5.14;1.82;1.24;29;3.23;2.05;26.66;12.61;4.62;8.4;dsp_parametros_60.txt;1046;1012;40;30;57.6;41.7;62.2;22036;6.68;1814;630;52.5;186046;0;766;174;168;3.93;750;193;58;29.9;12.11;0.99;165;data;154;'-13;115;139;123;107;114;686;0;0;3.561;95.8;0.109;4.57;0;3;3300;3300
db_buhler_1_dsp;;1,5968E+18;16.07;1596.4;985; OK;0;1021;194895;33;2.7;2.6;2.5;2.1;14/07/2020 10:46;5.15;1.83;1.25;31;3.22;2.02;27.6;12.61;4.48;8.41;dsp_parametros_60.txt;1044;1011;38;29;57.8;40.9;62.8;22037;6.68;1820;629;53.1;186052;0;767;175;168;3.98;750;193;62;29.9;12.1;0.99;171;data;171;'-13;117;152;122;114;119;681;0;0;3.421;96.4;0.108;4.401;0;3;3300;3300
db_buhler_1_dsp;;1,5968E+18;16.03;1596.4;986; OK;0;1022;194896;33;2.7;2.6;2.5;2.2;14/07/2020 10:48;5.15;1.83;1.24;30;3.22;2.03;27.8;12.61;4.52;8.39;dsp_parametros_60.txt;1045;1012;38;29;55.3;40.1;63.2;22069;6.68;1821;630;53;186053;0;767;174;168;3.98;750;192;63;30;12.1;0.99;172;data;171;'-13;117;152;123;114;119;683;0;0;3.456;96.9;0.109;4.455;0;3;3300;3300
db_buhler_1_dsp;;1,5968E+18;16.03;1596.4;987; OK;0;1023;194897;34;2.8;2.7;2.6;2.2;14/07/2020 10:49;5.15;1.82;1.25;28;3.22;2.03;27.7;12.61;4.51;8.61;dsp_parametros_60.txt;1047;1013;38;29;57.4;40.8;62.2;22096;6.66;1822;631;53;186054;0;767;175;168;3.98;748;189;61;29.66;12.07;0.99;173;data;171;'-13;117;153;122;114;119;683;0;0;3.446;96.7;0.109;4.688;0;3;3300;3300
db_buhler_1_dsp;;1,5968E+18;16.33;1596.4;986; OK;0;1022;194880;35;2.8;2.6;2.6;2.2;14/07/2020 10:15;5.15;1.82;1.25;29;3.22;1.99;28.08;12.61;4.54;8.47;dsp_parametros_60.txt;1046;1011;37;28;57.9;41;62.6;22078;6.64;1805;629;53.1;186037;0;765;174;168;3.98;750;190;62;29.86;12.06;0.99;156;data;173;'-13;117;153;123;115;120;686;0;0;3.476;96.9;0.108;4.754;0;3;3300;3300
db_buhler_1_dsp;;1,5968E+18;16.09;1596.4;986; OK;0;1022;194884;35;2.8;2.6;2.6;2.2;14/07/2020 10:21;5.15;1.81;1.25;29;3.22;2.02;27.86;12.62;4.52;8.43;dsp_parametros_60.txt;1046;1011;41;32;56.9;40.8;61.5;22084;6.68;1809;629;53.2;186041;0;766;174;168;3.99;751;191;61;29.96;12.09;0.99;160;data;173;'-13;117;154;124;115;121;686;0;0;3.453;96.8;0.108;4.86;0;3;3300;3300
db_buhler_1_dsp;;1,5968E+18;15.1;1596.5;993;LOK;0;1024;194913;34;2.6;2.9;2.6;2.8;14/07/2020 15:40;5.15;1.48;1.11;29;3.27;2.46;25.54;12.61;4.97;8.41;dsp_parametros_60.txt;1046;1012;41;31;57;41.2;64.4;22022;8.34;1838;630;50.7;186070;0;759;176;167;3.8;751;191;63;29.7;13.76;1.02;4;data;172;'-13;104;150;142;102;109;687;0;0;3.911;96.4;0.11;4.64;0;3;3300;3300
db_buhler_1_dsp;;1,5968E+18;16.29;1596.4;986; OK;0;1020;194879;34;2.8;2.7;2.7;2.3;14/07/2020 10:13;5.15;1.83;1.25;31;3.23;2.02;28.32;12.61;4.57;8.67;dsp_parametros_60.txt;1044;1010;37;28;57.8;40.8;62.4;22076;6.7;1804;628;53.2;186036;0;766;174;168;3.99;750;192;62;29.58;12.1;0.99;155;data;173;'-13;117;153;123;115;120;684;0;0;3.509;97.3;0.108;4.647;0;3;3300;3300
db_buhler_1_dsp;;1,5968E+18;16.19;1596.4;986; OK;0;1021;194882;35;2.8;2.7;2.6;2.3;14/07/2020 10:18;5.15;1.82;1.25;30;3.22;2.02;27.96;12.62;4.48;8.5;dsp_parametros_60.txt;1045;1010;38;30;56.8;41.4;61.5;22075;6.64;1807;628;53.2;186039;0;766;174;168;3.99;751;191;61;30.26;12.04;0.99;158;data;172;'-13;116;153;123;115;120;688;0;0;3.423;97.2;0.108;4.728;0;3;3300;3300
db_buhler_1_dsp;;1,5968E+18;16.03;1596.4;986; OK;0;1023;194899;33;2.8;2.7;2.6;2.2;14/07/2020 10:53;5.15;1.82;1.25;29;3.23;2.04;27.9;12.62;4.53;8.51;dsp_parametros_60.txt;1046;1013;39;30;56.7;40.5;62.7;22050;6.78;1824;631;53;186056;0;765;175;168;3.98;750;192;61;29.68;12.19;0.99;175;data;172;'-13;117;153;123;115;120;683;0;0;3.469;96.7;0.109;4.391;0;3;3300;3300
db_buhler_1_dsp;;1,5968E+18;16.18;1596.4;986; OK;0;1022;194898;34;2.7;2.6;2.6;2.2;14/07/2020 10:51;5.15;1.83;1.25;29;3.23;2.02;27.76;12.61;4.56;8.43;dsp_parametros_60.txt;1046;1012;38;29;55.9;41.5;63.5;22037;6.7;1823;630;53;186055;0;766;175;168;3.97;749;192;62;29.9;12.12;0.99;174;data;172;'-13;117;153;123;115;120;683;0;0;3.494;96.9;0.109;4.733;0;3;3300;3300
db_buhler_1_dsp;;1,5968E+18;15.99;1596.4;986; OK;0;1020;194886;34;2.7;2.6;2.6;2.2;14/07/2020 10:25;5.15;1.81;1.24;31;3.22;2.06;27.78;12.61;4.51;8.41;dsp_parametros_60.txt;1044;1010;43;32;57.2;38.5;56.4;22000;26.1;1811;628;53.2;186043;0;766;174;167;3.99;751;189;62;30.2;31.55;0.99;162;data;164;'-13;110;146;119;112;119;683;0;0;3.448;116.4;0.108;4.544;0;3;3300;3300
db_buhler_1_dsp;;1,5968E+18;15.93;1596.4;986; OK;0;1022;194900;34;2.8;2.7;2.6;2.2;14/07/2020 10:54;5.15;1.8;1.24;29;3.23;2.02;27.72;12.61;4.49;8.58;dsp_parametros_60.txt;1046;1012;39;30;57.4;41;64;22022;6.7;1825;630;53.1;186057;0;767;175;168;3.98;750;194;63;30.2;12.11;0.99;176;data;172;'-13;116;153;123;115;120;684;0;0;3.423;97;0.109;4.573;0;3;3300;3300
db_buhler_1_dsp;;1,5968E+18;16.12;1596.4;986; OK;0;1022;194907;34;2.7;2.6;2.6;2.2;14/07/2020 11:06;5.15;1.84;1.25;29;3.22;2;27.82;12.61;4.5;8.55;dsp_parametros_60.txt;1046;1012;39;30;57.6;41.8;62.9;22059;6.66;1832;630;53.2;186064;0;767;175;168;3.99;750;193;62;29.62;12.07;0.99;183;data;172;'-13;118;154;123;116;120;688;0;0;3.44;96.6;0.109;4.587;0;3;3300;3300
db_buhler_1_dsp;;1,5968E+18;16.1;1596.4;986; OK;0;1022;194903;34;2.7;2.5;2.5;2.1;14/07/2020 10:59;5.15;1.83;1.25;29;3.22;2.02;27.8;12.61;4.5;8.47;dsp_parametros_60.txt;1046;1012;39;30;57.6;41.7;63.3;22047;6.68;1828;630;53.1;186060;0;766;175;168;3.98;750;191;62;29.94;12.09;0.99;179;data;172;'-13;117;153;124;115;120;685;0;0;3.447;96.9;0.109;4.538;0;3;3300;3300
db_buhler_1_dsp;;1,5968E+18;16.29;1596.4;986; OK;0;1023;194901;34;2.7;2.6;2.5;2.1;14/07/2020 10:56;5.15;1.82;1.25;29;3.22;2.05;27.64;12.61;4.5;8.72;dsp_parametros_60.txt;1046;1012;39;31;57.4;42.3;63.3;22071;6.68;1826;630;53.2;186058;0;767;175;168;3.99;749;191;60;29.68;12.09;0.99;177;data;172;'-13;117;153;123;115;120;684;0;0;3.438;96.6;0.109;4.41;0;3;3300;3300
db_buhler_1_dsp;;1,5968E+18;16.1;1596.4;986; OK;0;1022;194902;34;2.7;2.6;2.5;2.1;14/07/2020 10:58;5.15;1.84;1.24;29;3.22;2.03;28.04;12.6;4.5;8.49;dsp_parametros_60.txt;1046;1012;39;30;56.6;41.3;63.9;22058;6.8;1827;630;53.1;186059;0;766;175;168;3.98;748;192;62;29.62;12.21;0.98;178;data;172;'-13;116;154;124;115;120;684;0;0;3.441;96.8;0.109;4.614;0;3;3300;3300
db_buhler_1_dsp;;1,5968E+18;16.08;1596.4;987; OK;0;1023;194905;34;2.7;2.6;2.6;2.2;14/07/2020 11:02;5.15;1.81;1.24;28;3.22;2.02;27.84;12.61;4.5;8.39;dsp_parametros_60.txt;1047;1013;38;29;57;41.3;63.6;22056;6.7;1830;631;53.1;186062;0;766;175;168;3.98;750;192;62;29.92;12.11;0.99;181;data;172;'-13;117;153;124;115;120;686;0;0;3.44;96.9;0.109;4.524;0;3;3300;3300
db_buhler_1_dsp;;1,5968E+18;16.1;1596.4;986; OK;0;1022;194906;33;2.7;2.5;2.5;2.1;14/07/2020 11:04;5.15;1.81;1.24;29;3.22;2.01;27.8;12.62;4.53;8.45;dsp_parametros_60.txt;1046;1013;39;30;55.2;41.1;62.4;22010;6.68;1831;631;53.1;186063;0;768;175;168;3.98;750;192;62;30.2;12.1;0.98;182;data;172;'-13;117;154;123;115;120;688;0;0;3.468;97.1;0.108;4.44;0;3;3300;3300
db_buhler_1_dsp;;1,5968E+18;15.67;1596.4;987; OK;0;1024;194908;34;2.7;2.5;2.5;2.1;14/07/2020 11:08;5.15;1.82;1.25;27;3.23;2.03;27.84;12.62;4.53;8.42;dsp_parametros_60.txt;1048;1014;44;33;56;37.6;55.8;22083;26.18;1833;632;53;186065;0;766;174;167;3.97;750;192;62;39.48;31.65;0.99;184;data;160;'-13;108;143;116;111;117;686;0;0;3.462;126;0.109;4.661;0;3;3300;3300
db_buhler_1_dsp;;1,5968E+18;15.92;1596.4;987; OK;0;1024;194909;35;2.7;2.6;2.6;2.2;14/07/2020 11:10;5.15;1.83;1.25;27;3.23;2.05;27.36;12.62;4.53;8.46;dsp_parametros_60.txt;1048;1013;42;32;57;39;57;22064;12.14;1834;631;53;186066;0;765;175;168;3.97;750;190;62;38.34;17.6;0.98;185;data;162;'-13;110;144;117;111;116;688;0;0;3.468;110.5;0.109;4.684;0;3;3300;3300
db_buhler_1_dsp;;1,5968E+18;43.52;1596.6;930;BAD;0;1021;194910;22;3.2;3;3.3;2.9;14/07/2020 15:35;5.15;1.83;1.25;33;3.27;2.05;27.36;12.62;5.17;45.22;dsp_parametros_60.txt;1042;1020;42;31;0;0;'-0.1;22573;22.06;1835;638;25.8;186067;0;281;178;169;1.93;250;193;28;38.34;27.65;1.06;1;data;45;'-13;43;44;39;41;43;689;0;0;4.119;15899.2;0.202;4.869;0;3;3300;3300
db_buhler_1_dsp;;1,5968E+18;13.64;1596.5;930;BAD;0;1018;194911;23;2.9;3.2;3;3.1;14/07/2020 15:36;5.15;1.49;1.1;35;3.25;2.88;26.02;12.62;5.19;8.29;dsp_parametros_60.txt;1040;1017;0;0;0.1;0;'-0.1;22099;13.52;1836;635;25.7;186068;0;293;176;167;1.93;250;192;25;29.9;18.96;1.04;2;data;102;'-13;73;105;89;69;76;689;0;0;4.139;102.3;0.201;5.478;0;3;3300;3300
db_buhler_1_dsp;;1,5968E+18;16.12;1596.6;990;LOK;0;1025;194914;34;2.6;3;2.7;2.8;14/07/2020 15:41;5.15;1.75;1.25;27;3.26;2.44;26.9;12.62;4.77;8.44;dsp_parametros_60.txt;1048;1014;39;30;57.6;41.9;64.1;22019;6.72;1839;632;52.3;186071;0;760;175;168;3.92;750;191;66;29.7;12.15;1.02;5;data;171;'-13;113;147;128;103;108;688;0;0;3.705;95.9;0.109;4.522;0;3;3300;3300
db_buhler_1_dsp;;1,5968E+18;13.66;1596.5;930;BAD;0;1014;194912;23;2.6;2.9;2.6;2.8;14/07/2020 15:38;5.15;1.48;1.21;38;3.26;2.56;25.58;12.6;5.14;8.14;dsp_parametros_60.txt;1037;1014;0;0;0.1;0;'-0.1;21993;13;1837;632;25.8;186069;0;301;175;166;1.93;250;191;24;29.86;18.43;1.03;3;data;147;'-13;94;137;128;93;102;687;0;0;4.08;101.2;0.201;5.817;0;3;3300;3300
db_buhler_1_dsp;;1,5968E+18;15.91;1596.4;986; OK;0;1022;194894;34;2.7;2.6;2.5;2.1;14/07/2020 10:45;5.15;1.81;1.24;29;3.22;2.02;27.64;12.62;4.5;8.45;dsp_parametros_60.txt;1046;1012;39;30;57.5;41.9;62.8;22018;6.68;1819;630;53.1;186051;0;766;175;168;3.98;750;192;62;29.98;12.11;0.99;170;data;170;'-13;117;151;122;113;118;680;0;0;3.44;96.6;0.108;4.634;0;3;3300;3300
db_buhler_1_dsp;;1,5968E+18;16.56;1596.6;986; OK;0;1025;194915;34;2.6;3;2.7;2.8;14/07/2020 15:43;5.15;1.75;1.25;27;3.26;2.4;27.9;12.6;4.62;8.44;dsp_parametros_60.txt;1048;1014;39;30;55.9;41;63.9;21972;6.66;1840;632;53;186072;0;761;175;169;3.97;750;191;67;29.96;12.07;1.01;6;data;169;'-13;115;147;123;104;109;686;0;0;3.552;97.1;0.108;4.415;0;3;3300;3300
db_buhler_1_dsp;;1,5968E+18;15.52;1596.4;985; OK;0;1019;194504;35;2.8;2.9;2.8;2.8;09/07/2020 11:22;5.15;1.65;1.1;32;3.29;2.91;27.56;12.62;4.81;8.44;dsp_parametros_60.txt;1043;1008;36;28;55.8;41.6;63.7;22084;6.74;1429;626;53.1;185661;0;755;172;165;3.98;751;191;66;29.86;12.17;1.03;17;data;171;'-13;114;151;122;109;115;687;0;0;3.742;97;0.107;5.102;0;3;3300;3300
db_buhler_1_dsp;;1,5968E+18;16.47;1596.2;986; OK;0;1021;194131;33;2.9;2.9;2.8;2.4;07/07/2020 14:19;5.15;1.81;1.25;31;3.23;2.03;28.24;12.61;4.6;8.38;dsp_parametros_60.txt;1044;1011;33;23;57.8;42.4;63.2;22020;6.7;1056;629;53.2;185288;0;765;176;168;3.99;751;192;62;30.2;12.1;0.99;90;data;173;'-13;116;154;124;115;120;688;0;0;3.532;97.4;0.108;4.671;0;3;3300;3300
db_buhler_1_dsp;;1,5968E+18;16.56;1596.2;985; OK;0;1020;194133;33;2.9;2.9;2.8;2.4;07/07/2020 14:22;5.14;1.81;1.25;32;3.23;1.98;28.46;12.62;4.58;8.4;dsp_parametros_60.txt;1043;1010;39;30;57.3;41.3;63.4;22035;6.7;1058;628;53.3;185290;0;765;176;168;4;750;192;64;29.86;12.11;0.99;92;data;173;'-13;116;154;125;115;120;688;0;0;3.513;97.3;0.108;4.787;0;3;3300;3300
db_buhler_1_dsp;;1,5968E+18;16.23;1596.3;986; OK;0;1021;194147;33;3;3;2.8;2.5;07/07/2020 14:45;5.15;1.81;1.25;31;3.23;1.97;28.24;12.61;4.56;8.39;dsp_parametros_60.txt;1044;1011;39;30;57.7;41.8;63.2;22037;6.76;1072;629;53.2;185304;0;766;176;169;3.99;750;194;64;29.52;12.17;0.99;106;data;173;'-13;117;154;125;115;121;678;0;0;3.503;97.1;0.108;4.616;0;3;3300;3300
db_buhler_1_dsp;;1,5968E+18;16.53;1596.3;985; OK;0;1020;194148;33;3;3;2.8;2.5;07/07/2020 14:47;5.15;1.8;1.24;32;3.23;1.98;28.04;12.61;4.57;8.63;dsp_parametros_60.txt;1043;1010;39;30;57.5;40.2;63.2;22042;6.68;1073;628;53.3;185305;0;766;176;169;4;750;191;63;29.94;12.09;0.99;107;data;173;'-13;117;154;125;115;121;680;0;0;3.51;97.2;0.108;4.801;0;3;3300;3300
db_buhler_1_dsp;;1,5968E+18;17.1;1596.3;985; OK;0;1020;194191;33;2.7;2.8;2.6;2.3;07/07/2020 16:14;5.15;1.83;1.25;32;3.23;2;28.46;12.62;4.58;8.64;dsp_parametros_60.txt;1043;1010;38;29;57.6;40.9;63.4;22105;6.6;1116;628;53.1;185348;0;768;177;170;3.98;749;194;63;30.2;12;0.99;150;data;172;'-13;116;153;124;115;120;684;0;0;3.514;97.8;0.108;4.728;0;3;3300;3300
db_buhler_1_dsp;;1,5968E+18;16.78;1596.4;986; OK;0;1022;194214;33;2.7;2.8;2.6;2.3;07/07/2020 16:52;5.15;1.81;1.25;30;3.21;1.95;28.58;12.62;4.55;8.39;dsp_parametros_60.txt;1045;1012;38;29;57.3;40.7;62.6;21997;6.7;1139;630;53.1;185371;0;770;177;170;3.98;749;190;63;29.86;12.1;0.99;173;data;173;'-13;117;154;125;115;121;688;0;0;3.483;97.4;0.108;4.627;0;3;3300;3300
db_buhler_1_dsp;;1,5968E+18;16.59;1596.2;985; OK;0;1021;194136;34;2.9;2.9;2.7;2.4;07/07/2020 14:27;5.14;1.81;1.24;31;3.23;2;28.06;12.61;4.61;8.45;dsp_parametros_60.txt;1044;1010;39;30;56.8;40.4;63.7;22061;6.68;1061;628;53.3;185293;0;765;176;168;4;750;192;63;29.64;12.06;0.99;95;data;173;'-13;117;155;125;115;121;684;0;0;3.548;96.9;0.108;4.838;0;3;3300;3300
db_buhler_1_dsp;;1,5968E+18;16.2;1596.2;984; OK;0;1019;194116;32;3;3;2.9;2.5;07/07/2020 13:55;5.15;1.79;1.24;33;3.23;2.02;28.52;12.61;4.61;8.53;dsp_parametros_60.txt;1042;1010;52;43;57.4;40;63.2;22067;6.76;1041;628;53.3;185273;0;765;175;168;4;751;197;63;29.86;12.17;0.99;75;data;176;'-13;119;156;128;117;123;688;0;0;3.548;97.6;0.108;4.749;0;3;3300;3300
db_buhler_1_dsp;;1,5968E+18;16.55;1596.2;985; OK;0;1020;194137;33;2.9;2.9;2.7;2.4;07/07/2020 14:29;5.15;1.81;1.24;32;3.23;2.01;28.38;12.62;4.6;8.39;dsp_parametros_60.txt;1043;1010;39;30;58.1;41.4;63.6;22055;6.68;1062;628;53.3;185294;0;766;176;168;4;750;189;63;29.62;12.08;0.99;96;data;173;'-13;117;154;125;115;121;684;0;0;3.537;97;0.108;4.735;0;3;3300;3300
db_buhler_1_dsp;;1,5968E+18;16.4;1596.1;986; OK;0;1020;194118;33;3;3;2.8;2.5;07/07/2020 13:58;5.15;1.79;1.25;32;3.23;2.02;28.24;12.61;4.61;8.48;dsp_parametros_60.txt;1043;1010;52;44;57.4;40;63.1;22061;6.74;1043;628;53.2;185275;0;764;175;168;3.99;750;193;66;29.62;12.14;0.99;77;data;176;'-13;119;156;128;117;123;690;0;0;3.544;97;0.108;4.684;0;3;3300;3300
db_buhler_1_dsp;;1,5968E+18;16.49;1596.1;985; OK;0;1020;194119;33;3;3;2.8;2.5;07/07/2020 14:00;5.15;1.8;1.24;32;3.23;2.02;28.32;12.61;4.58;8.43;dsp_parametros_60.txt;1043;1010;52;44;57.3;41.5;64.2;22019;6.74;1044;628;53.3;185276;0;765;175;168;4;750;191;64;29.88;12.13;0.99;78;data;176;'-13;120;156;128;117;123;678;0;0;3.519;97.4;0.108;4.755;0;3;3300;3300
db_buhler_1_dsp;;1,5968E+18;16.92;1596.3;986; OK;0;1020;194232;34;2.8;2.8;2.6;2.3;07/07/2020 17:21;5.15;1.81;1.25;31;3.22;1.98;28.76;12.62;4.52;8.37;dsp_parametros_60.txt;1044;1010;39;29;57.1;40.6;62.1;22014;6.74;1157;628;53.1;185389;0;770;177;170;3.98;750;191;62;30.22;12.14;0.99;191;data;172;'-13;116;154;125;115;121;684;0;0;3.462;97.9;0.108;4.65;0;3;3300;3300
db_buhler_1_dsp;;1,5968E+18;16.62;1596.4;986; OK;0;1022;194243;33;2.8;2.8;2.6;2.3;07/07/2020 17:39;5.15;1.8;1.24;30;3.23;1.98;28.5;12.62;4.54;8.29;dsp_parametros_60.txt;1045;1012;38;29;57.7;41.1;62.8;22081;6.7;1168;630;53.1;185400;0;769;177;170;3.98;750;192;62;29.64;12.1;0.98;202;data;173;'-13;117;155;126;115;122;685;0;0;3.471;97;0.108;4.539;0;3;3300;3300
db_buhler_1_dsp;;1,5968E+18;17.03;1596.3;985; OK;0;1018;194221;34;2.8;2.8;2.6;2.3;07/07/2020 17:03;5.15;1.81;1.24;33;3.22;1.98;28.56;12.62;4.57;8.36;dsp_parametros_60.txt;1042;1008;39;29;59.2;41.3;62.4;22099;6.88;1146;626;53.3;185378;0;770;177;170;3.99;750;194;63;29.94;12.28;0.99;180;data;173;'-13;116;154;125;115;121;689;0;0;3.506;97.7;0.108;4.667;0;3;3300;3300
db_buhler_1_dsp;;1,5968E+18;15.77;1596.2;986; OK;0;1022;194058;33;3.1;3.2;3;2.9;07/07/2020 12:20;5.14;1.73;1.25;30;3.27;2.48;27.76;12.61;4.8;8.7;dsp_parametros_60.txt;1045;1012;42;33;55.8;40.5;63.5;22054;6.86;983;630;53.2;185215;0;758;173;166;3.99;750;191;65;30.38;12.29;1.02;17;data;170;'-13;115;151;122;110;116;686;0;0;3.734;98.1;0.108;4.92;0;3;3300;3300
db_buhler_1_dsp;;1,5968E+18;16.14;1596.2;985; OK;0;1020;194067;32;3;3.1;2.9;2.7;07/07/2020 12:35;5.15;1.74;1.25;33;3.26;2.28;28.1;12.62;4.73;8.65;dsp_parametros_60.txt;1042;1010;44;35;57.3;40.1;63.3;22033;6.86;992;628;53.2;185224;0;762;174;166;3.99;750;189;66;30.38;12.26;1.01;26;data;172;'-13;116;152;124;112;118;688;0;0;3.679;98.1;0.108;4.731;0;3;3300;3300
db_buhler_1_dsp;;1,5968E+18;13.55;1596.2;930;BAD;0;1011;194001;21;3;3.1;2.9;3.1;26/06/2020 13:33;5.15;1.52;1.11;44;3.33;3.02;25.66;12.61;5.44;8.48;dsp_parametros_60.txt;1031;1010;40;28;55.8;39.7;62;22022;13.12;926;628;25.7;185158;0;293;171;161;1.93;250;191;27;30.34;18.58;1.07;5;data;170;'-13;102;152;152;102;109;649;0;0;4.381;102.5;0.202;5.635;0;3;3300;3300
db_buhler_1_dsp;;1,5968E+18;15.11;1596.4;985; OK;0;1021;194494;34;2.8;3;2.8;2.9;09/07/2020 11:06;5.14;1.65;1.13;31;3.33;3.07;27.16;12.61;4.87;8.49;dsp_parametros_60.txt;1044;1010;36;28;56.6;41.4;64.1;22070;6.7;1419;628;53;185651;0;754;172;165;3.98;750;190;67;29.3;12.16;1.05;7;data;173;'-13;112;147;125;103;108;685;0;0;3.802;95.9;0.108;4.929;0;3;3300;3300
db_buhler_1_dsp;;1,5968E+18;16.95;1596.4;986; OK;0;1021;194403;34;2.7;2.7;2.6;2.3;08/07/2020 09:39;5.15;1.8;1.24;30;3.22;2.01;28.86;12.61;4.58;8.41;dsp_parametros_60.txt;1045;1011;39;30;55.9;40.9;62.2;22032;6.68;1328;629;53.1;185560;0;767;175;168;3.98;749;192;62;29.96;12.08;0.99;141;data;173;'-13;115;153;124;114;119;686;0;0;3.516;97.9;0.108;4.804;0;3;3300;3300
db_buhler_1_dsp;;1,5968E+18;16.88;1596.3;986; OK;0;1020;194186;34;2.8;2.8;2.6;2.3;07/07/2020 16:06;5.15;1.83;1.24;31;3.22;2;28.62;12.62;4.61;8.32;dsp_parametros_60.txt;1044;1010;38;29;57.3;41.7;62.6;22048;6.66;1111;628;53.1;185343;0;768;177;170;3.98;751;191;62;29.52;12.07;0.98;145;data;173;'-13;117;153;124;115;121;680;0;0;3.55;97.2;0.108;4.827;0;3;3300;3300
db_buhler_1_dsp;;1,5968E+18;17.02;1596.3;986; OK;0;1020;194193;33;2.7;2.8;2.6;2.3;07/07/2020 16:18;5.15;1.83;1.24;31;3.22;1.98;28.66;12.61;4.53;8.32;dsp_parametros_60.txt;1044;1011;38;29;57;40.1;64;22007;6.62;1118;629;53.1;185350;0;770;177;170;3.98;750;191;64;29.86;12.03;0.99;152;data;172;'-13;117;153;124;115;121;685;0;0;3.471;97.3;0.108;4.665;0;3;3300;3300
db_buhler_1_dsp;;1,5968E+18;16.38;1596.3;986; OK;0;1018;194516;34;2.9;2.9;2.8;2.7;09/07/2020 11:42;5.15;1.67;1.24;33;3.26;2.3;28.26;12.62;4.72;8.44;dsp_parametros_60.txt;1042;1008;39;31;57.8;41.5;63.6;22067;6.72;1441;626;53.2;185673;0;758;172;165;3.99;751;190;65;29.68;12.16;1.01;29;data;172;'-13;115;152;122;112;117;688;0;0;3.656;97.4;0.107;4.857;0;3;3300;3300
db_buhler_1_dsp;;1,5968E+18;16.95;1596.3;986; OK;0;1022;194209;34;2.8;2.8;2.6;2.3;07/07/2020 16:44;5.15;1.81;1.23;29;3.22;1.98;28.6;12.61;4.55;8.32;dsp_parametros_60.txt;1046;1012;38;29;57.4;41;62.2;22056;6.7;1134;630;53.1;185366;0;770;177;170;3.98;750;190;63;29.66;12.11;0.98;168;data;173;'-13;117;154;125;115;121;688;0;0;3.497;97.3;0.108;4.793;0;3;3300;3300
db_buhler_1_dsp;;1,5968E+18;17.09;1596.4;986; OK;0;1020;194405;34;2.7;2.7;2.5;2.3;08/07/2020 09:42;5.15;1.81;1.25;31;3.21;1.99;28.74;12.6;4.58;8.39;dsp_parametros_60.txt;1044;1010;39;30;58;40.4;62.8;22026;6.78;1330;628;53.2;185562;0;767;175;168;3.99;749;193;62;29.92;12.2;0.99;143;data;173;'-13;116;153;124;114;120;684;0;0;3.522;97.8;0.108;4.809;0;3;3300;3300
db_buhler_1_dsp;;1,5968E+18;16.68;1596.4;986; OK;0;1022;194430;35;2.8;2.8;2.7;2.3;08/07/2020 10:23;5.15;1.83;1.24;29;3.21;1.93;28.64;12.61;4.51;8.4;dsp_parametros_60.txt;1046;1011;40;30;57.4;41.6;62.8;22032;6.76;1355;629;53.1;185587;0;769;175;168;3.98;750;190;62;29.56;12.17;0.98;168;data;173;'-13;116;154;124;115;121;685;0;0;3.457;97.5;0.108;4.813;0;3;3300;3300
db_buhler_1_dsp;;1,5968E+18;17.05;1596.4;986; OK;0;1020;194644;33;2.6;2.7;2.5;2.4;09/07/2020 15:36;5.15;1.81;1.25;31;3.22;2;28.64;12.62;4.59;8.44;dsp_parametros_60.txt;1044;1011;41;32;56.2;41;62.4;22076;6.7;1569;629;53.2;185801;0;767;176;169;3.99;749;193;62;29.88;12.11;0.99;121;data;173;'-13;116;152;125;112;117;688;0;0;3.526;97.7;0.108;4.59;0;3;3300;3300
db_buhler_1_dsp;;1,5968E+18;16.74;1596.5;986; OK;0;1021;194645;33;2.6;2.7;2.6;2.4;09/07/2020 15:38;5.15;1.8;1.25;30;3.22;2;28.74;12.61;4.57;8.4;dsp_parametros_60.txt;1045;1012;40;31;56.3;41.3;62.5;22036;6.82;1570;630;53.2;185802;0;767;176;169;3.99;750;193;61;29.94;12.25;0.99;122;data;173;'-13;116;152;124;112;118;688;0;0;3.51;98.1;0.108;4.703;0;3;3300;3300
db_buhler_1_dsp;;1,5968E+18;17;1596.5;986; OK;0;1021;194646;33;2.6;2.7;2.5;2.4;09/07/2020 15:40;5.15;1.81;1.24;31;3.22;1.99;28.62;12.61;4.52;8.44;dsp_parametros_60.txt;1044;1011;40;31;58.6;40.7;63;22031;6.7;1571;629;53.2;185803;0;769;176;169;3.99;750;190;62;29.92;12.1;0.99;123;data;173;'-13;117;152;124;112;118;688;0;0;3.469;97.5;0.108;4.552;0;3;3300;3300
db_buhler_1_dsp;;1,5968E+18;16.82;1596.3;986; OK;0;1020;194540;33;2.8;2.9;2.8;2.5;09/07/2020 12:21;5.15;1.79;1.24;32;3.24;2.05;28.56;12.61;4.57;8.42;dsp_parametros_60.txt;1043;1010;39;30;57.7;41.1;62.7;22103;6.72;1465;628;53.1;185697;0;764;173;165;3.98;750;192;65;29.98;12.12;1;17;data;173;'-13;115;153;123;113;119;683;0;0;3.502;97.6;0.107;4.602;0;3;3300;3300
db_buhler_1_dsp;;1,5968E+18;17.24;1596.4;986; OK;0;1019;194586;34;2.7;2.7;2.6;2.3;09/07/2020 13:37;5.15;1.82;1.24;33;3.22;1.96;28.8;12.6;4.55;8.39;dsp_parametros_60.txt;1042;1008;39;30;57;41.8;62.8;22026;6.66;1511;626;53.3;185743;0;767;175;167;4;750;191;63;29.88;12.06;0.98;63;data;173;'-13;117;153;125;114;120;685;0;0;3.481;97.6;0.107;4.58;0;3;3300;3300
db_buhler_1_dsp;;1,5968E+18;16.81;1596.4;987; OK;0;1021;194590;34;2.8;2.8;2.7;2.4;09/07/2020 13:44;5.15;1.82;1.24;31;3.22;1.94;28.94;12.61;4.53;8.61;dsp_parametros_60.txt;1044;1010;39;30;58;41.6;62.4;22043;6.66;1515;628;53.3;185747;0;768;175;167;4;751;192;62;30.2;12.08;0.98;67;data;173;'-13;116;153;124;114;120;688;0;0;3.464;98.2;0.107;4.501;0;3;3300;3300
db_buhler_1_dsp;;1,5968E+18;17;1596.3;986; OK;0;1020;194595;33;2.7;2.7;2.6;2.4;09/07/2020 13:52;5.14;1.8;1.25;32;3.22;1.98;28.46;12.61;4.52;8.36;dsp_parametros_60.txt;1043;1010;41;32;56.4;41.2;63;22069;6.68;1520;628;53.3;185752;0;769;175;168;3.99;751;194;64;29.92;12.1;0.99;72;data;173;'-13;116;154;125;114;120;684;0;0;3.46;97.3;0.107;4.78;0;3;3300;3300
db_buhler_1_dsp;;1,5968E+18;16.76;1596.5;986; OK;0;1021;194663;33;2.7;2.7;2.6;2.4;09/07/2020 16:07;5.15;1.85;1.24;30;3.22;1.96;28.92;12.62;4.54;8.63;dsp_parametros_60.txt;1045;1012;40;32;57.3;40.8;63.7;22174;6.72;1588;630;53.2;185820;0;769;176;169;3.99;750;194;61;29.94;12.13;0.98;140;data;173;'-13;117;153;124;115;120;689;0;0;3.477;98.1;0.108;4.684;0;3;3300;3300
db_buhler_1_dsp;;1,5968E+18;16.08;1596.1;986; OK;0;1022;194081;32;3;3;2.9;2.7;07/07/2020 12:58;5.15;1.75;1.25;31;3.24;2.11;28.36;12.61;4.67;8.5;dsp_parametros_60.txt;1044;1012;47;38;58.6;41.4;62.4;22028;6.86;1006;630;53.2;185238;0;764;174;166;3.99;749;193;65;30.36;12.26;1;40;data;173;'-13;117;153;125;114;120;689;0;0;3.607;98.1;0.108;4.717;0;3;3300;3300
db_buhler_1_dsp;;1,5968E+18;16.43;1596.2;985; OK;0;1021;194083;33;3;3.1;2.9;2.7;07/07/2020 13:01;5.15;1.77;1.24;31;3.24;2.08;28.1;12.61;4.63;8.72;dsp_parametros_60.txt;1044;1011;47;39;58.6;40.8;62.9;22061;6.98;1008;629;53.4;185240;0;763;174;167;4;749;191;62;30.44;12.38;1;42;data;173;'-13;117;153;125;114;120;689;0;0;3.566;98.2;0.108;4.834;0;3;3300;3300
db_buhler_1_dsp;;1,5968E+18;13.78;1596.4;930;BAD;0;1016;194393;17;2.7;2.8;2.7;2.5;08/07/2020 09:23;5.15;1.82;1.24;42;3.2;1.93;28.52;12.62;4.98;8.41;dsp_parametros_60.txt;1033;1016;38;28;0.1;0;'-0.1;22233;23.56;1318;634;25.8;185550;0;322;179;170;1.93;250;192;25;29.88;29.21;1.01;131;data;94;'-13;87;91;89;82;91;686;0;0;3.929;1204.6;0.201;4.995;0;3;3300;3300
db_buhler_1_dsp;;1,5968E+18;16.5;1596.3;986; OK;0;1021;194278;34;2.8;2.9;2.7;2.6;08/07/2020 05:57;5.15;1.68;1.2;31;3.28;2.46;28.68;12.62;4.72;8.4;dsp_parametros_60.txt;1044;1010;27;18;56.1;42.4;64.2;22013;6.72;1203;628;53.1;185435;0;758;173;166;3.98;750;189;66;29.62;12.14;1.02;16;data;167;'-13;111;148;118;106;111;688;0;0;3.654;97.5;0.108;4.692;0;3;3300;3300
db_buhler_1_dsp;;1,5968E+18;16.96;1596.4;986; OK;0;1020;194476;34;2.7;2.6;2.5;2.1;08/07/2020 11:38;5.15;1.82;1.25;31;3.21;1.95;28.5;12.61;4.55;8.38;dsp_parametros_60.txt;1044;1010;40;32;57;42.3;63.5;22073;6.72;1401;628;53.2;185633;0;768;176;168;3.99;750;194;60;29.26;12.13;0.98;214;data;174;'-13;117;155;125;116;122;684;0;0;3.487;96.8;0.108;4.562;0;3;3300;3300
db_buhler_1_dsp;;1,5968E+18;17;1596.4;986; OK;0;1019;194608;33;2.7;2.7;2.6;2.4;09/07/2020 14:13;5.15;1.85;1.25;33;3.21;1.96;28.88;12.61;4.5;8.36;dsp_parametros_60.txt;1042;1009;38;28;57.9;41.7;62.5;22047;6.66;1533;627;53.3;185765;0;768;175;168;4;750;192;62;29.7;12.08;0.98;85;data;174;'-13;116;155;125;115;121;688;0;0;3.439;97.5;0.107;4.51;0;3;3300;3300
db_buhler_1_dsp;;1,5968E+18;16.75;1596.3;986; OK;0;1021;194199;34;2.7;2.8;2.6;2.3;07/07/2020 16:27;5.15;1.82;1.24;30;3.23;2;28.7;12.62;4.56;8.37;dsp_parametros_60.txt;1045;1011;38;29;57.6;41.2;61.9;22002;6.72;1124;629;53.1;185356;0;770;177;170;3.98;749;190;63;29.92;12.14;0.99;158;data;173;'-13;117;154;124;115;121;688;0;0;3.493;97.6;0.108;4.892;0;3;3300;3300
db_buhler_1_dsp;;1,5968E+18;16.87;1596.4;985; OK;0;1019;194381;33;2.8;2.7;2.6;2.3;08/07/2020 08:45;5.15;1.81;1.24;32;3.21;1.98;28.48;12.61;4.5;8.38;dsp_parametros_60.txt;1043;1010;40;30;57.5;41.7;63.7;22043;6.78;1306;628;53.3;185538;0;767;175;168;4;751;193;64;29.88;12.19;0.98;119;data;174;'-13;116;155;125;115;121;684;0;0;3.439;97.3;0.107;4.659;0;3;3300;3300
db_buhler_1_dsp;;1,5968E+18;16.2;1596.2;988; OK;0;1018;194756;43;3.4;3.4;3.3;3.1;14/07/2020 06:32;5.15;1.79;1.27;31;3.26;2.24;27.56;12.61;4.67;8.47;dsp_parametros_60.txt;1044;1001;38;29;58.4;41.1;64.3;22041;6.72;1681;619;52.8;185913;0;761;173;166;3.96;751;190;82;29.64;12.14;1.01;32;data;171;'-13;115;153;122;112;117;681;0;0;3.606;96.4;0.105;5.023;0;3;3300;3300
db_buhler_1_dsp;;1,5968E+18;16.25;1596.3;987; OK;0;1016;194757;46;3.3;3.2;3.1;2.9;14/07/2020 06:33;5.15;1.78;1.26;33;3.26;2.22;27.9;12.62;4.64;8.42;dsp_parametros_60.txt;1042;996;38;29;55.9;41.4;64;22047;6.72;1682;614;52.7;185914;0;761;173;166;3.95;750;190;85;29.66;12.14;1.01;33;data;172;'-13;115;152;122;112;117;682;0;0;3.569;96.8;0.104;4.816;0;3;3300;3300
db_buhler_1_dsp;;1,5968E+18;16.41;1596.3;987; OK;0;1020;194763;40;3.1;3.1;3;2.7;14/07/2020 06:43;5.14;1.79;1.25;31;3.25;2.16;28.48;12.61;4.65;8.69;dsp_parametros_60.txt;1044;1004;37;28;56.2;41.4;63.4;22056;6.82;1688;622;53;185920;0;763;173;166;3.98;749;190;72;29.92;12.24;1.01;39;data;171;'-13;115;152;122;112;117;685;0;0;3.585;98.1;0.106;4.563;0;3;3300;3300
db_buhler_1_dsp;;1,5968E+18;16.46;1596.3;987; OK;0;1020;194767;33;3.1;3;3;2.7;14/07/2020 06:50;5.15;1.8;1.25;32;3.24;2.13;28.28;12.62;4.61;8.47;dsp_parametros_60.txt;1043;1010;39;30;57.4;41;62.2;22018;6.68;1692;628;53.1;185924;0;763;173;166;3.98;750;192;63;29.9;12.09;1.01;43;data;172;'-13;115;152;123;113;118;687;0;0;3.541;97.5;0.107;4.508;0;3;3300;3300
db_buhler_1_dsp;;1,5968E+18;14.81;1596.4;930;BAD;0;1018;194726;15;3.4;3.5;3.4;3.5;14/07/2020 05:41;5.15;0;0;42;3.36;0;0;12.62;5.55;8.55;dsp_parametros_60.txt;1033;1018;11;9;0;0;'-0.1;22164;11.44;1651;636;25.7;185883;0;287;176;169;1.93;250;191;26;0;16.93;1.1;2;data;26;'-13;24;25;25;25;25;689;0;0;4.493;0;0.201;5.271;0;3;3300;3300
db_buhler_1_dsp;;1,5968E+18;17.59;1596.4;984; OK;0;1018;194704;33;2.6;2.6;2.5;2.2;09/07/2020 17:15;5.15;1.83;1.25;34;3.21;1.97;28.84;12.61;4.5;8.38;dsp_parametros_60.txt;1041;1008;46;33;0;10.4;'-0.1;22093;6.72;1629;626;53.2;185861;0;766;176;168;3.99;749;190;61;29.66;12.12;0.98;181;data;151;'-13;106;136;118;113;117;680;0;0;3.441;156.3;0.107;4.594;0;3;3300;3300
db_buhler_1_dsp;;1,5968E+18;17.13;1596.4;986; OK;0;1018;194616;33;2.7;2.7;2.6;2.4;09/07/2020 14:26;5.15;1.83;1.24;33;3.22;1.95;28.78;12.62;4.46;8.36;dsp_parametros_60.txt;1042;1009;40;31;57.2;41.7;62.6;22022;6.66;1541;627;53.3;185773;0;768;175;168;3.99;751;193;64;29.58;12.08;0.99;93;data;174;'-13;116;154;125;115;121;688;0;0;3.402;97.3;0.107;4.542;0;3;3300;3300
db_buhler_1_dsp;;1,5968E+18;13.78;1596.5;930;BAD;0;1015;194707;23;2.7;2.7;2.6;2.3;09/07/2020 17:45;5.15;1.57;1.25;38;3.18;1.98;25.16;12.61;4.98;8.56;dsp_parametros_60.txt;1037;1014;0;0;0;0;'-0.1;21949;32.78;1632;632;25.8;185864;0;301;176;166;1.93;251;192;22;29.58;38.24;0.99;184;data;177;'-13;113;170;179;115;147;688;0;0;3.927;120.6;0.201;5.531;0;3;3300;3300
db_buhler_1_dsp;;1,5968E+18;16.73;1596.4;986; OK;0;1020;194450;34;2.7;2.6;2.6;2.2;08/07/2020 10:56;5.15;1.81;1.24;31;3.21;1.98;28.62;12.62;4.52;8.4;dsp_parametros_60.txt;1044;1010;39;30;56.3;41.1;62.7;22090;6.64;1375;628;53.1;185607;0;769;175;168;3.98;749;190;62;29.9;12.04;0.98;188;data;173;'-13;116;154;125;115;121;686;0;0;3.46;97.4;0.108;4.744;0;3;3300;3300
db_buhler_1_dsp;;1,5968E+18;15.92;1596.4;986; OK;0;1023;194270;34;2.7;2.8;2.6;2.7;08/07/2020 05:44;5.15;1.64;1.1;29;3.29;2.93;27.72;12.62;4.77;8.44;dsp_parametros_60.txt;1046;1012;24;16;56.7;42.4;63.5;22009;6.66;1195;630;53.1;185427;0;756;173;166;3.98;751;189;65;29.68;12.09;1.03;8;data;164;'-13;109;144;116;100;104;688;0;0;3.71;96.7;0.108;4.604;0;3;3300;3300
db_buhler_1_dsp;;1,5968E+18;17.06;1596.4;987; OK;0;1021;194569;34;2.8;2.8;2.7;2.4;09/07/2020 13:09;5.15;1.82;1.24;31;3.22;1.98;28.66;12.62;4.53;8.66;dsp_parametros_60.txt;1044;1010;39;30;55.9;41.7;63.4;22065;6.76;1494;628;53.3;185726;0;767;174;167;3.99;749;192;62;29.58;12.18;0.99;46;data;173;'-13;116;153;124;114;120;690;0;0;3.479;97.7;0.107;4.617;0;3;3300;3300
db_buhler_1_dsp;;1,5968E+18;16.4;1596.3;986; OK;0;1021;194330;33;2.8;2.8;2.7;2.4;08/07/2020 07:22;5.14;1.71;1.25;31;3.23;1.97;28.86;12.62;4.53;8.67;dsp_parametros_60.txt;1044;1011;34;26;56;41.9;62.7;22088;6.7;1255;629;53.2;185487;0;766;174;167;3.99;749;190;63;29.66;12.11;0.99;68;data;171;'-13;115;152;123;113;118;688;0;0;3.463;97.7;0.107;4.608;0;3;3300;3300
db_buhler_1_dsp;;1,5968E+18;16.79;1596.4;986; OK;0;1022;194447;33;2.8;2.7;2.6;2.2;08/07/2020 10:51;5.15;1.82;1.24;30;3.21;1.97;28.32;12.62;4.57;8.38;dsp_parametros_60.txt;1045;1012;39;30;56.5;41.4;63.8;22082;6.72;1372;630;53.1;185604;0;768;175;168;3.98;750;193;60;29.64;12.13;0.98;185;data;174;'-13;116;155;125;115;121;685;0;0;3.508;97;0.108;4.646;0;3;3300;3300
db_buhler_1_dsp;;1,5968E+18;16.94;1596.4;986; OK;0;1020;194448;33;2.7;2.6;2.6;2.2;08/07/2020 10:52;5.15;1.81;1.25;32;3.21;1.98;28.46;12.61;4.56;8.39;dsp_parametros_60.txt;1043;1010;39;31;57.7;41.7;62.3;22047;6.66;1373;628;53.1;185605;0;770;176;168;3.98;750;194;62;29.6;12.07;0.98;186;data;174;'-13;116;155;125;115;121;683;0;0;3.493;97;0.108;4.641;0;3;3300;3300
db_buhler_1_dsp;;1,5968E+18;16.89;1596.4;986; OK;0;1020;194449;34;2.7;2.6;2.5;2.2;08/07/2020 10:54;5.15;1.82;1.23;31;3.21;2;28.88;12.62;4.53;8.41;dsp_parametros_60.txt;1044;1010;40;31;56.8;42.7;62.3;22038;6.68;1374;628;53.1;185606;0;769;176;168;3.98;749;191;63;30.18;12.08;0.98;187;data;173;'-13;116;154;124;115;121;682;0;0;3.479;98;0.108;4.602;0;3;3300;3300
db_buhler_1_dsp;;1,5968E+18;17.04;1596.5;986; OK;0;1021;194716;34;2.7;2.7;2.5;2.3;09/07/2020 18:00;5.15;1.8;1.24;31;3.21;1.95;28.46;12.62;4.51;8.35;dsp_parametros_60.txt;1044;1010;39;30;56.2;41.9;63;22026;6.72;1641;628;53.1;185873;0;768;176;169;3.98;750;191;65;29.92;12.13;0.98;193;data;174;'-13;117;154;126;116;122;686;0;0;3.445;97.3;0.108;4.487;0;3;3300;3300
db_buhler_1_dsp;;1,5968E+18;17;1596.5;987; OK;0;1022;194717;33;2.6;2.6;2.4;2.1;09/07/2020 18:02;5.15;1.79;1.25;30;3.21;1.95;28.7;12.61;4.5;8.48;dsp_parametros_60.txt;1045;1012;39;30;55.5;41.5;62.5;21986;6.7;1642;630;53.1;185874;0;769;176;169;3.98;750;192;63;29.9;12.1;0.98;194;data;173;'-13;118;154;125;116;122;684;0;0;3.435;97.6;0.108;4.607;0;3;3300;3300
db_buhler_1_dsp;;1,5968E+18;16.33;1596.2;988; OK;0;1020;194758;38;3.2;3.2;3.1;2.8;14/07/2020 06:35;5.14;1.78;1.26;31;3.26;2.22;27.98;12.62;4.63;8.45;dsp_parametros_60.txt;1044;1006;38;29;56.1;41.9;63.7;22072;6.68;1683;624;52.9;185915;0;761;173;166;3.97;750;192;72;29.26;12.11;1.01;34;data;172;'-13;115;152;122;112;117;683;0;0;3.562;96.5;0.106;4.712;0;3;3300;3300
db_buhler_1_dsp;;1,5968E+18;16.53;1596.2;987; OK;0;1020;194760;37;3.2;3.2;3.1;2.8;14/07/2020 06:38;5.15;1.78;1.27;31;3.25;2.18;27.9;12.61;4.65;8.67;dsp_parametros_60.txt;1044;1007;38;30;57.3;41.2;62.7;22079;6.68;1685;625;52.9;185917;0;762;173;166;3.97;750;192;71;29.64;12.1;1.01;36;data;172;'-13;115;152;123;112;117;684;0;0;3.584;96.9;0.106;4.986;0;3;3300;3300
db_buhler_1_dsp;;1,5968E+18;16.79;1596.3;986; OK;0;1021;194329;33;2.9;2.8;2.7;2.4;08/07/2020 07:20;5.15;1.8;1.25;31;3.23;1.97;28.58;12.62;4.5;8.46;dsp_parametros_60.txt;1044;1011;34;26;56.3;41;63.4;22010;6.66;1254;629;53.3;185486;0;768;174;167;3.99;750;189;64;29.7;12.07;0.99;67;data;172;'-13;115;152;123;113;118;688;0;0;3.437;97.2;0.107;4.463;0;3;3300;3300
db_buhler_1_dsp;;1,5968E+18;16.81;1596.4;986; OK;0;1022;194443;34;2.7;2.7;2.6;2.2;08/07/2020 10:44;5.15;1.82;1.24;29;3.21;1.96;28.38;12.61;4.57;8.37;dsp_parametros_60.txt;1046;1012;39;30;56.5;41.8;63.3;22074;6.76;1368;630;53.1;185600;0;769;175;168;3.98;750;192;61;29.94;12.15;0.98;181;data;173;'-13;116;154;125;115;121;686;0;0;3.511;97.6;0.108;4.809;0;3;3300;3300
db_buhler_1_dsp;;1,5968E+18;16.79;1596.5;986; OK;0;1022;194441;34;2.7;2.7;2.6;2.2;08/07/2020 10:41;5.15;1.82;1.24;29;3.21;1.97;28.3;12.62;4.57;8.36;dsp_parametros_60.txt;1046;1012;40;31;57.4;40.7;63.7;22035;6.82;1366;630;53;185598;0;768;175;168;3.98;750;193;62;29.84;12.23;0.98;179;data;174;'-13;117;155;125;115;122;683;0;0;3.507;97.2;0.108;4.864;0;3;3300;3300
db_buhler_1_dsp;;1,5968E+18;16.61;1596.4;986; OK;0;1022;194444;34;2.7;2.7;2.6;2.2;08/07/2020 10:46;5.15;1.81;1.24;29;3.22;1.94;28.44;12.62;4.56;8.42;dsp_parametros_60.txt;1046;1012;39;30;57.8;41;62.4;22081;6.68;1369;630;53;185601;0;768;176;168;3.98;750;190;62;29.58;12.09;0.98;182;data;174;'-13;116;155;125;115;121;688;0;0;3.502;97;0.108;4.653;0;3;3300;3300
db_buhler_1_dsp;;1,5968E+18;16.88;1596.4;987; OK;0;1022;194436;34;2.8;2.7;2.6;2.2;08/07/2020 10:33;5.15;1.83;1.24;29;3.21;1.96;28.52;12.61;4.51;8.43;dsp_parametros_60.txt;1046;1012;39;30;57.2;42.1;62;22020;6.64;1361;630;53.1;185593;0;769;175;168;3.98;751;192;62;29.9;12.03;0.98;174;data;173;'-13;116;154;124;115;121;688;0;0;3.448;97.4;0.108;4.691;0;3;3300;3300
db_buhler_1_dsp;;1,5968E+18;16.79;1596.4;986; OK;0;1021;194437;34;2.7;2.7;2.6;2.2;08/07/2020 10:35;5.15;1.83;1.25;30;3.21;1.96;28.76;12.6;4.53;8.54;dsp_parametros_60.txt;1045;1011;39;30;56.5;41.8;62.5;22067;6.68;1362;629;53.1;185594;0;769;175;168;3.98;749;190;62;29.8;12.1;0.98;175;data;173;'-13;115;154;124;115;121;688;0;0;3.462;97.7;0.108;4.576;0;3;3300;3300
db_buhler_1_dsp;;1,5968E+18;16.61;1596.5;987; OK;0;1022;194440;34;2.7;2.6;2.6;2.2;08/07/2020 10:39;5.15;1.81;1.24;29;3.21;1.98;28.2;12.62;4.56;8.44;dsp_parametros_60.txt;1046;1012;40;31;57.3;42.1;63.4;22023;6.72;1365;630;53;185597;0;767;175;168;3.98;750;190;61;29.64;12.12;0.98;178;data;173;'-13;116;155;125;115;121;684;0;0;3.504;97.1;0.108;4.643;0;3;3300;3300
db_buhler_1_dsp;;1,5968E+18;16.59;1596.3;986; OK;0;1022;194317;33;2.9;2.8;2.8;2.5;08/07/2020 07:01;5.15;1.81;1.24;30;3.23;2.03;28.3;12.61;4.51;8.4;dsp_parametros_60.txt;1045;1012;33;24;57.1;41.2;62.3;22072;6.8;1242;630;53.2;185474;0;765;174;167;3.99;750;191;63;29.54;12.21;0.99;55;data;171;'-13;115;152;122;112;117;688;0;0;3.445;97;0.108;4.72;0;3;3300;3300
db_buhler_1_dsp;;1,5968E+18;16.76;1596.5;987; OK;0;1022;194435;34;2.7;2.7;2.6;2.2;08/07/2020 10:31;5.15;1.83;1.24;29;3.21;1.97;28.44;12.6;4.56;8.41;dsp_parametros_60.txt;1046;1012;39;30;56.5;41.1;63.3;22016;6.7;1360;630;53.1;185592;0;768;175;168;3.98;750;194;63;29.62;12.12;0.98;173;data;173;'-13;116;154;124;115;121;688;0;0;3.492;97.2;0.108;4.63;0;3;3300;3300
db_buhler_1_dsp;;1,5968E+18;16.62;1596.4;986; OK;0;1022;194432;33;2.7;2.7;2.6;2.2;08/07/2020 10:26;5.15;1.84;1.24;30;3.21;1.98;28.26;12.61;4.56;8.55;dsp_parametros_60.txt;1045;1012;40;31;56.3;41.2;62.2;22069;6.7;1357;630;53.1;185589;0;768;175;168;3.98;749;192;61;29.6;12.11;0.98;170;data;173;'-13;116;154;124;115;121;686;0;0;3.495;97.2;0.108;4.662;0;3;3300;3300
db_buhler_1_dsp;;1,5968E+18;16.68;1596.4;986; OK;0;1022;194434;34;2.7;2.7;2.6;2.2;08/07/2020 10:30;5.15;1.83;1.24;29;3.22;1.98;28.52;12.61;4.58;8.53;dsp_parametros_60.txt;1046;1012;39;30;58.5;41;62.5;22046;6.68;1359;630;53;185591;0;768;175;168;3.98;750;190;63;29.68;12.1;0.98;172;data;173;'-13;116;154;124;115;121;686;0;0;3.52;97.3;0.108;4.869;0;3;3300;3300
db_buhler_1_dsp;;1,5968E+18;16.75;1596.3;987; OK;0;1019;194770;41;3.1;3;2.9;2.6;14/07/2020 06:54;5.15;1.83;1.25;31;3.24;2.11;28.42;12.61;4.56;8.46;dsp_parametros_60.txt;1044;1003;39;30;55.2;39.9;62.4;22075;6.7;1695;621;52.9;185927;0;764;173;166;3.97;751;190;77;29.86;12.11;1;46;data;172;'-13;116;153;124;113;118;688;0;0;3.491;97.6;0.106;4.778;0;3;3300;3300
db_buhler_1_dsp;;1,5968E+18;16.62;1596.3;987; OK;0;1018;194771;42;3.1;3;2.9;2.6;14/07/2020 06:56;5.15;1.8;1.26;33;3.24;2.09;28.54;12.62;4.54;8.5;dsp_parametros_60.txt;1042;1000;38;29;56.2;41.4;63.1;22091;6.72;1696;618;52.9;185928;0;764;173;166;3.97;750;190;78;29.7;12.12;1;47;data;172;'-13;116;153;124;113;118;687;0;0;3.477;97.5;0.105;4.586;0;3;3300;3300
db_buhler_1_dsp;;1,5968E+18;16.54;1596.4;987; OK;0;1022;194431;34;2.8;2.7;2.6;2.3;08/07/2020 10:25;5.15;1.84;1.24;29;3.21;1.93;28.42;12.61;4.53;8.36;dsp_parametros_60.txt;1046;1012;40;31;56.3;42;62.6;22078;6.7;1356;630;53;185588;0;769;175;168;3.98;751;192;63;29.86;12.11;0.98;169;data;173;'-13;116;154;124;115;121;686;0;0;3.478;97.4;0.108;4.559;0;3;3300;3300
db_buhler_1_dsp;;1,5968E+18;16.61;1596.3;988; OK;0;1020;194825;34;2.9;2.8;2.7;2.4;14/07/2020 08:24;5.15;1.82;1.24;31;3.22;2.04;28.56;12.62;4.57;8.34;dsp_parametros_60.txt;1044;1010;39;30;55.4;41.4;62.3;20754;6.8;1750;628;53.2;185982;0;764;174;167;3.99;750;189;63;30.22;12.21;1;101;data;173;'-13;116;154;124;115;119;689;0;0;3.508;97.8;0.107;4.541;0;3;3300;3300
db_buhler_1_dsp;;1,5968E+18;16.31;1596.4;986; OK;0;1020;194286;34;2.8;2.9;2.8;2.6;08/07/2020 06:10;5.15;1.76;1.26;32;3.26;2.27;28.46;12.61;4.68;8.44;dsp_parametros_60.txt;1043;1009;29;20;55.5;40.8;62;21956;6.72;1211;627;53.1;185443;0;761;173;166;3.98;751;189;63;30.22;12.12;1.01;24;data;168;'-13;112;149;120;108;114;681;0;0;3.616;98;0.107;4.817;0;3;3300;3300
db_buhler_1_dsp;;1,5968E+18;16.62;1596.3;986; OK;0;1020;194287;34;2.9;2.9;2.8;2.6;08/07/2020 06:12;5.15;1.68;1.26;31;3.25;2.26;28.34;12.61;4.63;8.44;dsp_parametros_60.txt;1044;1010;29;20;56.6;42.1;63.3;22033;6.7;1212;628;53.1;185444;0;761;173;166;3.98;750;191;66;29.62;12.1;1.01;25;data;168;'-13;113;150;120;109;114;684;0;0;3.574;97;0.108;4.826;0;3;3300;3300
db_buhler_1_dsp;;1,5968E+18;16.81;1596.2;987; OK;0;1020;194824;34;2.9;2.7;2.7;2.3;14/07/2020 08:22;5.14;1.82;1.26;31;3.24;2;28.56;12.62;4.56;7.93;dsp_parametros_60.txt;1044;1010;38;30;56.2;41.6;64;20760;6.78;1749;628;53.1;185981;0;765;174;167;3.98;750;192;64;30.26;12.19;1;100;data;173;'-13;117;154;124;115;120;685;0;0;3.498;97.6;0.107;4.728;0;3;3300;3300
db_buhler_1_dsp;;1,5968E+18;16.54;1596.3;986; OK;0;1019;194794;34;3;2.9;2.8;2.5;14/07/2020 07:33;5.15;1.81;1.25;33;3.24;2.05;28.16;12.62;4.58;8;dsp_parametros_60.txt;1042;1008;38;30;56.8;43.1;63.2;20867;6.7;1719;626;53.2;185951;0;763;173;166;3.99;749;190;64;30.2;12.1;1;70;data;172;'-13;116;153;123;114;119;683;0;0;3.526;97.1;0.107;4.537;0;3;3300;3300
db_buhler_1_dsp;;1,5968E+18;16.59;1596.2;987; OK;0;1018;194773;41;3;3;2.9;2.5;14/07/2020 06:59;5.15;1.8;1.26;31;3.24;2.09;28.54;12.61;4.6;8.44;dsp_parametros_60.txt;1044;1003;37;29;58.5;41.2;63.6;22075;6.72;1698;621;52.9;185930;0;763;173;166;3.97;750;192;78;29.9;12.12;1;49;data;172;'-13;115;153;123;113;118;686;0;0;3.546;97.5;0.106;4.811;0;3;3300;3300
db_buhler_1_dsp;;1,5968E+18;14.07;1596.4;930;BAD;0;1018;194727;30;3.1;3.2;3.1;3.1;14/07/2020 05:45;5.15;1.51;1.17;27;3.34;3.22;26.88;12.61;5.29;8.07;dsp_parametros_60.txt;1048;1018;0;0;0;0;'-0.2;21905;21.64;1652;636;25.7;185884;0;289;175;168;1.93;251;191;25;29.7;30.49;1.08;3;data;85;'-13;58;82;82;52;61;686;0;0;4.247;200.4;0.201;5.267;0;3;3300;3300
db_buhler_1_dsp;;1,5968E+18;15.15;1596.3;986; OK;0;1020;194737;37;3.2;3.3;3.1;3;14/07/2020 06:01;5.15;1.63;1.14;32;3.31;2.94;27.34;12.62;4.78;8.51;dsp_parametros_60.txt;1043;1006;34;26;56;41.4;64.7;22078;6.74;1662;624;52.9;185894;0;756;173;166;3.97;751;190;67;29.84;12.17;1.04;13;data;168;'-13;112;149;120;105;110;685;0;0;3.716;96.6;0.107;4.722;0;3;3300;3300
db_buhler_1_dsp;;1,5968E+18;16.1;1596.4;986; OK;0;1022;194870;35;2.8;2.7;2.6;2.3;14/07/2020 09:59;5.15;1.8;1.24;29;3.23;2.09;27.92;12.62;4.52;8.41;dsp_parametros_60.txt;1046;1011;41;32;56.6;40.8;62.4;22135;6.8;1795;629;53.1;186027;0;766;174;168;3.98;750;191;63;29.9;12.22;1;146;data;173;'-13;117;152;126;114;119;684;0;0;3.463;97;0.108;4.787;0;3;3300;3300
db_buhler_1_dsp;;1,5968E+18;16.17;1596.4;985; OK;0;1020;194869;34;2.8;2.7;2.6;2.3;14/07/2020 09:57;5.15;1.81;1.25;32;3.23;2.1;27.72;12.6;4.6;8.42;dsp_parametros_60.txt;1043;1009;42;32;56.1;41.7;63.4;22161;6.72;1794;627;53.2;186026;0;764;174;168;3.99;750;191;62;29.92;12.12;1;145;data;173;'-13;116;151;127;113;119;683;0;0;3.532;97;0.108;4.695;0;3;3300;3300
db_buhler_1_dsp;;1,5968E+18;16.41;1596.4;986; OK;0;1020;194874;35;2.8;2.7;2.6;2.3;14/07/2020 10:05;5.15;1.81;1.24;31;3.23;2.04;27.74;12.62;4.52;8.45;dsp_parametros_60.txt;1044;1009;39;30;56;41.9;63.3;22095;6.74;1799;627;53.1;186031;0;766;174;168;3.98;749;192;70;29.6;12.14;0.99;150;data;173;'-13;117;153;124;115;120;688;0;0;3.461;96.4;0.108;4.488;0;3;3300;3300
db_buhler_1_dsp;;1,5968E+18;17.2;1596.4;987; OK;0;1020;194611;33;2.7;2.7;2.6;2.3;09/07/2020 14:18;5.15;1.83;1.25;32;3.22;1.96;29;12.62;4.42;8.41;dsp_parametros_60.txt;1043;1010;40;31;56.3;41.1;63.8;22059;6.64;1536;628;53.3;185768;0;770;175;168;3.99;750;194;65;30.2;12.04;0.99;88;data;171;'-13;116;152;124;114;120;685;0;0;3.354;98;0.107;4.616;0;3;3300;3300
db_buhler_1_dsp;;1,5968E+18;16.79;1596.3;986; OK;0;1021;194327;33;2.9;2.8;2.7;2.4;08/07/2020 07:17;5.15;1.8;1.25;30;3.23;2;28.42;12.61;4.54;8.38;dsp_parametros_60.txt;1045;1012;34;26;57;42;62.6;22066;6.72;1252;630;53.3;185484;0;766;174;167;3.99;750;196;63;29.9;12.14;0.99;65;data;171;'-13;115;152;123;112;118;686;0;0;3.473;97.5;0.108;4.886;0;3;3300;3300
db_buhler_1_dsp;;1,5968E+18;16.52;1596.3;987; OK;0;1022;194320;33;2.8;2.8;2.7;2.4;08/07/2020 07:06;5.14;1.81;1.25;30;3.23;2;28.58;12.62;4.55;8.72;dsp_parametros_60.txt;1045;1012;33;25;57.2;42.6;62;22076;6.7;1245;630;53.3;185477;0;766;174;167;3.99;750;191;62;29.54;12.11;0.99;58;data;171;'-13;115;151;122;112;118;683;0;0;3.497;97.4;0.107;4.716;0;3;3300;3300
db_buhler_1_dsp;;1,5968E+18;16.76;1596.3;986; OK;0;1022;194323;34;2.9;2.8;2.7;2.4;08/07/2020 07:10;5.15;1.8;1.25;30;3.23;2;28.6;12.61;4.55;8.45;dsp_parametros_60.txt;1045;1011;34;25;58.4;42.8;63.1;22074;6.68;1248;629;53.2;185480;0;765;174;167;3.99;751;191;63;29.3;12.07;0.99;61;data;171;'-13;115;152;122;112;118;685;0;0;3.481;96.9;0.108;4.745;0;3;3300;3300
db_buhler_1_dsp;;1,5968E+18;16.69;1596.3;986; OK;0;1021;194326;33;2.8;2.8;2.7;2.4;08/07/2020 07:15;5.15;1.81;1.24;31;3.22;1.98;28.36;12.62;4.5;8.43;dsp_parametros_60.txt;1044;1011;34;25;56.5;43.7;63.7;22019;6.68;1251;629;53.2;185483;0;766;174;167;3.99;749;192;63;29.04;12.1;0.99;64;data;171;'-13;115;152;123;113;118;686;0;0;3.436;96.5;0.107;4.559;0;3;3300;3300
db_buhler_1_dsp;;1,5968E+18;16.8;1596.3;986; OK;0;1020;194321;33;2.9;2.8;2.7;2.5;08/07/2020 07:07;5.15;1.8;1.24;32;3.23;2;28.22;12.62;4.52;8.38;dsp_parametros_60.txt;1043;1010;34;25;56.5;41.6;62.2;22089;6.72;1246;628;53.2;185478;0;767;174;167;3.99;750;193;64;29.82;12.12;0.99;59;data;171;'-13;115;152;122;112;117;683;0;0;3.46;97;0.108;4.525;0;3;3300;3300
db_buhler_1_dsp;;1,5968E+18;16.8;1596.3;986; OK;0;1020;194328;34;2.9;2.8;2.7;2.4;08/07/2020 07:19;5.14;1.82;1.25;31;3.22;2;28.52;12.62;4.51;8.4;dsp_parametros_60.txt;1044;1010;34;26;56.2;42.3;62.6;21961;6.64;1253;628;53.3;185485;0;768;174;167;4;749;192;63;29.96;12.04;0.99;66;data;171;'-13;115;152;123;113;118;686;0;0;3.452;97.4;0.107;4.745;0;3;3300;3300
db_buhler_1_dsp;;1,5968E+18;16.61;1596.3;986; OK;0;1020;194348;33;2.8;2.8;2.7;2.4;08/07/2020 07:51;5.15;1.81;1.24;32;3.22;1.99;28.24;12.61;4.54;8.4;dsp_parametros_60.txt;1043;1010;36;27;55.5;43.2;62.9;22068;6.74;1273;628;53.3;185505;0;768;175;167;3.99;750;191;63;29.92;12.16;0.99;86;data;172;'-13;115;153;124;114;119;688;0;0;3.473;97.2;0.107;4.734;0;3;3300;3300
db_buhler_1_dsp;;1,5968E+18;16.47;1596.3;986; OK;0;1022;194324;33;2.9;2.8;2.7;2.4;08/07/2020 07:12;5.15;1.81;1.26;31;3.23;2;28.52;12.61;4.48;8.4;dsp_parametros_60.txt;1044;1011;34;25;57.3;41.7;62.1;22037;6.7;1249;629;53.3;185481;0;767;174;167;3.99;750;191;64;29.9;12.1;0.99;62;data;171;'-13;115;152;123;112;118;685;0;0;3.416;97.4;0.107;4.41;0;3;3300;3300
db_buhler_1_dsp;;1,5968E+18;16.75;1596.3;986; OK;0;1019;194319;34;2.9;2.8;2.7;2.5;08/07/2020 07:04;5.15;1.8;1.24;32;3.23;2;28.04;12.61;4.55;8.46;dsp_parametros_60.txt;1043;1009;33;24;58.1;42;63.3;22037;6.72;1244;627;53.2;185476;0;766;174;166;3.99;750;194;65;29.6;12.11;0.99;57;data;171;'-13;115;152;122;112;118;681;0;0;3.482;96.7;0.107;4.839;0;3;3300;3300
db_buhler_1_dsp;;1,5968E+18;16.82;1596.3;986; OK;0;1021;194322;33;2.8;2.8;2.7;2.4;08/07/2020 07:09;5.15;1.81;1.24;31;3.23;2.01;28.56;12.62;4.57;8.42;dsp_parametros_60.txt;1044;1011;34;25;56.2;41.9;61.8;22079;6.72;1247;629;53.2;185479;0;765;174;167;3.99;750;194;64;29.94;12.13;0.99;60;data;171;'-13;115;152;122;112;118;684;0;0;3.504;97.6;0.108;4.562;0;3;3300;3300
db_buhler_1_dsp;;1,5968E+18;15.72;1596.2;986; OK;0;1022;194123;35;3;3;2.8;2.5;07/07/2020 14:06;5.15;1.79;1.25;29;3.23;2.01;27.56;12.62;4.57;8.51;dsp_parametros_60.txt;1046;1011;52;44;59.2;41.3;64.2;22030;6.74;1048;629;53.3;185280;0;762;175;168;3.99;750;190;62;29.6;12.15;0.99;82;data;176;'-13;120;157;129;117;123;684;0;0;3.513;96.6;0.108;4.844;0;3;3300;3300
db_buhler_1_dsp;;1,5968E+18;16.51;1596.2;985; OK;0;1020;194124;33;3;3;2.8;2.5;07/07/2020 14:08;5.15;1.79;1.26;32;3.23;2.01;27.44;12.61;4.6;8.42;dsp_parametros_60.txt;1043;1010;53;44;57.7;42.1;65;22044;6.7;1049;628;53.3;185281;0;766;176;168;4;750;190;65;29.5;12.1;0.99;83;data;177;'-13;120;158;129;117;123;685;0;0;3.539;96;0.108;4.949;0;3;3300;3300
db_buhler_1_dsp;;1,5968E+18;15.49;1596.3;985; OK;0;1018;194505;33;2.8;3;2.8;2.7;09/07/2020 11:24;5.15;1.65;1.11;34;3.28;2.9;27.62;12.62;4.79;8.48;dsp_parametros_60.txt;1041;1008;37;28;56.4;41.8;63.1;22090;6.68;1430;626;53.1;185662;0;756;172;165;3.98;750;190;66;29.9;12.13;1.02;18;data;171;'-13;114;151;122;109;115;688;0;0;3.738;97;0.107;4.799;0;3;3300;3300
db_buhler_1_dsp;;1,5968E+18;17.18;1596.3;986; OK;0;1019;194555;34;2.8;2.9;2.7;2.5;09/07/2020 12:45;5.15;1.82;1.26;33;3.23;2.01;28.88;12.61;4.51;8.35;dsp_parametros_60.txt;1042;1008;39;30;57.8;40.8;61.9;22098;6.7;1480;626;53.2;185712;0;765;173;166;3.99;750;190;63;29.94;12.11;0.99;32;data;172;'-13;115;153;124;113;119;686;0;0;3.448;98;0.107;4.646;0;3;3300;3300
db_buhler_1_dsp;;1,5968E+18;16.59;1596.3;988; OK;0;1022;194325;33;2.8;2.8;2.7;2.4;08/07/2020 07:14;5.15;1.8;1.25;30;3.23;1.99;28.24;12.61;4.46;8.44;dsp_parametros_60.txt;1045;1012;34;25;57.1;41.1;63.1;22076;6.68;1250;630;53.2;185482;0;768;174;167;3.99;749;191;65;29.26;12.09;0.99;63;data;171;'-13;115;152;123;112;118;685;0;0;3.396;96.5;0.107;4.593;0;3;3300;3300
db_buhler_1_dsp;;1,5968E+18;16.87;1596.3;986; OK;0;1020;194350;34;2.9;2.8;2.7;2.4;08/07/2020 07:54;5.15;1.83;1.24;31;3.22;1.98;28.56;12.62;4.53;8.43;dsp_parametros_60.txt;1044;1010;37;28;58.2;40.8;62.5;21998;6.72;1275;628;53.3;185507;0;767;175;167;4;749;194;63;29.62;12.12;0.99;88;data;172;'-13;115;153;124;114;119;685;0;0;3.47;97.3;0.108;4.735;0;3;3300;3300
db_buhler_1_dsp;;1,5968E+18;17.07;1596.3;986; OK;0;1020;194169;33;2.7;2.8;2.6;2.4;07/07/2020 15:39;5.15;1.8;1.24;32;3.23;2;28.7;12.61;4.54;8.35;dsp_parametros_60.txt;1043;1010;37;28;56.8;41.1;63;22030;6.68;1094;628;53.2;185326;0;768;177;170;3.99;749;192;63;29.62;12.07;0.99;128;data;172;'-13;116;153;124;114;120;684;0;0;3.478;97.4;0.108;4.702;0;3;3300;3300
db_buhler_1_dsp;;1,5968E+18;16.72;1596.3;986; OK;0;1021;194222;33;2.8;2.8;2.6;2.3;07/07/2020 17:05;5.15;1.81;1.25;31;3.21;1.98;28.78;12.62;4.54;8.35;dsp_parametros_60.txt;1044;1011;38;29;58.5;41.4;62.5;22089;6.66;1147;629;53.1;185379;0;769;177;170;3.98;749;192;63;29.96;12.06;0.99;181;data;173;'-13;117;154;125;115;121;691;0;0;3.476;97.7;0.108;4.499;0;3;3300;3300
db_buhler_1_dsp;;1,5968E+18;16.79;1596.3;986; OK;0;1022;194242;33;2.8;2.8;2.6;2.3;07/07/2020 17:37;5.15;1.82;1.24;30;3.21;1.98;28.52;12.61;4.59;8.34;dsp_parametros_60.txt;1045;1012;38;29;57.4;42.1;63.9;22018;6.66;1167;630;53;185399;0;769;177;170;3.97;750;194;65;29.9;12.07;0.98;201;data;173;'-13;116;155;126;115;122;686;0;0;3.522;97.5;0.108;4.728;0;3;3300;3300
db_buhler_1_dsp;;1,5968E+18;16.62;1596.3;986; OK;0;1021;194316;33;2.8;2.8;2.7;2.4;08/07/2020 06:59;5.15;1.8;1.24;31;3.23;2;28.36;12.62;4.53;8.45;dsp_parametros_60.txt;1044;1011;33;24;56.4;41.2;63.2;22054;6.68;1241;629;53.3;185473;0;766;174;166;3.99;750;191;62;29.9;12.1;0.99;54;data;171;'-13;115;152;122;112;117;683;0;0;3.463;97.3;0.107;4.575;0;3;3300;3300
db_buhler_1_dsp;;1,5968E+18;16.75;1596.4;986; OK;0;1020;194392;34;2.8;2.7;2.6;2.3;08/07/2020 09:03;5.15;1.83;1.25;31;3.22;1.98;28.48;12.62;4.52;8.4;dsp_parametros_60.txt;1044;1010;40;31;57.1;42.5;63;22054;6.68;1317;628;53.2;185549;0;767;175;168;3.99;749;190;64;29.94;12.1;0.99;130;data;174;'-13;116;155;125;115;121;689;0;0;3.452;97.4;0.107;4.698;0;3;3300;3300
db_buhler_1_dsp;;1,5968E+18;16.9;1596.4;986; OK;0;1020;194410;34;2.7;2.7;2.6;2.3;08/07/2020 09:51;5.14;1.83;1.24;31;3.22;1.97;28.52;12.61;4.55;8.47;dsp_parametros_60.txt;1044;1010;39;30;57.2;41.2;62.9;22066;6.72;1335;628;53.1;185567;0;767;175;168;3.98;750;192;63;29.92;12.14;0.99;148;data;172;'-13;115;152;124;114;120;688;0;0;3.486;97.8;0.108;4.562;0;3;3300;3300
db_buhler_1_dsp;;1,5968E+18;16.59;1596.4;986; OK;0;1022;194411;34;2.8;2.7;2.6;2.3;08/07/2020 09:52;5.15;1.82;1.25;29;3.22;1.97;28.68;12.62;4.57;8.46;dsp_parametros_60.txt;1046;1012;39;30;57.4;41.1;62;22045;6.7;1336;630;53.1;185568;0;767;175;168;3.98;749;190;63;29.86;12.12;0.98;149;data;172;'-13;116;153;124;114;120;688;0;0;3.504;97.6;0.108;4.734;0;3;3300;3300
db_buhler_1_dsp;;1,5968E+18;16.99;1596.4;986; OK;0;1021;194487;33;2.7;2.7;2.6;2.2;08/07/2020 11:56;5.15;1.84;1.25;31;3.21;1.95;28.48;12.62;4.54;8.39;dsp_parametros_60.txt;1044;1011;40;31;57.1;41.1;62.8;22026;6.7;1412;629;53.1;185644;0;768;176;168;3.98;749;190;61;29.9;12.11;0.98;225;data;174;'-13;117;155;124;116;122;688;0;0;3.478;97.3;0.108;4.455;0;3;3300;3300
db_buhler_1_dsp;;1,5968E+18;15;1596.4;988;LOK;0;1022;194493;33;2.8;3;2.9;2.9;09/07/2020 11:05;5.15;1.64;1.12;31;3.32;3.09;26.54;12.6;4.99;8.46;dsp_parametros_60.txt;1044;1011;37;28;56.5;41.9;64;22004;6.74;1418;629;52.3;185650;0;755;172;165;3.92;751;191;68;30.18;12.21;1.06;6;data;177;'-13;111;147;133;102;107;685;0;0;3.921;96.7;0.108;4.814;0;3;3300;3300
db_buhler_1_dsp;;1,5968E+18;14.64;1596.1;984; OK;0;1018;194013;33;2.8;3.1;2.8;3;01/07/2020 11:27;5.15;1.62;1.13;35;3.38;3.35;26.92;12.61;5.02;8.47;dsp_parametros_60.txt;1040;1007;34;29;55.9;58.9;61.6;22000;7.36;938;625;52.9;185170;0;753;168;162;3.97;750;192;70;30.56;12.86;1.1;6;data;162;'-13;94;142;119;107;102;670;0;0;3.954;97.8;0.107;4.777;0;3;3300;3300
db_buhler_1_dsp;;1,5968E+18;16.42;1596.1;984; OK;0;1020;194076;33;3;3;2.8;2.6;07/07/2020 12:50;5.15;1.74;1.25;32;3.25;2.16;28.32;12.62;4.65;8.47;dsp_parametros_60.txt;1043;1010;46;37;57.3;40;63.1;22074;6.94;1001;628;53.3;185233;0;763;174;166;4;750;194;63;30.68;12.33;1;35;data;173;'-13;117;153;124;113;119;688;0;0;3.584;98.4;0.108;5.052;0;3;3300;3300
db_buhler_1_dsp;;1,5968E+18;16.34;1596.2;985; OK;0;1020;194087;32;3;3.1;2.9;2.7;07/07/2020 13:08;5.15;1.77;1.25;33;3.24;2.08;28.26;12.61;4.62;8.57;dsp_parametros_60.txt;1042;1010;48;39;57.4;41.1;63.7;22089;6.72;1012;628;53.3;185244;0;764;174;167;4;750;192;63;29.62;12.12;1;46;data;174;'-13;118;154;126;115;120;688;0;0;3.556;97.1;0.108;4.622;0;3;3300;3300
db_buhler_1_dsp;;1,5968E+18;16.43;1596.1;985; OK;0;1020;194103;32;3;3;2.8;2.6;07/07/2020 13:34;5.14;1.78;1.25;32;3.24;2.01;28.16;12.62;4.64;8.59;dsp_parametros_60.txt;1043;1011;51;42;59.4;41;63.7;22080;6.74;1028;629;53.3;185260;0;764;175;167;3.99;751;196;62;29.96;12.15;1;62;data;175;'-13;119;155;127;116;122;688;0;0;3.579;97.7;0.108;4.787;0;3;3300;3300
db_buhler_1_dsp;;1,5968E+18;16.36;1596.2;986; OK;0;1020;194104;32;3;3;2.9;2.6;07/07/2020 13:35;5.14;1.8;1.25;32;3.23;2.02;28.28;12.61;4.61;8.7;dsp_parametros_60.txt;1043;1011;50;42;57.3;41.2;63.9;22044;6.66;1029;629;53.3;185261;0;763;175;167;3.99;750;194;63;29.54;12.08;1;63;data;175;'-13;119;155;127;116;122;688;0;0;3.543;97.1;0.108;4.783;0;3;3300;3300
db_buhler_1_dsp;;1,5968E+18;16.79;1596.2;984; OK;0;1019;194113;33;3;3;2.9;2.6;07/07/2020 13:50;5.15;1.82;1.24;33;3.23;2.02;28.44;12.62;4.6;8.43;dsp_parametros_60.txt;1042;1009;52;43;57.9;40.3;63.9;22061;6.7;1038;627;53.2;185270;0;764;175;168;3.99;750;192;64;30.22;12.12;0.99;72;data;176;'-13;119;156;128;117;123;687;0;0;3.533;97.9;0.108;4.754;0;3;3300;3300
db_buhler_1_dsp;;1,5968E+18;16.53;1596.2;985; OK;0;1019;194130;32;2.9;3;2.8;2.5;07/07/2020 14:17;5.15;1.8;1.26;33;3.23;1.99;28.34;12.61;4.6;8.44;dsp_parametros_60.txt;1042;1010;34;24;58.1;40.6;63.4;22079;6.8;1055;628;53.3;185287;0;765;176;168;3.99;751;193;63;29.92;12.2;0.99;89;data;174;'-13;117;154;125;115;121;688;0;0;3.534;97.5;0.108;4.619;0;3;3300;3300
db_buhler_1_dsp;;1,5968E+18;16.8;1596.3;986; OK;0;1021;194172;33;2.8;2.9;2.7;2.4;07/07/2020 15:43;5.15;1.79;1.25;31;3.23;2;28.56;12.61;4.6;8.38;dsp_parametros_60.txt;1044;1011;37;28;57.6;40.6;63.2;22081;6.72;1097;629;53;185329;0;767;177;170;3.98;750;191;63;29.94;12.13;0.99;131;data;172;'-13;116;153;124;114;120;688;0;0;3.536;97.5;0.108;4.611;0;3;3300;3300
db_buhler_1_dsp;;1,5968E+18;16.83;1596.3;985; OK;0;1020;194181;34;2.7;2.7;2.6;2.3;07/07/2020 15:58;5.15;1.79;1.25;32;3.23;1.97;28.54;12.6;4.57;8.44;dsp_parametros_60.txt;1043;1009;38;28;57.3;42.3;62.9;21982;6.64;1106;627;53.1;185338;0;768;177;170;3.98;750;192;62;29.94;12.05;0.98;140;data;172;'-13;116;153;124;114;120;689;0;0;3.502;97.5;0.108;4.678;0;3;3300;3300
db_buhler_1_dsp;;1,5968E+18;16.8;1596.3;986; OK;0;1020;194189;33;2.7;2.8;2.6;2.3;07/07/2020 16:11;5.15;1.81;1.24;31;3.22;1.97;28.48;12.62;4.57;8.33;dsp_parametros_60.txt;1044;1011;38;29;56.9;41.8;62.5;22057;6.74;1114;629;53.2;185346;0;769;177;170;3.99;750;191;62;29.92;12.15;0.99;148;data;172;'-13;116;153;124;115;121;683;0;0;3.507;97.6;0.108;4.696;0;3;3300;3300
db_buhler_1_dsp;;1,5968E+18;16.89;1596.3;986; OK;0;1020;194194;34;2.7;2.7;2.6;2.3;07/07/2020 16:19;5.15;1.84;1.25;31;3.22;1.99;28.8;12.61;4.54;8.42;dsp_parametros_60.txt;1044;1010;38;29;57.2;40.8;63;22077;6.7;1119;628;53.2;185351;0;769;177;170;3.99;749;193;62;29.64;12.09;0.99;153;data;172;'-13;117;154;124;115;121;686;0;0;3.475;97.6;0.108;4.747;0;3;3300;3300
db_buhler_1_dsp;;1,5968E+18;13.57;1596.4;930;BAD;0;1018;194489;22;3.1;3.3;3.1;3.2;09/07/2020 10:58;5.15;1.62;1.15;36;3.33;3.41;26.4;12.62;5.33;8.21;dsp_parametros_60.txt;1039;1017;0;0;0.2;0;'-0.1;22266;43.4;1414;635;25.7;185646;0;291;175;168;1.93;251;190;25;29.64;49.02;1.07;2;data;76;'-13;57;68;71;52;56;689;0;0;4.273;518.2;0.201;5.501;0;3;3300;3300
db_buhler_1_dsp;;1,5968E+18;16.66;1596.3;986; OK;0;1021;194239;34;2.8;2.8;2.6;2.3;07/07/2020 17:32;5.15;1.81;1.25;31;3.22;1.97;28.62;12.61;4.55;8.38;dsp_parametros_60.txt;1044;1010;39;30;57.8;39.4;63.2;22059;6.7;1164;628;53.2;185396;0;768;177;170;3.99;750;191;63;29.6;12.1;0.98;198;data;173;'-13;116;155;126;115;122;688;0;0;3.487;97.1;0.108;4.508;0;3;3300;3300
db_buhler_1_dsp;;1,5968E+18;16.83;1596.3;986; OK;0;1021;194294;34;2.9;2.9;2.8;2.6;08/07/2020 06:23;5.15;1.79;1.24;31;3.24;2.17;28.34;12.62;4.63;8.43;dsp_parametros_60.txt;1044;1010;30;21;56.8;41.6;62.2;22049;6.72;1219;628;53.2;185451;0;763;173;166;3.99;750;191;64;29.94;12.13;1;32;data;169;'-13;114;151;121;110;115;688;0;0;3.562;97.4;0.108;4.694;0;3;3300;3300
db_buhler_1_dsp;;1,5968E+18;16.67;1596.3;986; OK;0;1021;194304;34;2.9;2.9;2.8;2.5;08/07/2020 06:40;5.15;1.79;1.24;31;3.23;2.07;28.18;12.61;4.56;8.43;dsp_parametros_60.txt;1044;1010;31;23;55.3;41.2;62.3;22045;6.74;1229;628;53.2;185461;0;765;174;166;3.99;750;191;63;29.6;12.15;0.99;42;data;170;'-13;114;151;122;111;117;688;0;0;3.497;97.1;0.108;4.632;0;3;3300;3300
db_buhler_1_dsp;;1,5968E+18;16.27;1596.3;987; OK;0;1022;194312;34;2.9;2.8;2.7;2.5;08/07/2020 06:53;5.15;1.78;1.24;29;3.23;2.03;28.4;12.62;4.56;8.39;dsp_parametros_60.txt;1046;1012;32;24;57.8;41.5;62.7;22033;6.64;1237;630;53.3;185469;0;765;174;166;4;750;192;63;29.92;12.05;1;50;data;170;'-13;114;151;122;112;117;689;0;0;3.495;97.2;0.108;4.634;0;3;3300;3300
db_buhler_1_dsp;;1,5968E+18;16.76;1596.3;986; OK;0;1020;194361;33;2.8;2.8;2.6;2.3;08/07/2020 08:12;5.15;1.83;1.25;32;3.22;1.95;28.66;12.61;4.5;8.48;dsp_parametros_60.txt;1043;1010;38;29;56.2;41.3;63.5;22045;6.68;1286;628;53.4;185518;0;768;175;168;4;751;192;63;29.8;12.1;0.99;99;data;172;'-13;115;153;124;114;119;685;0;0;3.433;97.6;0.107;4.607;0;3;3300;3300
db_buhler_1_dsp;;1,5968E+18;16.82;1596.3;986; OK;0;1020;194362;34;2.9;2.8;2.7;2.4;08/07/2020 08:14;5.15;1.81;1.24;31;3.22;1.95;28.5;12.6;4.53;8.6;dsp_parametros_60.txt;1044;1010;38;29;57.2;41.6;62.4;22009;6.88;1287;628;53.3;185519;0;767;175;168;4;750;191;64;29.64;12.29;0.98;100;data;172;'-11;115;153;124;114;119;686;0;0;3.461;97.4;0.107;4.704;0;3;3300;3300
db_buhler_1_dsp;;1,5968E+18;16.98;1596.4;986; OK;0;1021;194401;33;2.7;2.7;2.6;2.3;08/07/2020 09:36;5.14;1.81;1.25;30;3.22;2.02;28.66;12.61;4.58;8.49;dsp_parametros_60.txt;1045;1012;39;29;58.2;39.8;61.9;22081;6.7;1326;630;53.1;185558;0;767;175;168;3.98;750;193;62;30.14;12.1;0.99;139;data;174;'-13;115;153;125;114;120;688;0;0;3.513;98.1;0.108;4.728;0;3;3300;3300
db_buhler_1_dsp;;1,5968E+18;17.09;1596.4;986; OK;0;1020;194170;34;2.7;2.8;2.6;2.4;07/07/2020 15:40;5.15;1.81;1.24;31;3.23;2;28.78;12.61;4.54;8.32;dsp_parametros_60.txt;1044;1010;38;28;56.4;39.7;63.2;21972;6.68;1095;628;53.2;185327;0;769;177;170;3.99;750;191;62;30.24;12.08;0.99;129;data;172;'-13;117;152;124;114;120;683;0;0;3.478;98;0.108;4.828;0;3;3300;3300
db_buhler_1_dsp;;1,5968E+18;16.96;1596.3;986; OK;0;1020;194177;34;2.7;2.8;2.6;2.3;07/07/2020 15:52;5.15;1.8;1.25;31;3.22;2;28.48;12.61;4.6;8.36;dsp_parametros_60.txt;1044;1010;38;28;54.8;40.3;62.7;22072;6.74;1102;628;53.1;185334;0;767;177;170;3.98;750;194;61;29.9;12.16;0.99;136;data;172;'-13;117;154;124;114;120;683;0;0;3.534;97.6;0.108;4.767;0;3;3300;3300
db_buhler_1_dsp;;1,5968E+18;17;1596.3;986; OK;0;1021;194212;33;2.8;2.8;2.6;2.3;07/07/2020 16:48;5.15;1.8;1.24;31;3.23;1.96;28.42;12.61;4.54;8.39;dsp_parametros_60.txt;1044;1011;38;29;57.3;40.4;63.7;21997;6.72;1137;629;53.1;185369;0;769;177;170;3.98;749;191;62;29.6;12.12;0.98;171;data;173;'-13;117;155;125;115;121;683;0;0;3.474;97;0.108;4.576;0;3;3300;3300
db_buhler_1_dsp;;1,5968E+18;16.87;1596.3;986; OK;0;1022;194213;33;2.8;2.8;2.6;2.3;07/07/2020 16:50;5.15;1.8;1.25;30;3.22;1.96;28.74;12.61;4.56;8.37;dsp_parametros_60.txt;1045;1012;38;29;57.2;41.7;62.7;22012;6.7;1138;630;53.2;185370;0;769;177;170;3.99;750;195;61;29.86;12.12;0.99;172;data;173;'-13;116;154;125;115;121;686;0;0;3.495;97.6;0.108;4.673;0;3;3300;3300
db_buhler_1_dsp;;1,5968E+18;16.77;1596.4;986; OK;0;1020;194215;34;2.7;2.8;2.6;2.3;07/07/2020 16:53;5.15;1.8;1.24;31;3.22;1.95;28.46;12.61;4.51;8.4;dsp_parametros_60.txt;1044;1010;38;29;57;41.2;62.5;22023;6.82;1140;628;53.1;185372;0;771;177;170;3.98;750;192;64;29.9;12.22;0.99;174;data;173;'-13;117;154;125;115;121;689;0;0;3.445;97.6;0.108;4.561;0;3;3300;3300
db_buhler_1_dsp;;1,5968E+18;17.1;1596.3;986; OK;0;1021;194174;33;2.8;2.8;2.6;2.4;07/07/2020 15:47;5.15;1.8;1.24;31;3.22;2;28.74;12.62;4.53;8.4;dsp_parametros_60.txt;1044;1011;38;28;56;40.2;63.1;22038;6.7;1099;629;53.1;185331;0;770;177;170;3.98;750;192;63;29.58;12.09;0.98;133;data;172;'-13;116;153;124;114;120;689;0;0;3.474;97.2;0.108;4.561;0;3;3300;3300
db_buhler_1_dsp;;1,5968E+18;16.67;1596.2;986; OK;0;1021;194097;33;3;3.1;2.9;2.6;07/07/2020 13:24;5.15;1.78;1.25;31;3.24;2.04;28.4;12.62;4.61;8.69;dsp_parametros_60.txt;1044;1011;50;41;57.6;41.7;63.8;22029;6.8;1022;629;53.1;185254;0;766;174;167;3.98;752;191;65;29.86;12.21;1;56;data;175;'-13;118;155;126;115;122;686;0;0;3.559;97.8;0.108;4.861;0;3;3300;3300
db_buhler_1_dsp;;1,5968E+18;16.27;1596.1;985; OK;0;1020;194099;33;3;3;2.8;2.6;07/07/2020 13:27;5.15;1.79;1.24;32;3.24;2.06;28.38;12.62;4.63;8.43;dsp_parametros_60.txt;1043;1010;50;41;58.4;41.4;63.6;22060;6.7;1024;628;53.3;185256;0;763;175;167;4;750;190;63;29.86;12.11;1;58;data;175;'-13;119;155;127;115;122;686;0;0;3.563;97.5;0.108;4.79;0;3;3300;3300
db_buhler_1_dsp;;1,5968E+18;16.51;1596.1;985; OK;0;1020;194100;33;3;3;2.8;2.6;07/07/2020 13:29;5.15;1.78;1.24;32;3.23;2.06;28;12.62;4.63;8.46;dsp_parametros_60.txt;1043;1010;50;41;57.5;42.5;63;22024;6.62;1025;628;53.2;185257;0;764;175;167;3.99;751;192;64;29.96;12.02;1;59;data;175;'-13;119;156;127;116;122;688;0;0;3.561;97;0.108;4.945;0;3;3300;3300
db_buhler_1_dsp;;1,5968E+18;16.63;1596.2;985; OK;0;1020;194112;33;3;3;2.9;2.6;07/07/2020 13:48;5.15;1.8;1.24;32;3.23;2.02;28.24;12.62;4.6;8.51;dsp_parametros_60.txt;1043;1010;52;43;58.7;41.7;62.2;22028;6.68;1037;628;53.1;185269;0;764;175;167;3.98;751;190;65;29.86;12.1;0.99;71;data;176;'-13;119;156;128;116;123;689;0;0;3.539;97.4;0.108;4.82;0;3;3300;3300
db_buhler_1_dsp;;1,5968E+18;16.52;1596.2;986; OK;0;1020;194146;33;2.9;2.9;2.7;2.4;07/07/2020 14:43;5.15;1.8;1.25;31;3.23;1.99;28.34;12.61;4.56;8.42;dsp_parametros_60.txt;1044;1011;39;30;57.4;40.4;63.8;22044;6.66;1071;629;53.3;185303;0;767;176;169;3.99;751;196;63;29.9;12.07;0.99;105;data;173;'-13;117;154;125;115;121;683;0;0;3.505;97.5;0.108;4.799;0;3;3300;3300
db_buhler_1_dsp;;1,5968E+18;16.76;1596.3;986; OK;0;1021;194295;33;2.9;2.9;2.8;2.6;08/07/2020 06:25;5.15;1.81;1.25;31;3.24;2.14;28.68;12.61;4.63;8.41;dsp_parametros_60.txt;1044;1011;30;22;56.6;40.8;62.6;22035;6.7;1220;629;53.2;185452;0;763;173;166;3.99;749;192;63;29.9;12.11;1;33;data;169;'-13;113;151;121;110;115;688;0;0;3.562;97.9;0.108;4.648;0;3;3300;3300
db_buhler_1_dsp;;1,5968E+18;16.43;1596.4;987; OK;0;1022;194412;34;2.7;2.7;2.6;2.3;08/07/2020 09:54;5.15;1.82;1.24;29;3.22;1.98;28.3;12.61;4.57;8.51;dsp_parametros_60.txt;1046;1012;39;30;56.6;41.4;63.1;22025;6.68;1337;630;53.1;185569;0;767;176;168;3.98;750;194;62;29.68;12.08;0.98;150;data;173;'-13;116;154;124;115;120;686;0;0;3.503;97;0.108;4.743;0;3;3300;3300
db_buhler_1_dsp;;1,5968E+18;16.88;1596.3;985; OK;0;1020;194185;33;2.8;2.8;2.6;2.3;07/07/2020 16:05;5.15;1.82;1.24;32;3.23;1.99;28.36;12.61;4.58;8.54;dsp_parametros_60.txt;1043;1010;38;28;55.9;41;63.5;22084;6.74;1110;628;53.2;185342;0;768;177;170;3.99;750;194;62;29.88;12.15;0.98;144;data;173;'-13;117;154;124;115;121;681;0;0;3.513;97.7;0.108;4.79;0;3;3300;3300
db_buhler_1_dsp;;1,5968E+18;16.53;1596.2;985; OK;0;1020;194127;33;3;3;2.8;2.5;07/07/2020 14:12;5.15;1.81;1.24;32;3.23;2.02;28.2;12.6;4.61;8.5;dsp_parametros_60.txt;1043;1010;44;34;58.9;41.6;63.5;22023;6.72;1052;628;53.3;185284;0;765;176;168;3.99;750;193;64;29.9;12.12;0.99;86;data;177;'-13;120;158;128;118;124;686;0;0;3.551;97.2;0.108;4.989;0;3;3300;3300
db_buhler_1_dsp;;1,5968E+18;16.93;1596.3;986; OK;0;1020;194248;33;2.8;2.8;2.6;2.3;07/07/2020 17:47;5.15;1.82;1.25;31;3.21;1.99;28.22;12.62;4.52;8.38;dsp_parametros_60.txt;1044;1011;38;29;57.7;40.5;62.9;22012;6.7;1173;629;53.2;185405;0;769;177;170;3.99;749;190;62;29.96;12.1;0.98;207;data;174;'-13;116;155;125;116;122;688;0;0;3.461;97.1;0.108;4.536;0;3;3300;3300
db_buhler_1_dsp;;1,5968E+18;17.11;1596.4;986; OK;0;1020;194402;33;2.7;2.7;2.6;2.3;08/07/2020 09:38;5.15;1.81;1.24;32;3.21;2.01;28.68;12.61;4.58;8.36;dsp_parametros_60.txt;1043;1010;39;30;56.2;41.7;61.7;22076;6.82;1327;628;53;185559;0;766;175;168;3.97;751;191;64;30.24;12.22;0.99;140;data;173;'-13;115;152;124;114;119;688;0;0;3.523;98;0.108;4.676;0;3;3300;3300
db_buhler_1_dsp;;1,5968E+18;16.85;1596.3;986; OK;0;1020;194182;34;2.7;2.8;2.6;2.3;07/07/2020 16:00;5.14;1.82;1.25;31;3.22;2.02;28.54;12.62;4.58;8.41;dsp_parametros_60.txt;1044;1010;38;28;56.7;41.6;62.5;21995;6.74;1107;628;53.1;185339;0;768;177;170;3.98;750;191;62;29.68;12.14;0.98;141;data;172;'-13;117;153;124;115;120;690;0;0;3.515;97.2;0.108;4.845;0;3;3300;3300
db_buhler_1_dsp;;1,5968E+18;16.47;1596.2;986; OK;0;1021;194111;33;3;3;2.9;2.6;07/07/2020 13:47;5.14;1.79;1.25;31;3.23;1.99;28.58;12.61;4.58;8.66;dsp_parametros_60.txt;1044;1011;52;43;58.2;41;63;22086;6.68;1036;629;53.3;185268;0;766;175;167;4;749;190;62;29.92;12.08;0.99;70;data;176;'-13;120;156;127;116;122;688;0;0;3.513;97.8;0.108;4.723;0;3;3300;3300
db_buhler_1_dsp;;1,5968E+18;16.33;1596.2;985; OK;0;1020;194135;34;3;3;2.8;2.5;07/07/2020 14:25;5.15;1.8;1.24;31;3.23;1.98;28.36;12.6;4.58;8.48;dsp_parametros_60.txt;1044;1010;39;30;58.4;40.7;62.3;22074;6.7;1060;628;53.3;185292;0;766;176;168;3.99;750;191;64;29.94;12.11;0.99;94;data;173;'-13;117;154;125;115;120;685;0;0;3.511;97.5;0.108;4.889;0;3;3300;3300
db_buhler_1_dsp;;1,5968E+18;16.71;1596.2;986; OK;0;1021;194138;33;2.9;2.9;2.8;2.4;07/07/2020 14:30;5.15;1.81;1.25;31;3.23;2;28.32;12.61;4.58;8.49;dsp_parametros_60.txt;1044;1011;39;30;57.2;41.7;63.7;22071;6.66;1063;629;53.3;185295;0;767;176;168;4;749;193;62;29.6;12.07;0.99;97;data;173;'-13;117;154;125;115;121;688;0;0;3.528;97.1;0.108;4.722;0;3;3300;3300
db_buhler_1_dsp;;1,5968E+18;16.83;1596.4;986; OK;0;1021;194223;33;2.7;2.8;2.6;2.3;07/07/2020 17:06;5.15;1.81;1.24;31;3.21;1.97;28.42;12.61;4.55;8.32;dsp_parametros_60.txt;1044;1011;39;29;59.1;41.3;63.4;22080;6.74;1148;629;53.2;185380;0;769;177;170;3.99;750;194;61;29.92;12.14;0.98;182;data;173;'-13;117;154;125;115;121;691;0;0;3.487;97.3;0.108;4.509;0;3;3300;3300
db_buhler_1_dsp;;1,5968E+18;17;1596.3;985; OK;0;1020;194231;33;2.8;2.8;2.6;2.3;07/07/2020 17:19;5.14;1.8;1.24;32;3.21;1.98;28.4;12.62;4.6;8.42;dsp_parametros_60.txt;1043;1010;39;29;57.3;42;62.3;22008;6.72;1156;628;53.1;185388;0;770;177;170;3.98;749;192;62;29.94;12.12;0.98;190;data;173;'-13;116;154;125;115;121;684;0;0;3.536;97.4;0.108;4.563;0;3;3300;3300
db_buhler_1_dsp;;1,5968E+18;16.95;1596.4;986; OK;0;1020;194234;33;2.7;2.7;2.6;2.2;07/07/2020 17:24;5.15;1.81;1.24;31;3.21;2;28.46;12.62;4.57;8.36;dsp_parametros_60.txt;1044;1011;38;29;57.6;41.5;63.6;22043;6.74;1159;629;53.1;185391;0;770;177;170;3.98;749;194;63;29.48;12.15;0.98;193;data;173;'-13;117;154;125;115;121;686;0;0;3.504;96.9;0.108;4.653;0;3;3300;3300
db_buhler_1_dsp;;1,5968E+18;16.75;1596.3;986; OK;0;1021;194299;33;2.9;2.9;2.8;2.6;08/07/2020 06:32;5.15;1.8;1.24;30;3.24;2.09;28.6;12.61;4.54;8.64;dsp_parametros_60.txt;1045;1012;31;22;56.8;41;62.9;22078;6.7;1224;630;53.1;185456;0;765;174;166;3.98;750;192;65;29.94;12.11;0.99;37;data;170;'-13;114;151;121;110;116;683;0;0;3.477;97.7;0.108;4.749;0;3;3300;3300
db_buhler_1_dsp;;1,5968E+18;15.19;1596.4;992;LOK;0;1021;194396;34;2.8;2.9;2.7;2.5;08/07/2020 09:28;5.15;1.49;1.19;31;3.22;2.01;25.62;12.61;4.89;8.39;dsp_parametros_60.txt;1044;1010;46;32;56.3;42.2;63.8;21959;7.96;1321;628;50.9;185553;0;765;175;166;3.82;751;191;60;29.9;13.37;0.99;134;data;190;'-13;117;175;170;120;134;686;0;0;3.821;96.3;0.109;5.018;0;3;3300;3300
db_buhler_1_dsp;;1,5968E+18;16.79;1596.4;985; OK;0;1020;194477;34;2.7;2.7;2.5;2.2;08/07/2020 11:40;5.14;1.83;1.24;31;3.21;1.99;28.66;12.61;4.54;8.57;dsp_parametros_60.txt;1044;1010;41;32;57.2;40.3;63.1;22071;6.72;1402;628;53.2;185634;0;767;176;168;3.99;750;194;61;29.64;12.12;0.98;215;data;174;'-13;117;155;125;116;122;683;0;0;3.48;97.7;0.108;4.738;0;3;3300;3300
db_buhler_1_dsp;;1,5968E+18;15.7;1596.1;985; OK;0;1018;194026;33;3;3.2;3;3;01/07/2020 11:48;5.15;1.65;1.12;35;3.32;2.99;28.08;12.61;4.9;8.45;dsp_parametros_60.txt;1040;1007;37;31;56;58.1;62.8;22087;7.26;951;625;53.1;185183;0;754;168;161;3.98;751;191;73;30.06;12.71;1.05;19;data;167;'-13;97;148;121;128;113;671;0;0;3.839;98.3;0.107;4.686;0;3;3300;3300
db_buhler_1_dsp;;1,5968E+18;15.67;1596.3;986; OK;0;1024;194051;33;3.1;3.3;3;3;07/07/2020 12:09;5.15;1.65;1.11;29;3.29;2.89;28.42;12.62;4.79;8.47;dsp_parametros_60.txt;1046;1013;40;31;56.8;40.5;63.5;22096;6.82;976;631;53;185208;0;757;173;166;3.97;750;190;67;30.06;12.25;1.03;10;data;169;'-13;114;150;122;108;113;688;0;0;3.73;97.9;0.109;4.879;0;3;3300;3300
db_buhler_1_dsp;;1,5968E+18;15.79;1596.4;985; OK;0;1018;194506;33;2.9;3;2.9;2.8;09/07/2020 11:26;5.14;1.65;1.18;34;3.28;2.55;27.6;12.62;4.8;8.42;dsp_parametros_60.txt;1041;1008;37;29;56.9;40.9;63.8;22052;6.8;1431;626;53.2;185663;0;756;172;165;3.99;750;191;65;29.48;12.24;1.02;19;data;171;'-13;114;151;122;110;115;688;0;0;3.736;96.6;0.107;4.906;0;3;3300;3300
db_buhler_1_dsp;;1,5968E+18;16.33;1596.4;985; OK;0;1018;194520;33;2.8;2.9;2.8;2.6;09/07/2020 11:48;5.15;1.76;1.25;34;3.25;2.23;28.3;12.61;4.69;8.45;dsp_parametros_60.txt;1041;1008;38;29;56.4;41.3;62.7;22057;6.66;1445;626;53.2;185677;0;760;172;165;3.99;751;191;64;29.88;12.08;1.01;33;data;173;'-13;116;153;123;112;118;687;0;0;3.626;97.4;0.107;4.737;0;3;3300;3300
db_buhler_1_dsp;;1,5968E+18;15.83;1596.3;986; OK;0;1025;194041;33;3.3;3.5;3.2;3.3;07/07/2020 11:52;5.15;1.62;1.11;28;3.33;3.05;27.5;12.62;4.83;8.5;dsp_parametros_60.txt;1047;1014;37;30;57.9;40.1;64.2;22011;6.86;966;632;53;185198;0;755;173;166;3.98;751;191;69;29.94;12.41;1.06;7;data;165;'-13;111;144;118;99;103;688;0;0;3.768;97.1;0.109;4.636;0;3;3300;3300
db_buhler_1_dsp;;1,5968E+18;16.76;1596.2;985; OK;0;1020;194144;33;2.9;2.9;2.8;2.4;07/07/2020 14:40;5.15;1.79;1.24;32;3.22;2.01;28.34;12.61;4.56;8.58;dsp_parametros_60.txt;1043;1010;39;30;57;40.4;62.5;22084;6.62;1069;628;53.3;185301;0;767;176;169;4;750;190;63;29.9;12.02;0.99;103;data;173;'-13;117;154;125;115;120;683;0;0;3.496;97.6;0.108;4.889;0;3;3300;3300
db_buhler_1_dsp;;1,5968E+18;16.99;1596.4;986; OK;0;1021;194166;32;2.8;2.8;2.7;2.4;07/07/2020 15:34;5.15;1.81;1.25;31;3.22;2.01;28.86;12.62;4.62;8.36;dsp_parametros_60.txt;1044;1012;37;28;56.4;40.8;63.7;22028;6.7;1091;630;53.1;185323;0;767;177;170;3.98;751;194;62;29.28;12.09;0.99;125;data;173;'-13;117;153;125;114;119;688;0;0;3.553;97.1;0.108;4.531;0;3;3300;3300
db_buhler_1_dsp;;1,5968E+18;16.83;1596.3;986; OK;0;1020;194296;33;2.9;2.9;2.8;2.6;08/07/2020 06:27;5.15;1.79;1.24;32;3.23;2.11;28.42;12.62;4.6;8.39;dsp_parametros_60.txt;1043;1010;30;22;56.1;40.7;62.6;22029;6.64;1221;628;53.2;185453;0;764;173;166;3.99;750;190;64;29.92;12.05;1;34;data;169;'-13;113;151;121;110;115;687;0;0;3.538;97.4;0.107;4.778;0;3;3300;3300
db_buhler_1_dsp;;1,5968E+18;16.51;1596.3;987; OK;0;1022;194307;34;2.9;2.9;2.8;2.5;08/07/2020 06:45;5.15;1.79;1.25;29;3.23;2.03;28.46;12.61;4.61;8.44;dsp_parametros_60.txt;1046;1012;32;23;56;41.5;62.6;22097;6.76;1232;630;53.2;185464;0;764;174;166;3.99;750;193;63;30.18;12.18;1;45;data;170;'-13;114;151;122;111;117;685;0;0;3.554;97.8;0.108;4.94;0;3;3300;3300
db_buhler_1_dsp;;1,5968E+18;16.93;1596.4;986; OK;0;1022;194418;34;2.7;2.7;2.6;2.2;08/07/2020 10:04;5.15;1.82;1.24;30;3.21;1.99;28.6;12.61;4.59;8.44;dsp_parametros_60.txt;1045;1011;40;30;56.1;41.4;62.8;22027;6.7;1343;629;53.1;185575;0;766;175;168;3.98;750;192;62;29.88;12.11;0.99;156;data;173;'-13;116;154;124;115;120;686;0;0;3.523;97.5;0.108;4.697;0;3;3300;3300
db_buhler_1_dsp;;1,5968E+18;17.16;1596.3;986; OK;0;1020;194593;34;2.7;2.7;2.6;2.4;09/07/2020 13:48;5.15;1.82;1.25;31;3.22;1.98;28.74;12.62;4.5;8.45;dsp_parametros_60.txt;1044;1010;40;31;55.6;40.5;59.9;22060;11.4;1518;628;53.3;185750;0;767;175;167;3.99;750;192;64;29.64;16.82;0.99;70;data;171;'-13;114;151;123;113;119;685;0;0;3.439;102.1;0.107;4.724;0;3;3300;3300
db_buhler_1_dsp;;1,5968E+18;17.07;1596.4;986; OK;0;1019;194624;34;2.7;2.7;2.6;2.3;09/07/2020 14:39;5.15;1.82;1.25;33;3.23;1.95;28.94;12.6;4.43;8.48;dsp_parametros_60.txt;1042;1008;40;31;59;40.9;62.3;22071;6.66;1549;626;53.2;185781;0;769;175;168;3.99;750;190;65;29.86;12.07;0.98;101;data;174;'-13;116;154;125;115;121;683;0;0;3.36;97.7;0.107;4.409;0;3;3300;3300
db_buhler_1_dsp;;1,5968E+18;16.93;1596.4;986; OK;0;1020;194660;33;2.7;2.7;2.6;2.3;09/07/2020 16:02;5.15;1.84;1.25;31;3.22;1.99;29.08;12.62;4.53;7.91;dsp_parametros_60.txt;1044;1011;40;31;57;40.6;63.7;20873;6.66;1585;629;53.1;185817;0;767;176;169;3.98;750;192;63;29.6;12.09;0.99;137;data;172;'-13;116;153;124;114;120;686;0;0;3.475;97.6;0.108;4.62;0;3;3300;3300
db_buhler_1_dsp;;1,5968E+18;13.63;1596.3;930;BAD;0;1022;194036;25;2.6;2.9;2.7;2.8;07/07/2020 11:44;5.15;1.52;1.11;29;3.27;3.5;26.4;12.61;5.32;9.1;dsp_parametros_60.txt;1046;1021;0;0;0;0;'-0.1;22176;23.44;961;639;25.8;185193;0;286;173;163;1.93;251;191;24;30.56;28.96;1.09;2;data;87;'-13;65;88;78;55;61;683;0;0;4.276;114.4;0.202;5.511;0;3;3300;3300
db_buhler_1_dsp;;1,5968E+18;15.45;1596.4;986; OK;0;1021;194503;34;2.9;3;2.9;2.8;09/07/2020 11:21;5.15;1.65;1.11;31;3.29;2.92;27.68;12.62;4.81;8.44;dsp_parametros_60.txt;1044;1010;36;28;57;40.8;62.6;22081;6.76;1428;628;53;185660;0;756;172;165;3.98;751;191;67;29.92;12.2;1.03;16;data;171;'-13;114;151;122;109;114;685;0;0;3.751;97.1;0.108;4.894;0;3;3300;3300
db_buhler_1_dsp;;1,5968E+18;17.3;1596.3;986; OK;0;1019;194556;34;2.8;2.8;2.7;2.5;09/07/2020 12:47;5.15;1.8;1.25;33;3.23;2.02;28.84;12.61;4.54;8.45;dsp_parametros_60.txt;1042;1008;39;30;58.4;40.8;62.6;22036;6.76;1481;626;53.1;185713;0;764;173;166;3.98;750;191;65;29.64;12.17;0.99;33;data;173;'-13;116;153;124;114;119;688;0;0;3.479;97.7;0.107;4.619;0;3;3300;3300
db_buhler_1_dsp;;1,5968E+18;17.31;1596.4;986; OK;0;1019;194604;34;2.7;2.7;2.6;2.3;09/07/2020 14:06;5.15;1.7;1.24;33;3.23;1.98;29.18;12.62;4.52;8.42;dsp_parametros_60.txt;1042;1008;40;30;58;40.2;63.3;22073;6.68;1529;626;53.2;185761;0;766;175;168;3.99;750;190;67;29.88;12.08;0.98;81;data;173;'-13;116;153;125;115;120;686;0;0;3.452;98.2;0.107;4.573;0;3;3300;3300
db_buhler_1_dsp;;1,5968E+18;16.47;1596.4;985; OK;0;1018;194522;33;2.9;3;2.8;2.7;09/07/2020 11:51;5.15;1.78;1.26;35;3.25;2.22;28.2;12.61;4.67;8.44;dsp_parametros_60.txt;1040;1007;38;29;57;40;63;22042;6.64;1447;625;53.2;185679;0;761;172;165;3.99;750;192;66;29.62;12.07;1.01;35;data;173;'-13;116;153;123;112;118;684;0;0;3.602;97;0.107;4.531;0;3;3300;3300
db_buhler_1_dsp;;1,5968E+18;16.88;1596.3;986; OK;0;1020;194368;33;2.8;2.7;2.7;2.3;08/07/2020 08:24;5.15;1.82;1.25;32;3.22;1.95;28.42;12.61;4.53;8.4;dsp_parametros_60.txt;1043;1010;38;30;57.8;41.8;61.9;22042;6.7;1293;628;53.3;185525;0;767;175;168;3.99;750;193;64;30.24;12.11;0.99;106;data;173;'-13;116;154;125;114;120;688;0;0;3.47;97.6;0.107;4.587;0;3;3300;3300
db_buhler_1_dsp;;1,5968E+18;14.67;1596.1;984; OK;0;1018;193994;33;3.1;3.1;3;2.8;27/05/2020 12:47;5.15;1.79;1.26;34;3.25;2.2;26.58;12.62;4.72;8.39;dsp_parametros_60.txt;1041;1008;35;27;56.4;42.8;64.3;22047;6.66;919;626;53.2;185151;0;760;171;164;3.99;750;191;62;29.62;12.03;0.98;42;data;171;'-13;115;153;123;126;117;683;0;0;3.658;95.4;0.108;5.007;0;3;3300;3300
db_buhler_1_dsp;;1,5968E+18;15.89;1596.3;985; OK;0;1023;194054;34;3.1;3.2;3;2.9;07/07/2020 12:14;5.15;1.64;1.09;29;3.28;2.86;28.18;12.62;4.76;8.48;dsp_parametros_60.txt;1046;1012;41;32;56.9;41.2;62.7;21993;6.98;979;630;53;185211;0;757;173;166;3.98;750;192;65;30.7;12.42;1.03;13;data;169;'-13;115;150;122;109;114;683;0;0;3.696;98.5;0.109;4.943;0;3;3300;3300
db_buhler_1_dsp;;1,5968E+18;16.31;1596.2;986; OK;0;1022;194064;32;3.1;3.2;3;2.8;07/07/2020 12:30;5.15;1.62;1.24;31;3.26;2.35;27.7;12.62;4.76;8.49;dsp_parametros_60.txt;1044;1012;43;35;57.5;41;63.1;22043;7;989;630;53.1;185221;0;760;173;166;3.98;750;193;66;29.98;12.41;1.01;23;data;172;'-13;116;153;124;111;117;685;0;0;3.694;97.4;0.109;4.801;0;3;3300;3300
db_buhler_1_dsp;;1,5968E+18;16.7;1596.3;986; OK;0;1020;194380;34;2.8;2.8;2.6;2.3;08/07/2020 08:43;5.15;1.82;1.25;31;3.22;1.96;28.56;12.61;4.52;8.57;dsp_parametros_60.txt;1044;1010;39;30;56.8;42.1;61.5;22060;6.74;1305;628;53.3;185537;0;766;175;168;4;750;190;63;29.64;12.15;0.99;118;data;174;'-13;116;154;125;115;120;688;0;0;3.455;97.6;0.107;4.801;0;3;3300;3300
db_buhler_1_dsp;;1,5968E+18;17;1596.3;987; OK;0;1020;194561;33;2.7;2.7;2.6;2.3;09/07/2020 12:56;5.15;1.83;1.25;32;3.23;2;28.94;12.61;4.56;8.73;dsp_parametros_60.txt;1043;1010;45;33;56.1;36.4;55.8;22051;27.36;1486;628;53.2;185718;0;765;173;165;3.99;750;188;63;30;32.85;0.99;38;data;159;'-13;106;141;118;109;117;688;0;0;3.494;134;0.107;4.566;0;3;3300;3300
db_buhler_1_dsp;;1,5968E+18;17.04;1596.3;987; OK;0;1021;194563;34;2.8;2.8;2.7;2.4;09/07/2020 12:59;5.15;1.84;1.24;31;3.23;1.98;28.9;12.61;4.54;8.38;dsp_parametros_60.txt;1044;1010;39;30;56.1;40.5;62.8;22044;6.72;1488;628;53.2;185720;0;766;174;166;3.99;750;192;64;29.68;12.12;0.99;40;data;168;'-13;115;148;123;111;117;689;0;0;3.477;97.5;0.107;4.555;0;3;3300;3300
db_buhler_1_dsp;;1,5968E+18;17.14;1596.3;987; OK;0;1020;194572;34;2.7;2.8;2.7;2.4;09/07/2020 13:14;5.15;1.83;1.25;31;3.22;1.99;28.68;12.61;4.5;8.43;dsp_parametros_60.txt;1044;1010;39;30;57.8;41.6;63.1;22041;6.76;1497;628;53.1;185729;0;765;174;167;3.98;749;191;65;29.32;12.18;0.98;49;data;173;'-13;116;154;124;114;120;684;0;0;3.438;97;0.107;4.777;0;3;3300;3300
db_buhler_1_dsp;;1,5968E+18;16.88;1596.5;986; OK;0;1020;194642;33;2.6;2.7;2.5;2.4;09/07/2020 15:33;5.15;1.79;1.25;31;3.22;2.01;27.86;12.61;4.55;8.41;dsp_parametros_60.txt;1044;1011;41;32;56.8;42.6;63.7;22039;6.72;1567;629;53.3;185799;0;767;176;169;3.99;750;194;62;29.64;12.12;0.99;119;data;174;'-13;115;151;128;111;117;688;0;0;3.493;96.5;0.108;4.611;0;3;3300;3300
db_buhler_1_dsp;;1,5968E+18;15.84;1596.3;986; OK;0;1019;194740;37;3.2;3.2;3.1;3;14/07/2020 06:06;5.14;1.66;1.13;31;3.3;2.89;27.6;12.62;4.76;8.48;dsp_parametros_60.txt;1044;1007;35;27;58.7;41.3;62.9;22090;6.7;1665;625;52.9;185897;0;756;173;166;3.97;750;192;70;29.92;12.12;1.04;16;data;169;'-13;113;150;121;108;112;687;0;0;3.697;96.9;0.107;5.099;0;3;3300;3300
db_buhler_1_dsp;;1,5968E+18;16.58;1596.3;986; OK;0;1019;194802;35;3;2.9;2.8;2.4;14/07/2020 07:46;5.15;1.81;1.24;31;3.24;2.04;28.26;12.61;4.57;8.17;dsp_parametros_60.txt;1044;1009;38;30;56.9;41.1;64;21163;6.7;1727;627;53.2;185959;0;764;174;166;3.99;750;189;62;29.56;12.11;1;78;data;173;'-13;116;154;125;114;120;688;0;0;3.508;96.8;0.107;4.917;0;3;3300;3300
db_buhler_1_dsp;;1,5968E+18;15.75;1596.3;986; OK;0;1018;194743;37;3.2;3.2;3.1;3;14/07/2020 06:11;5.15;1.73;1.26;33;3.29;2.55;27.78;12.62;4.74;8.49;dsp_parametros_60.txt;1042;1005;36;28;59.2;41;63.1;22007;6.72;1668;623;53;185900;0;758;172;166;3.97;749;191;68;29.92;12.14;1.03;19;data;170;'-13;114;151;121;109;113;685;0;0;3.671;97;0.106;4.713;0;3;3300;3300
db_buhler_1_dsp;;1,5968E+18;16.82;1596.3;986; OK;0;1020;194197;34;2.8;2.8;2.7;2.3;07/07/2020 16:24;5.14;1.81;1.25;31;3.22;2;28.52;12.61;4.55;8.52;dsp_parametros_60.txt;1044;1010;38;29;57;40.9;62.8;22044;6.74;1122;628;53.2;185354;0;768;177;170;3.99;749;192;62;29.66;12.16;0.98;156;data;173;'-13;117;154;124;115;121;686;0;0;3.482;97.3;0.108;4.623;0;3;3300;3300
db_buhler_1_dsp;;1,5968E+18;16.79;1596.4;986; OK;0;1021;194457;34;2.7;2.6;2.5;2.1;08/07/2020 11:07;5.15;1.84;1.24;30;3.21;2;28.46;12.61;4.57;8.39;dsp_parametros_60.txt;1045;1011;40;31;57.4;42.3;63.1;22028;6.66;1382;629;53.1;185614;0;768;176;168;3.98;749;190;63;29.66;12.07;0.98;195;data;173;'-13;116;154;124;115;121;682;0;0;3.509;97;0.108;4.75;0;3;3300;3300
db_buhler_1_dsp;;1,5968E+18;16.45;1596.2;985; OK;0;1019;194150;33;2.9;2.9;2.7;2.4;07/07/2020 14:50;5.15;1.81;1.25;33;3.23;1.98;28.34;12.61;4.5;8.39;dsp_parametros_60.txt;1042;1009;39;30;58;40.7;63.3;22075;6.78;1075;627;53.2;185307;0;768;176;169;3.99;750;189;66;29.64;12.17;0.99;109;data;173;'-13;117;155;125;115;121;683;0;0;3.439;97;0.107;4.569;0;3;3300;3300
db_buhler_1_dsp;;1,5968E+18;16.74;1596.3;986; OK;0;1020;194371;33;2.9;2.8;2.6;2.3;08/07/2020 08:29;5.15;1.82;1.24;32;3.22;1.96;28.28;12.61;4.51;8.46;dsp_parametros_60.txt;1043;1010;38;29;57.8;42.2;63.8;22024;6.72;1296;628;53.3;185528;0;767;175;168;4;751;191;63;29.62;12.12;0.98;109;data;173;'-13;116;154;125;115;120;688;0;0;3.444;96.9;0.107;4.666;0;3;3300;3300
db_buhler_1_dsp;;1,5968E+18;16.52;1596.2;985; OK;0;1020;194086;33;3;3;2.8;2.6;07/07/2020 13:06;5.15;1.79;1.25;31;3.24;2.07;28.34;12.62;4.6;8.88;dsp_parametros_60.txt;1044;1011;48;39;58;40.1;63.8;22073;6.94;1011;629;53.3;185243;0;764;174;167;3.99;750;194;64;29.64;12.34;1;45;data;174;'-12;118;154;125;114;120;683;0;0;3.533;97.7;0.108;4.912;0;3;3300;3300
db_buhler_1_dsp;;1,5968E+18;16.7;1596.2;984; OK;0;1018;194089;33;3.1;3.1;2.9;2.7;07/07/2020 13:11;5.15;1.75;1.24;34;3.24;2.06;27.9;12.62;4.64;8.53;dsp_parametros_60.txt;1041;1008;48;40;57.3;41.3;63.3;22069;6.7;1014;626;53.4;185246;0;763;174;167;4;750;193;64;29.98;12.11;1;48;data;175;'-13;118;155;126;115;121;678;0;0;3.587;97.1;0.108;4.76;0;3;3300;3300
db_buhler_1_dsp;;1,5968E+18;16.57;1596.1;984; OK;0;1019;194109;33;3;3;2.8;2.5;07/07/2020 13:43;5.15;1.79;1.24;33;3.23;2.03;28.2;12.62;4.64;8.47;dsp_parametros_60.txt;1042;1009;51;42;57;41;63.3;22060;6.7;1034;627;53.3;185266;0;764;175;167;4;748;192;62;29.54;12.1;0.99;68;data;176;'-13;119;156;127;116;122;685;0;0;3.573;96.9;0.108;4.782;0;3;3300;3300
db_buhler_1_dsp;;1,5968E+18;16.92;1596.3;986; OK;0;1022;194228;33;2.8;2.8;2.6;2.3;07/07/2020 17:14;5.15;1.8;1.24;30;3.22;1.97;28.58;12.62;4.59;8.34;dsp_parametros_60.txt;1045;1012;39;29;58.9;40.8;63;22031;6.7;1153;630;53.1;185385;0;770;177;170;3.98;750;191;64;29.72;12.09;0.98;187;data;173;'-13;116;154;125;115;121;683;0;0;3.529;97.2;0.108;4.784;0;3;3300;3300
db_buhler_1_dsp;;1,5968E+18;16.58;1596.3;986; OK;0;1020;194313;34;2.9;2.8;2.7;2.5;08/07/2020 06:54;5.15;1.8;1.24;31;3.23;2.03;27.96;12.61;4.52;8.46;dsp_parametros_60.txt;1044;1010;33;24;57.3;42;62.4;22044;6.72;1238;628;53.2;185470;0;764;174;166;3.99;750;191;64;29.94;12.13;0.99;51;data;170;'-12;114;152;122;112;117;687;0;0;3.456;97.1;0.108;4.681;0;3;3300;3300
db_buhler_1_dsp;;1,5968E+18;16.62;1596.3;986; OK;0;1020;194314;33;2.8;2.8;2.7;2.4;08/07/2020 06:56;5.15;1.81;1.25;32;3.23;2.03;28.24;12.62;4.5;8.38;dsp_parametros_60.txt;1043;1010;33;24;56.4;42.4;63.4;21990;6.72;1239;628;53.3;185471;0;765;174;166;3.99;750;194;64;29.68;12.13;0.99;52;data;171;'-13;115;152;122;112;117;684;0;0;3.435;96.9;0.107;4.688;0;3;3300;3300
db_buhler_1_dsp;;1,5968E+18;14.53;1596.2;987;LOK;0;1020;194012;33;2.7;3;2.8;3;01/07/2020 11:25;5.15;1.61;1.13;34;3.39;3.47;26.7;12.61;5.14;8.46;dsp_parametros_60.txt;1041;1008;29;23;55.3;59.2;62.6;21968;7.24;937;626;52.1;185169;0;754;168;161;3.91;751;192;73;30.58;12.74;1.1;5;data;161;'-13;94;141;123;103;100;672;0;0;4.079;97.6;0.108;5.015;0;3;3300;3300
db_buhler_1_dsp;;1,5968E+18;17;1596.4;986; OK;0;1020;194400;33;2.7;2.7;2.6;2.3;08/07/2020 09:34;5.15;1.8;1.24;32;3.22;1.99;28.42;12.62;4.58;8.39;dsp_parametros_60.txt;1043;1010;39;30;57.1;40.8;63.4;22085;6.7;1325;628;53.1;185557;0;768;175;168;3.98;749;191;62;29.94;12.12;0.99;138;data;175;'-13;116;153;126;114;120;686;0;0;3.515;97.4;0.108;4.649;0;3;3300;3300
db_buhler_1_dsp;;1,5968E+18;14.41;1596.4;991;LOK;0;1022;194492;35;2.8;3;2.8;3;09/07/2020 11:03;5.15;1.56;1.12;30;3.33;3.13;25.74;12.61;5.23;8.48;dsp_parametros_60.txt;1045;1010;39;29;57.2;41.1;63.2;21812;8.8;1417;628;50.7;185649;0;753;173;163;3.8;751;190;64;29.96;14.28;1.06;5;data;181;'-13;105;151;150;102;109;684;0;0;4.166;97.8;0.11;5.395;0;3;3300;3300
db_buhler_1_dsp;;1,5968E+18;16.76;1596.4;986; OK;0;1022;194486;33;2.8;2.8;2.6;2.3;08/07/2020 11:55;5.14;1.83;1.25;30;3.21;1.97;28.7;12.61;4.53;8.62;dsp_parametros_60.txt;1045;1012;40;31;55.2;42;62.8;22071;6.72;1411;630;53.1;185643;0;768;176;168;3.98;750;195;62;29.28;12.13;0.98;224;data;174;'-13;117;155;125;115;121;685;0;0;3.476;97.1;0.108;4.532;0;3;3300;3300
db_buhler_1_dsp;;1,5968E+18;16.02;1596.4;984; OK;0;1017;194509;33;2.9;3;2.9;2.8;09/07/2020 11:30;5.15;1.65;1.19;35;3.27;2.46;28.16;12.62;4.77;8.41;dsp_parametros_60.txt;1040;1007;37;29;56.7;41.4;64;22096;6.76;1434;625;53.1;185666;0;756;172;165;3.98;750;191;66;29.86;12.27;1.02;22;data;171;'-13;115;151;122;110;116;684;0;0;3.708;97.6;0.107;4.824;0;3;3300;3300
db_buhler_1_dsp;;1,5968E+18;16.21;1596.4;986; OK;0;1019;194510;33;2.9;3;2.9;2.8;09/07/2020 11:32;5.15;1.74;1.25;33;3.27;2.44;27.8;12.61;4.78;8.47;dsp_parametros_60.txt;1042;1009;37;29;57.1;41.7;63.4;22118;6.68;1435;627;53.1;185667;0;757;172;165;3.98;751;191;68;29.96;12.12;1.02;23;data;171;'-13;115;151;122;111;116;684;0;0;3.711;97.1;0.107;4.729;0;3;3300;3300
db_buhler_1_dsp;;1,5968E+18;16.27;1596.3;985; OK;0;1017;194517;33;2.9;3;2.9;2.7;09/07/2020 11:43;5.15;1.75;1.25;35;3.26;2.33;28.08;12.62;4.71;8.45;dsp_parametros_60.txt;1040;1007;39;30;55.6;41.3;62.9;22103;6.7;1442;625;53.2;185674;0;759;172;165;3.99;750;192;65;29.86;12.12;1.01;30;data;172;'-13;115;152;123;112;118;688;0;0;3.644;97.2;0.107;4.724;0;3;3300;3300
db_buhler_1_dsp;;1,5968E+18;16.13;1596.4;985; OK;0;1018;194518;33;3;3;2.9;2.7;09/07/2020 11:45;5.15;1.75;1.25;34;3.25;2.28;27.94;12.61;4.71;8.46;dsp_parametros_60.txt;1041;1008;39;30;56.9;41.5;62.9;22079;6.66;1443;626;53.2;185675;0;759;172;165;3.99;750;188;64;29.98;12.07;1.01;31;data;172;'-13;115;152;123;112;118;688;0;0;3.654;97.3;0.107;4.827;0;3;3300;3300
db_buhler_1_dsp;;1,5968E+18;17.37;1596.3;986; OK;0;1018;194550;34;2.8;2.8;2.7;2.4;09/07/2020 12:37;5.15;1.8;1.25;33;3.23;2;28.72;12.62;4.53;8.39;dsp_parametros_60.txt;1042;1008;39;30;55.9;42.2;62.8;22035;6.68;1475;626;53.3;185707;0;765;173;166;4;749;192;63;29.84;12.1;0.99;27;data;172;'-12;116;152;124;113;119;683;0;0;3.469;97.6;0.107;4.822;0;3;3300;3300
db_buhler_1_dsp;;1,5968E+18;15.95;1596.3;985; OK;0;1019;194508;34;2.9;3;2.9;2.8;09/07/2020 11:29;5.15;1.74;1.25;33;3.27;2.5;27.8;12.61;4.79;8.43;dsp_parametros_60.txt;1042;1008;39;30;55.9;40.9;63;22002;6.66;1433;626;53.1;185665;0;757;172;165;3.98;750;190;65;29.86;12.11;1.02;21;data;172;'-13;115;152;122;110;116;682;0;0;3.721;97;0.107;4.857;0;3;3300;3300
db_buhler_1_dsp;;1,5968E+18;16.12;1596.1;986; OK;0;1020;194121;33;3;3;2.8;2.5;07/07/2020 14:03;5.15;1.78;1.25;32;3.23;2;27.8;12.61;4.61;8.43;dsp_parametros_60.txt;1043;1010;53;44;57.8;40.8;63.4;22052;6.8;1046;628;53.3;185278;0;765;175;168;3.99;750;191;63;29.92;12.21;0.99;80;data;176;'-13;120;157;128;117;123;683;0;0;3.546;97;0.108;4.77;0;3;3300;3300
db_buhler_1_dsp;;1,5968E+18;15.89;1596.2;986; OK;0;1022;194122;32;3;3;2.8;2.5;07/07/2020 14:04;5.14;1.79;1.26;31;3.23;2.02;27.86;12.6;4.63;8.43;dsp_parametros_60.txt;1044;1012;53;44;58.3;40.9;63.5;22059;6.7;1047;630;53.2;185279;0;765;176;168;3.99;749;191;64;29.92;12.11;0.99;81;data;176;'-13;120;157;128;117;123;683;0;0;3.562;96.9;0.108;4.527;0;3;3300;3300
db_buhler_1_dsp;;1,5968E+18;16.44;1596.3;986; OK;0;1022;194283;33;2.8;2.9;2.7;2.6;08/07/2020 06:06;5.15;1.71;1.25;31;3.25;2.32;28.7;12.62;4.69;8.45;dsp_parametros_60.txt;1044;1011;28;19;56.9;41.3;62.5;22084;6.64;1208;629;53.1;185440;0;761;173;166;3.98;750;189;64;29.88;12.05;1.01;21;data;168;'-13;111;149;120;108;113;683;0;0;3.62;97.7;0.108;4.544;0;3;3300;3300
db_buhler_1_dsp;;1,5968E+18;16.74;1596.3;986; OK;0;1020;194302;34;2.9;2.9;2.8;2.5;08/07/2020 06:36;5.15;1.8;1.25;31;3.24;2.07;28.26;12.62;4.56;8.42;dsp_parametros_60.txt;1044;1010;31;22;56.6;41.6;63.2;22035;6.66;1227;628;53.1;185459;0;764;174;166;3.98;750;191;64;29.86;12.06;1;40;data;170;'-13;114;151;121;111;116;688;0;0;3.5;97.1;0.108;4.74;0;3;3300;3300
db_buhler_1_dsp;;1,5968E+18;16.46;1596.3;986; OK;0;1021;194303;34;2.9;2.9;2.8;2.5;08/07/2020 06:38;5.15;1.8;1.25;30;3.24;2.04;28.54;12.61;4.55;8.44;dsp_parametros_60.txt;1045;1011;31;22;56.6;41.6;62.6;22009;6.62;1228;629;53.2;185460;0;764;174;166;3.99;749;191;64;29.94;12.03;0.99;41;data;170;'-13;114;151;121;111;116;688;0;0;3.484;97.4;0.108;4.84;0;3;3300;3300
db_buhler_1_dsp;;1,5968E+18;16.56;1596.4;986; OK;0;1021;194370;34;2.8;2.7;2.7;2.3;08/07/2020 08:27;5.15;1.71;1.19;30;3.22;1.95;28.7;12.61;4.51;8.4;dsp_parametros_60.txt;1045;1011;38;29;55.8;42.3;62.4;22012;6.7;1295;629;53.4;185527;0;767;175;168;4;750;193;63;29.9;12.11;0.99;108;data;173;'-13;116;154;125;114;120;688;0;0;3.451;97.5;0.107;4.86;0;3;3300;3300
db_buhler_1_dsp;;1,5968E+18;16.66;1596.5;986; OK;0;1020;194399;33;2.7;2.7;2.6;2.3;08/07/2020 09:33;5.15;1.81;1.24;32;3.22;1.99;28.3;12.61;4.6;8.43;dsp_parametros_60.txt;1043;1010;40;30;58.1;41.8;63.1;22057;6.7;1324;628;53.1;185556;0;768;175;168;3.98;750;193;63;29.92;12.12;0.98;137;data;176;'-13;116;154;128;114;121;688;0;0;3.536;97.4;0.108;4.615;0;3;3300;3300
db_buhler_1_dsp;;1,5968E+18;16.91;1596.4;986; OK;0;1021;194407;34;2.7;2.7;2.6;2.2;08/07/2020 09:46;5.15;1.82;1.24;31;3.22;1.99;28.72;12.61;4.6;8.41;dsp_parametros_60.txt;1044;1010;40;31;56.1;39.3;57.7;22076;15.02;1332;628;53.1;185564;0;766;175;168;3.98;751;190;62;29.9;20.46;0.99;145;data;169;'-13;112;149;121;112;118;684;0;0;3.537;106;0.108;4.603;0;3;3300;3300
db_buhler_1_dsp;;1,5968E+18;16.53;1596.4;986; OK;0;1021;194423;34;2.7;2.7;2.6;2.2;08/07/2020 10:12;5.15;1.81;1.24;30;3.21;1.96;28.38;12.62;4.56;8.45;dsp_parametros_60.txt;1045;1011;40;31;57.6;40.3;61.7;22048;6.82;1348;629;53.1;185580;0;766;175;168;3.98;750;190;61;29.9;12.23;0.98;161;data;173;'-13;116;154;124;115;121;682;0;0;3.507;97.5;0.108;4.819;0;3;3300;3300
db_buhler_1_dsp;;1,5968E+18;16.58;1596.4;986; OK;0;1022;194427;34;2.8;2.7;2.6;2.3;08/07/2020 10:18;5.15;1.82;1.25;29;3.21;1.97;28.12;12.62;4.51;8.39;dsp_parametros_60.txt;1046;1012;40;31;56.2;41.3;63.9;22059;6.72;1352;630;53.1;185584;0;768;175;168;3.98;750;191;62;29.66;12.13;0.98;165;data;173;'-13;116;154;124;115;121;684;0;0;3.45;97;0.108;4.677;0;3;3300;3300
db_buhler_1_dsp;;1,5968E+18;16.57;1596.4;986; OK;0;1022;194428;33;2.8;2.8;2.7;2.4;08/07/2020 10:20;5.15;1.83;1.24;30;3.21;1.97;28.32;12.62;4.55;8.42;dsp_parametros_60.txt;1045;1012;40;31;56.2;42;63.3;22013;6.66;1353;630;53.1;185585;0;768;175;168;3.98;750;192;61;29.32;12.07;0.98;166;data;173;'-13;117;154;124;115;121;684;0;0;3.494;96.6;0.108;4.702;0;3;3300;3300
db_buhler_1_dsp;;1,5968E+18;16.97;1596.4;985; OK;0;1019;194483;34;2.7;2.6;2.5;2.1;08/07/2020 11:50;5.14;1.82;1.25;32;3.21;1.99;28.5;12.61;4.55;8.37;dsp_parametros_60.txt;1043;1009;39;30;57.9;41.9;62.6;22073;6.74;1408;627;53.2;185640;0;767;176;168;3.99;750;190;62;29.92;12.15;0.98;221;data;172;'-13;116;153;124;115;121;686;0;0;3.488;97.4;0.107;4.745;0;3;3300;3300
db_buhler_1_dsp;;1,5968E+18;16.06;1596.4;985; OK;0;1019;194507;33;2.9;3;2.9;2.8;09/07/2020 11:27;5.14;1.66;1.19;33;3.28;2.55;27.98;12.62;4.8;8.45;dsp_parametros_60.txt;1042;1009;38;30;57.1;41.7;63.5;21985;6.66;1432;627;53.1;185664;0;756;172;165;3.98;751;192;66;29.6;12.1;1.02;20;data;171;'-13;115;152;122;110;115;687;0;0;3.737;96.9;0.107;4.895;0;3;3300;3300
db_buhler_1_dsp;;1,5968E+18;15.92;1596.3;986; OK;0;1020;194512;34;2.8;2.9;2.8;2.7;09/07/2020 11:35;5.15;1.58;1.25;32;3.26;2.4;27.6;12.61;4.76;8.5;dsp_parametros_60.txt;1043;1009;37;28;56.9;41.6;62.2;22061;6.76;1437;627;53;185669;0;757;172;165;3.97;750;192;67;30.22;12.2;1.01;25;data;171;'-13;114;152;122;111;116;686;0;0;3.691;97.4;0.107;4.978;0;3;3300;3300
db_buhler_1_dsp;;1,5968E+18;16.81;1596.3;986; OK;0;1020;194531;33;2.8;2.9;2.8;2.6;09/07/2020 12:06;5.15;1.76;1.24;32;3.25;2.13;28.32;12.62;4.61;8.47;dsp_parametros_60.txt;1043;1010;37;28;57.5;41.6;62.3;22088;6.66;1456;628;53.1;185688;0;763;173;165;3.98;750;194;64;29.86;12.06;1;8;data;172;'-13;115;152;123;113;118;683;0;0;3.544;97.3;0.107;4.848;0;3;3300;3300
db_buhler_1_dsp;;1,5968E+18;17.01;1596.3;986; OK;0;1019;194547;34;2.8;2.9;2.8;2.5;09/07/2020 12:32;5.15;1.8;1.24;33;3.23;2.03;28.78;12.62;4.56;8.69;dsp_parametros_60.txt;1042;1008;41;32;57.2;41.9;62.8;22013;6.72;1472;626;53.2;185704;0;764;173;166;3.99;749;191;64;29.94;12.14;0.99;24;data;172;'-13;115;153;123;113;119;681;0;0;3.5;98.2;0.107;4.69;0;3;3300;3300
db_buhler_1_dsp;;1,5968E+18;17.23;1596.3;986; OK;0;1020;194557;33;2.8;2.8;2.7;2.4;09/07/2020 12:49;5.15;1.83;1.25;32;3.23;2.02;29.02;12.61;4.57;8.41;dsp_parametros_60.txt;1043;1010;38;29;55.8;42.2;62.5;22078;6.68;1482;628;53.2;185714;0;764;173;166;3.99;750;192;63;30;12.09;0.99;34;data;173;'-13;115;153;124;113;119;688;0;0;3.501;98;0.107;4.748;0;3;3300;3300
db_buhler_1_dsp;;1,5968E+18;17.07;1596.4;986; OK;0;1020;194581;33;2.7;2.7;2.6;2.3;09/07/2020 13:29;5.15;1.81;1.25;32;3.23;2;28.86;12.61;4.56;8.71;dsp_parametros_60.txt;1043;1010;40;31;56.8;41.9;63.1;22047;6.7;1506;628;53.2;185738;0;765;174;167;3.99;750;194;63;29.56;12.11;0.99;58;data;173;'-13;116;154;125;114;120;688;0;0;3.492;97.7;0.107;4.756;0;3;3300;3300
db_buhler_1_dsp;;1,5968E+18;17.32;1596.3;985; OK;0;1017;194609;34;2.7;2.7;2.6;2.3;09/07/2020 14:15;5.15;1.82;1.25;35;3.22;1.94;28.76;12.62;4.44;8.39;dsp_parametros_60.txt;1040;1006;40;30;30.6;21.8;26;22057;6.72;1534;624;53.3;185766;0;767;175;167;3.99;751;192;64;30.18;12.14;0.98;86;data;167;'-13;111;148;120;114;118;681;0;0;3.389;113.2;0.106;4.515;0;3;3300;3300
db_buhler_1_dsp;;1,5968E+18;17.19;1596.4;986; OK;0;1018;194625;35;2.7;2.7;2.6;2.3;09/07/2020 14:41;5.15;1.83;1.25;33;3.22;1.93;28.84;12.61;4.43;8.7;dsp_parametros_60.txt;1042;1007;39;30;56.7;42.5;61.9;22059;6.66;1550;625;53.4;185782;0;769;176;168;4;750;190;62;29.96;12.07;0.98;102;data;174;'-13;116;154;125;115;121;683;0;0;3.363;97.9;0.106;4.584;0;3;3300;3300
db_buhler_1_dsp;;1,5968E+18;16.91;1596.4;986; OK;0;1021;194238;34;2.7;2.7;2.6;2.2;07/07/2020 17:31;5.15;1.82;1.24;30;3.22;1.96;28.46;12.61;4.56;8.37;dsp_parametros_60.txt;1045;1011;38;29;56.1;40.3;62.6;22088;6.74;1163;629;53.1;185395;0;770;177;170;3.98;750;192;63;29.66;12.13;0.98;197;data;173;'-13;116;154;125;115;122;688;0;0;3.498;97.2;0.108;4.702;0;3;3300;3300
db_buhler_1_dsp;;1,5968E+18;16.95;1596.3;986; OK;0;1020;194545;33;2.8;2.9;2.8;2.5;09/07/2020 12:29;5.15;1.79;1.25;33;3.23;2.02;28.74;12.62;4.55;8.46;dsp_parametros_60.txt;1042;1009;39;31;56.7;42.1;62.5;22066;6.68;1470;627;53.2;185702;0;764;173;166;3.99;751;192;63;30.16;12.09;0.99;22;data;172;'-13;115;152;123;113;119;678;0;0;3.481;97.9;0.107;4.418;0;3;3300;3300
db_buhler_1_dsp;;1,5968E+18;16.81;1596.4;986; OK;0;1021;194482;34;2.7;2.7;2.5;2.2;08/07/2020 11:48;5.14;1.84;1.24;30;3.21;1.96;28.76;12.62;4.54;8.61;dsp_parametros_60.txt;1045;1011;39;30;56.1;40.8;62.5;22013;6.7;1407;629;53.2;185639;0;767;176;168;3.99;750;192;60;29.96;12.11;0.98;220;data;171;'-13;115;153;124;115;120;688;0;0;3.473;97.9;0.108;4.816;0;3;3300;3300
db_buhler_1_dsp;;1,5968E+18;13.79;1596.4;930;BAD;0;1012;194395;23;2.9;3;2.8;2.6;08/07/2020 09:26;5.15;1.49;1.26;41;3.19;2.02;25.66;12.61;4.99;8.41;dsp_parametros_60.txt;1034;1011;0;0;0.1;0;'-0.1;21950;25.94;1320;629;25.8;185552;0;306;175;166;1.94;250;190;21;29.68;31.38;0.99;133;data;171;'-13;112;167;161;116;130;686;0;0;3.941;114;0.201;5.549;0;3;3300;3300
db_buhler_1_dsp;;1,5968E+18;17.16;1596.5;986; OK;0;1021;194667;33;2.7;2.7;2.6;2.3;09/07/2020 16:14;5.14;1.82;1.25;31;3.22;1.99;28.82;12.62;4.57;8.43;dsp_parametros_60.txt;1044;1011;39;30;56;41.2;62.8;22106;6.7;1592;629;53.2;185824;0;766;176;169;3.99;750;191;62;29.94;12.11;0.99;144;data;173;'-13;116;153;124;115;121;681;0;0;3.509;97.9;0.108;4.498;0;3;3300;3300
db_buhler_1_dsp;;1,5968E+18;17.04;1596.4;985; OK;0;1021;194665;34;2.7;2.7;2.6;2.4;09/07/2020 16:11;5.15;1.81;1.24;31;3.22;1.97;28.6;12.62;4.56;8.62;dsp_parametros_60.txt;1044;1010;40;31;56.7;41.7;63.2;22109;6.68;1590;628;53.2;185822;0;767;176;169;3.99;751;190;62;30.26;12.1;0.98;142;data;173;'-13;117;154;124;115;121;686;0;0;3.499;98.2;0.108;4.572;0;3;3300;3300
db_buhler_1_dsp;;1,5968E+18;16.61;1596.4;986; OK;0;1020;194367;34;2.8;2.7;2.7;2.3;08/07/2020 08:22;5.15;1.81;1.25;31;3.22;1.97;28.48;12.62;4.54;8.39;dsp_parametros_60.txt;1044;1010;38;29;57.1;42.7;61.9;22061;6.74;1292;628;53.2;185524;0;766;175;168;3.99;750;189;64;29.96;12.15;0.99;105;data;173;'-13;116;154;125;114;120;688;0;0;3.473;97.4;0.107;4.85;0;3;3300;3300
db_buhler_1_dsp;;1,5968E+18;16.64;1596.3;985; OK;0;1018;194530;33;2.8;2.9;2.7;2.5;09/07/2020 12:05;5.15;1.79;1.24;34;3.24;2.13;28.28;12.62;4.61;8.61;dsp_parametros_60.txt;1041;1008;37;27;56.6;41.2;62.7;22047;6.68;1455;626;53.2;185687;0;762;172;165;3.99;750;191;64;29.94;12.1;1;7;data;173;'-13;115;152;123;113;118;685;0;0;3.543;97.6;0.107;4.649;0;3;3300;3300
db_buhler_1_dsp;;1,5968E+18;17.02;1596.4;986; OK;0;1020;194614;34;2.7;2.7;2.6;2.3;09/07/2020 14:23;5.15;1.82;1.24;32;3.22;1.94;28.68;12.62;4.49;8.4;dsp_parametros_60.txt;1043;1009;40;31;57.2;41.8;62.7;22073;6.66;1539;627;53.2;185771;0;768;175;168;3.99;750;190;65;29.7;12.08;0.99;91;data;174;'-13;117;154;125;115;121;688;0;0;3.429;97.2;0.107;4.652;0;3;3300;3300
db_buhler_1_dsp;;1,5968E+18;16.89;1596.3;987; OK;0;1022;194539;34;2.8;2.9;2.8;2.5;09/07/2020 12:19;5.15;1.79;1.24;30;3.23;2.01;28.62;12.61;4.56;8.47;dsp_parametros_60.txt;1045;1011;39;30;56;42.2;62.3;22069;6.66;1464;629;53.2;185696;0;764;173;165;3.99;750;192;63;29.58;12.07;0.99;16;data;173;'-13;116;153;124;113;119;682;0;0;3.495;97.5;0.108;4.79;0;3;3300;3300
db_buhler_1_dsp;;1,5968E+18;16.85;1596.3;987; OK;0;1021;194551;33;2.8;2.8;2.8;2.5;09/07/2020 12:39;5.15;1.83;1.24;31;3.22;2.01;29.24;12.61;4.54;8.43;dsp_parametros_60.txt;1044;1011;38;28;57.2;40.1;62.3;22034;6.7;1476;629;53.1;185708;0;764;173;166;3.98;750;191;64;29.62;12.1;0.99;28;data;172;'-13;115;153;123;113;119;684;0;0;3.474;98;0.107;4.543;0;3;3300;3300
db_buhler_1_dsp;;1,5968E+18;16.94;1596.4;986; OK;0;1021;194404;34;2.7;2.7;2.6;2.3;08/07/2020 09:41;5.15;1.82;1.24;30;3.22;1.99;28.68;12.62;4.55;8.4;dsp_parametros_60.txt;1045;1011;39;30;56.5;41.7;62.4;22019;6.82;1329;629;53.1;185561;0;768;175;168;3.98;749;192;62;29.52;12.22;0.99;142;data;173;'-13;116;153;124;114;119;685;0;0;3.501;97.3;0.108;4.847;0;3;3300;3300
db_buhler_1_dsp;;1,5968E+18;16.83;1596.4;986; OK;0;1020;194417;34;2.7;2.6;2.5;2.2;08/07/2020 10:02;5.15;1.83;1.24;31;3.22;1.96;28.38;12.62;4.58;8.39;dsp_parametros_60.txt;1044;1010;39;30;55.8;41.9;64.4;22051;6.76;1342;628;53.1;185574;0;767;175;168;3.98;750;191;62;29.48;12.18;0.98;155;data;173;'-13;116;154;124;115;120;686;0;0;3.512;97;0.108;4.622;0;3;3300;3300
db_buhler_1_dsp;;1,5968E+18;16.91;1596.5;986; OK;0;1021;194723;33;2.6;2.6;2.5;2.2;09/07/2020 18:12;5.15;1.82;1.24;31;3.22;1.96;28.64;12.62;4.54;8.41;dsp_parametros_60.txt;1044;1011;40;31;58.4;41.9;61.9;22068;6.86;1648;629;53.2;185880;0;768;176;169;3.99;750;194;61;29.92;12.28;0.98;200;data;173;'-13;118;154;125;116;122;688;0;0;3.478;97.7;0.108;4.562;0;3;3300;3300
db_buhler_1_dsp;;1,5968E+18;17.19;1596.4;986; OK;0;1019;194623;34;2.8;2.8;2.7;2.4;09/07/2020 14:38;5.14;1.82;1.24;33;3.22;1.96;28.8;12.61;4.42;8.67;dsp_parametros_60.txt;1042;1008;40;31;56.5;41.4;61.8;22073;6.64;1548;626;53.4;185780;0;769;175;168;4;750;193;63;29.9;12.06;0.99;100;data;174;'-12;117;154;125;115;121;685;0;0;3.354;97.7;0.107;4.408;0;3;3300;3300
db_buhler_1_dsp;;1,5968E+18;16.97;1596.4;987; OK;0;1021;194636;33;2.7;2.7;2.6;2.3;09/07/2020 14:59;5.15;1.88;1.25;31;3.21;1.95;28.76;12.61;4.43;8.36;dsp_parametros_60.txt;1044;1011;39;30;57.3;42.3;62.6;22069;6.72;1561;629;53.3;185793;0;769;176;169;3.99;750;192;64;29.56;12.14;0.98;113;data;173;'-13;116;154;125;115;121;688;0;0;3.369;97.2;0.107;4.431;0;3;3300;3300
db_buhler_1_dsp;;1,5968E+18;16.76;1596.3;986; OK;0;1020;194366;33;2.8;2.8;2.7;2.3;08/07/2020 08:20;5.15;1.82;1.25;33;3.23;1.99;28.54;12.61;4.5;8.41;dsp_parametros_60.txt;1042;1009;38;29;57.8;42.2;63.3;22095;6.66;1291;627;53.3;185523;0;766;175;168;4;751;192;65;29.68;12.07;0.99;104;data;173;'-13;116;153;125;114;120;688;0;0;3.44;97.1;0.107;4.41;0;3;3300;3300
db_buhler_1_dsp;;1,5968E+18;16.99;1596.4;986; OK;0;1020;194575;34;2.7;2.7;2.6;2.4;09/07/2020 13:19;5.15;1.81;1.25;31;3.23;2;28.82;12.62;4.52;8.44;dsp_parametros_60.txt;1044;1010;40;31;55.1;40.2;58;22052;13.12;1500;628;53.2;185732;0;766;174;166;3.99;749;191;64;29.86;18.55;0.99;52;data;170;'-13;113;150;122;113;118;689;0;0;3.46;104.1;0.107;4.833;0;3;3300;3300
db_buhler_1_dsp;;1,5968E+18;17.1;1596.5;986; OK;0;1021;194686;33;2.7;2.7;2.7;2.4;09/07/2020 16:45;5.15;1.85;1.24;31;3.22;1.98;28.9;12.61;4.58;8.46;dsp_parametros_60.txt;1044;1011;42;32;56.6;41;63.2;22066;6.7;1611;629;53.1;185843;0;766;176;169;3.98;749;190;63;29.82;12.11;0.98;163;data;173;'-13;116;154;124;115;121;688;0;0;3.516;98;0.108;4.451;0;3;3300;3300
db_buhler_1_dsp;;1,5968E+18;17.36;1596.3;986; OK;0;1020;194578;34;2.7;2.7;2.6;2.3;09/07/2020 13:24;5.14;1.81;1.24;32;3.23;1.98;28.8;12.61;4.47;8.7;dsp_parametros_60.txt;1043;1009;40;31;56.6;40.6;62.1;22007;6.7;1503;627;53.3;185735;0;768;174;167;4;750;190;63;29.98;12.1;0.98;55;data;173;'-13;116;153;124;114;120;683;0;0;3.404;97.9;0.107;4.588;0;3;3300;3300
db_buhler_1_dsp;;1,5968E+18;16.86;1596.4;986; OK;0;1021;194475;34;2.7;2.6;2.5;2.1;08/07/2020 11:36;5.15;1.83;1.25;30;3.22;1.95;28.58;12.61;4.53;8.42;dsp_parametros_60.txt;1045;1011;39;31;57.9;41.2;63.7;22063;6.76;1400;629;53.1;185632;0;767;176;168;3.98;750;193;62;29.64;12.17;0.98;213;data;174;'-13;117;155;125;116;122;686;0;0;3.475;97.2;0.108;4.75;0;3;3300;3300
db_buhler_1_dsp;;1,5968E+18;16.59;1596.3;986; OK;0;1021;194351;33;2.8;2.8;2.7;2.4;08/07/2020 07:56;5.15;1.81;1.25;31;3.22;1.98;28.6;12.61;4.51;8.42;dsp_parametros_60.txt;1044;1011;37;28;56.8;41.7;63.4;22100;6.84;1276;629;53.3;185508;0;769;175;167;4;750;193;63;29.56;12.25;0.99;89;data;173;'-13;115;153;124;114;119;683;0;0;3.447;97.3;0.108;4.488;0;3;3300;3300
db_buhler_1_dsp;;1,5968E+18;16.81;1596.4;986; OK;0;1021;194534;34;2.8;2.9;2.8;2.5;09/07/2020 12:11;5.15;1.8;1.24;31;3.23;2.09;28.56;12.62;4.58;8.43;dsp_parametros_60.txt;1044;1010;39;31;57;42.2;63;21990;6.66;1459;628;53.1;185691;0;763;172;165;3.98;749;191;64;29.9;12.07;1;11;data;172;'-13;115;152;123;113;118;688;0;0;3.514;97.5;0.107;4.732;0;3;3300;3300
db_buhler_1_dsp;;1,5968E+18;17.1;1596.4;987; OK;0;1020;194634;34;2.7;2.6;2.6;2.3;09/07/2020 14:56;5.15;1.82;1.25;32;3.22;1.93;28.9;12.6;4.49;8.74;dsp_parametros_60.txt;1043;1009;40;31;57.6;41.2;62.9;22016;6.66;1559;627;53.3;185791;0;768;176;169;4;750;190;63;29.9;12.07;0.98;111;data;172;'-13;116;153;124;114;120;688;0;0;3.422;98.1;0.107;4.527;0;3;3300;3300
db_buhler_1_dsp;;1,5968E+18;17;1596.4;985; OK;0;1020;194675;34;2.7;2.7;2.6;2.3;09/07/2020 16:27;5.15;1.84;1.24;31;3.21;1.98;28.88;12.62;4.56;8.45;dsp_parametros_60.txt;1044;1010;41;32;56;41.8;63.2;22005;6.66;1600;628;53.2;185832;0;768;176;169;3.99;750;191;62;29.3;12.06;0.98;152;data;173;'-13;117;154;125;115;121;682;0;0;3.497;97.1;0.108;4.787;0;3;3300;3300
db_buhler_1_dsp;;1,5968E+18;16;1596.3;986; OK;0;1020;194742;36;3.1;3.2;3.1;2.9;14/07/2020 06:09;5.15;1.66;1.13;31;3.29;2.88;28.28;12.61;4.75;8.47;dsp_parametros_60.txt;1044;1008;36;28;58.7;41.2;62.8;22051;6.66;1667;626;53;185899;0;757;173;166;3.97;750;193;67;29.66;12.1;1.03;18;data;170;'-13;114;151;121;108;113;687;0;0;3.681;97.4;0.107;4.873;0;3;3300;3300
db_buhler_1_dsp;;1,5968E+18;17.02;1596.3;985; OK;0;1019;194200;34;2.8;2.8;2.7;2.3;07/07/2020 16:29;5.15;1.82;1.24;32;3.22;1.99;28.52;12.62;4.56;8.32;dsp_parametros_60.txt;1043;1009;38;29;56.5;40.7;62.4;22034;6.7;1125;627;53.1;185357;0;770;177;170;3.98;749;192;64;29.64;12.1;0.98;159;data;173;'-13;117;154;125;115;121;688;0;0;3.495;97.2;0.108;4.719;0;3;3300;3300
db_buhler_1_dsp;;1,5968E+18;16.9;1596.3;985; OK;0;1019;194206;34;2.8;2.8;2.6;2.3;07/07/2020 16:39;5.15;1.81;1.25;31;3.22;1.97;28.54;12.61;4.55;8.37;dsp_parametros_60.txt;1044;1010;38;29;56.4;42.1;63.5;22043;6.72;1131;628;53.2;185363;0;769;177;170;3.99;750;193;61;29.6;12.13;0.98;165;data;173;'-13;117;154;125;115;121;685;0;0;3.482;97.1;0.108;4.937;0;3;3300;3300
db_buhler_1_dsp;;1,5968E+18;17.1;1596.3;986; OK;0;1019;194560;34;2.8;2.8;2.7;2.4;09/07/2020 12:54;5.15;1.81;1.25;32;3.22;2;28.52;12.61;4.51;8.43;dsp_parametros_60.txt;1043;1009;41;32;56.4;41.9;61.9;22029;6.66;1485;627;53.2;185717;0;765;174;166;3.99;750;191;64;29.88;12.06;0.99;37;data;174;'-13;116;154;125;114;120;688;0;0;3.443;97.4;0.107;4.858;0;3;3300;3300
db_buhler_1_dsp;;1,5968E+18;16.76;1596.3;986; OK;0;1020;194342;33;2.8;2.8;2.7;2.4;08/07/2020 07:41;5.15;1.8;1.24;32;3.23;1.97;28.64;12.62;4.48;8.4;dsp_parametros_60.txt;1043;1010;36;27;57;42.1;62.7;22077;6.7;1267;628;53.4;185499;0;769;175;167;4;749;192;64;29.88;12.12;0.99;80;data;172;'-13;116;153;124;113;119;684;0;0;3.416;97.6;0.107;4.625;0;3;3300;3300
db_buhler_1_dsp;;1,5968E+18;15.63;1596.4;985; OK;0;1020;194499;33;2.8;2.9;2.8;2.8;09/07/2020 11:14;5.15;1.66;1.12;32;3.3;2.97;27.84;12.62;4.81;8.46;dsp_parametros_60.txt;1043;1010;38;30;57.4;41.7;62.8;21963;6.7;1424;628;53;185656;0;755;172;165;3.97;750;190;67;29.64;12.17;1.04;12;data;171;'-13;114;150;121;107;112;686;0;0;3.757;96.9;0.108;4.772;0;3;3300;3300
db_buhler_1_dsp;;1,5968E+18;16.87;1596.3;986; OK;0;1020;194559;33;2.8;2.8;2.7;2.5;09/07/2020 12:52;5.15;1.82;1.24;32;3.23;2.01;28.78;12.62;4.53;8.6;dsp_parametros_60.txt;1043;1010;40;31;56.3;41.1;62.5;22044;6.62;1484;628;53.2;185716;0;766;173;166;3.99;750;192;64;29.64;12.02;0.99;36;data;173;'-13;116;153;124;114;119;688;0;0;3.462;97.5;0.107;4.745;0;3;3300;3300
db_buhler_1_dsp;;1,5968E+18;17.11;1596.4;987; OK;0;1021;194562;34;2.7;2.7;2.6;2.4;09/07/2020 12:58;5.15;1.82;1.24;31;3.23;1.99;28.78;12.62;4.6;8.44;dsp_parametros_60.txt;1044;1010;40;30;57.5;39.3;58.2;22054;19.02;1487;628;53.2;185719;0;765;174;166;3.99;750;191;64;29.28;24.46;0.99;39;data;162;'-13;110;143;120;109;116;688;0;0;3.534;109.5;0.107;4.626;0;3;3300;3300
db_buhler_1_dsp;;1,5968E+18;17.19;1596.4;986; OK;0;1020;194602;33;2.8;2.8;2.7;2.4;09/07/2020 14:03;5.15;1.82;1.24;32;3.24;1.98;28.88;12.62;4.52;8.46;dsp_parametros_60.txt;1043;1010;39;30;56.8;41;62.3;22038;6.8;1527;628;53.3;185759;0;768;175;168;3.99;750;193;64;29.66;12.21;0.98;79;data;173;'-13;117;154;125;115;120;683;0;0;3.46;97.7;0.107;4.681;0;3;3300;3300
db_buhler_1_dsp;;1,5968E+18;17.18;1596.4;988; OK;0;1021;194605;34;2.8;2.7;2.6;2.4;09/07/2020 14:08;5.15;1.82;1.25;31;3.23;1.96;29.14;12.62;4.5;8.4;dsp_parametros_60.txt;1044;1010;40;31;56;41.2;63.1;22034;6.7;1530;628;53.3;185762;0;768;175;168;3.99;749;192;65;29.88;12.11;0.98;82;data;173;'-13;116;153;124;114;120;689;0;0;3.432;98;0.107;4.577;0;3;3300;3300
db_buhler_1_dsp;;1,5968E+18;16.96;1596.4;986; OK;0;1020;194613;34;2.7;2.7;2.6;2.3;09/07/2020 14:21;5.15;1.83;1.25;31;3.22;1.96;28.98;12.6;4.44;8.64;dsp_parametros_60.txt;1044;1010;42;33;56.5;40.8;61.3;22009;6.76;1538;628;53.2;185770;0;768;175;168;3.99;750;191;64;29.98;12.16;0.98;90;data;173;'-13;116;153;125;115;121;688;0;0;3.372;98.3;0.107;4.628;0;3;3300;3300
db_buhler_1_dsp;;1,5968E+18;17.38;1596.4;986; OK;0;1019;194657;33;2.7;2.7;2.6;2.3;09/07/2020 15:58;5.14;1.82;1.24;32;3.22;1.98;28.76;12.62;4.55;8.41;dsp_parametros_60.txt;1043;1010;40;31;56.8;41.8;62.5;22039;6.7;1582;628;53.2;185814;0;768;176;169;3.99;751;194;62;30.14;12.11;0.99;134;data;173;'-13;116;153;124;114;120;685;0;0;3.487;98;0.108;4.697;0;3;3300;3300
db_buhler_1_dsp;;1,5968E+18;17.23;1596.5;985; OK;0;1020;194694;33;2.7;2.7;2.6;2.3;09/07/2020 16:58;5.15;1.83;1.25;32;3.22;1.98;29.02;12.62;4.5;8.47;dsp_parametros_60.txt;1043;1010;41;32;56.5;40.9;61.6;22025;6.72;1619;628;53.2;185851;0;767;176;169;3.99;750;192;62;29.92;12.13;0.98;171;data;174;'-13;117;154;125;116;122;688;0;0;3.438;98;0.108;4.543;0;3;3300;3300
db_buhler_1_dsp;;1,5968E+18;17.12;1596.4;985; OK;0;1020;194695;34;2.7;2.7;2.6;2.3;09/07/2020 17:00;5.15;1.83;1.25;31;3.22;1.98;28.88;12.62;4.5;8.4;dsp_parametros_60.txt;1044;1010;40;31;57.7;40.4;62;22080;6.72;1620;628;53.2;185852;0;768;176;169;3.99;750;191;62;30.16;12.13;0.98;172;data;174;'-13;117;155;125;115;122;686;0;0;3.433;98;0.108;4.639;0;3;3300;3300
db_buhler_1_dsp;;1,5968E+18;16.81;1596.5;986; OK;0;1020;194715;34;2.7;2.7;2.6;2.3;09/07/2020 17:59;5.15;1.79;1.25;31;3.21;1.98;28.48;12.61;4.57;8.58;dsp_parametros_60.txt;1044;1010;40;30;57.9;42.3;62.6;22067;6.78;1640;628;53.2;185872;0;766;176;169;3.99;750;189;62;29.94;12.18;0.98;192;data;174;'-13;118;155;126;116;122;688;0;0;3.511;97.7;0.108;4.74;0;3;3300;3300
db_buhler_1_dsp;;1,5968E+18;16.68;1596.3;986; OK;0;1018;194769;38;3.1;3;2.9;2.6;14/07/2020 06:53;5.15;1.8;1.25;33;3.24;2.12;28.56;12.61;4.57;8.44;dsp_parametros_60.txt;1042;1004;40;31;57.9;40.7;62.9;22022;6.66;1694;622;52.9;185926;0;763;173;166;3.97;750;190;75;29.3;12.07;1.01;45;data;172;'-13;116;153;124;113;118;688;0;0;3.503;96.9;0.106;4.612;0;3;3300;3300
db_buhler_1_dsp;;1,5968E+18;16.58;1596.2;988; OK;0;1020;194784;36;3.1;3;2.9;2.6;14/07/2020 07:17;5.15;1.8;1.26;31;3.24;2.06;28.34;12.62;4.57;8.46;dsp_parametros_60.txt;1044;1008;38;29;56;41.1;63.2;22098;6.72;1709;626;52.9;185941;0;763;173;166;3.97;751;192;74;29.58;12.15;1;60;data;172;'-13;115;153;124;114;119;687;0;0;3.507;97.2;0.107;4.534;0;3;3300;3300
db_buhler_1_dsp;;1,5968E+18;16.66;1596.3;986; OK;0;1020;194790;35;3;2.9;2.8;2.5;14/07/2020 07:27;5.15;1.81;1.26;31;3.24;2.05;28.28;12.61;4.54;8.46;dsp_parametros_60.txt;1044;1009;38;29;57;42.4;61.7;22058;6.76;1715;627;53.2;185947;0;764;173;166;3.99;750;190;64;29.3;12.19;1;66;data;173;'-13;116;154;124;114;119;681;0;0;3.471;96.7;0.107;4.802;0;3;3300;3300
db_buhler_1_dsp;;1,5968E+18;16.67;1596.3;986; OK;0;1020;194343;33;2.9;2.8;2.7;2.4;08/07/2020 07:43;5.15;1.82;1.24;32;3.22;1.97;28.52;12.61;4.5;8.36;dsp_parametros_60.txt;1043;1010;36;27;57.1;41.3;62.9;22051;6.7;1268;628;53.2;185500;0;767;175;167;3.99;750;191;64;29.9;12.11;0.99;81;data;172;'-13;115;153;124;113;119;683;0;0;3.437;97.5;0.107;4.625;0;3;3300;3300
db_buhler_1_dsp;;1,5968E+18;16.75;1596.3;985; OK;0;1020;194155;33;2.8;2.8;2.7;2.3;07/07/2020 14:58;5.15;1.82;1.25;32;3.23;1.99;28.36;12.62;4.53;8.4;dsp_parametros_60.txt;1043;1010;39;30;58.1;40.7;62.8;22038;6.68;1080;628;53.3;185312;0;769;176;169;4;749;190;64;29.92;12.15;0.98;114;data;173;'-13;117;154;125;115;121;684;0;0;3.467;97.5;0.108;4.671;0;3;3300;3300
db_buhler_1_dsp;;1,5968E+18;16.69;1596.4;986; OK;0;1021;194462;34;2.7;2.6;2.5;2.2;08/07/2020 11:15;5.15;1.82;1.25;30;3.21;1.98;28.56;12.61;4.55;8.42;dsp_parametros_60.txt;1045;1011;39;30;57.2;40.8;62.8;22064;6.72;1387;629;53;185619;0;768;176;168;3.98;750;191;63;29.7;12.14;0.98;200;data;174;'-12;116;154;124;115;121;684;0;0;3.485;97.3;0.108;4.721;0;3;3300;3300
db_buhler_1_dsp;;1,5968E+18;17.27;1596.4;986; OK;0;1020;194688;34;2.7;2.7;2.6;2.3;09/07/2020 16:48;5.15;1.84;1.25;31;3.21;1.99;29;12.62;4.55;8.4;dsp_parametros_60.txt;1044;1010;38;29;56.8;41.3;62.7;22033;6.7;1613;628;53.2;185845;0;768;176;169;3.99;750;192;62;29.9;12.12;0.98;165;data;173;'-13;117;154;124;115;121;688;0;0;3.488;97.9;0.108;4.627;0;3;3300;3300
db_buhler_1_dsp;;1,5968E+18;15.56;1596.3;986; OK;0;1020;194739;37;3.1;3.2;3.1;3;14/07/2020 06:04;5.15;1.65;1.13;31;3.3;2.91;27.34;12.61;4.76;8.52;dsp_parametros_60.txt;1044;1007;35;27;55.8;41.4;63.7;22025;6.76;1664;625;53;185896;0;756;173;166;3.98;750;190;67;29.88;12.19;1.04;15;data;169;'-13;113;150;121;107;111;686;0;0;3.707;96.7;0.107;4.887;0;3;3300;3300
db_buhler_1_dsp;;1,5968E+18;16.02;1596.3;986; OK;0;1020;194741;37;3.1;3.2;3.1;2.9;14/07/2020 06:07;5.14;1.66;1.12;31;3.29;2.89;27.96;12.62;4.76;8.51;dsp_parametros_60.txt;1044;1007;35;27;57.4;42.1;63.1;22063;6.68;1666;625;53;185898;0;757;173;166;3.97;752;191;68;29.64;12.12;1.03;17;data;169;'-13;113;150;121;108;113;687;0;0;3.69;97;0.107;4.998;0;3;3300;3300
db_buhler_1_dsp;;1,5968E+18;16.62;1596.2;985; OK;0;1020;194154;33;2.9;2.9;2.7;2.4;07/07/2020 14:56;5.15;1.81;1.26;32;3.23;2;28.5;12.62;4.52;8.43;dsp_parametros_60.txt;1043;1010;39;30;57.5;41.3;63.6;22040;6.68;1079;628;53.3;185311;0;767;176;169;4;750;193;63;29.94;12.08;0.99;113;data;173;'-13;117;154;125;115;120;684;0;0;3.456;97.5;0.108;4.658;0;3;3300;3300
db_buhler_1_dsp;;1,5968E+18;16.72;1596.3;986; OK;0;1020;194341;33;2.8;2.8;2.7;2.4;08/07/2020 07:40;5.15;1.81;1.24;32;3.22;1.98;28.5;12.62;4.46;8.36;dsp_parametros_60.txt;1043;1010;36;27;55.6;42.3;62.8;22024;6.72;1266;628;53.3;185498;0;767;175;167;4;750;189;64;30.12;12.12;0.99;79;data;172;'-13;115;152;124;113;119;686;0;0;3.392;97.6;0.107;4.504;0;3;3300;3300
db_buhler_1_dsp;;1,5968E+18;16.79;1596.3;985; OK;0;1019;194379;34;2.8;2.8;2.6;2.3;08/07/2020 08:42;5.14;1.83;1.24;32;3.23;1.95;28.88;12.62;4.49;8.4;dsp_parametros_60.txt;1043;1009;39;30;57.6;41.8;62.2;21968;6.72;1304;627;53.3;185536;0;768;175;168;4;749;191;64;29.36;12.14;0.99;117;data;174;'-13;116;155;125;115;121;689;0;0;3.428;97.2;0.107;4.846;0;3;3300;3300
db_buhler_1_dsp;;1,5968E+18;17.03;1596.4;986; OK;0;1021;194460;34;2.7;2.6;2.5;2.2;08/07/2020 11:12;5.15;1.83;1.24;30;3.22;1.99;28.54;12.62;4.53;8.41;dsp_parametros_60.txt;1045;1011;40;31;57.4;41.7;62.7;22073;6.82;1385;629;53.1;185617;0;769;176;168;3.98;750;192;63;29.6;12.23;0.98;198;data;173;'-13;117;155;125;115;121;683;0;0;3.467;97.2;0.108;4.761;0;3;3300;3300
db_buhler_1_dsp;;1,5968E+18;16.84;1596.4;986; OK;0;1022;194461;34;2.7;2.6;2.5;2.2;08/07/2020 11:14;5.15;1.84;1.24;29;3.21;2;28.76;12.61;4.56;8.43;dsp_parametros_60.txt;1046;1012;40;31;56.9;41.8;63.3;22037;6.66;1386;630;53.1;185618;0;767;176;168;3.98;750;191;60;29.88;12.08;0.98;199;data;174;'-13;116;155;124;115;121;683;0;0;3.492;97.7;0.108;4.842;0;3;3300;3300
db_buhler_1_dsp;;1,5968E+18;16.98;1596.3;986; OK;0;1020;194568;34;2.7;2.8;2.7;2.4;09/07/2020 13:07;5.15;1.81;1.24;31;3.22;1.98;28.9;12.62;4.55;8.43;dsp_parametros_60.txt;1044;1010;39;30;56.5;41.6;62.9;21999;6.72;1493;628;53.2;185725;0;766;174;167;3.99;750;190;64;29.6;12.13;0.99;45;data;173;'-13;115;153;124;114;119;689;0;0;3.487;97.6;0.107;4.757;0;3;3300;3300
db_buhler_1_dsp;;1,5968E+18;16.84;1596.5;986; OK;0;1020;194714;34;2.6;2.6;2.5;2.2;09/07/2020 17:57;5.15;1.8;1.25;31;3.21;1.98;28.48;12.62;4.56;8.42;dsp_parametros_60.txt;1044;1010;41;31;56.9;42.1;64.1;22074;6.68;1639;628;53.2;185871;0;767;176;169;3.99;750;192;62;29.7;12.09;0.98;191;data;174;'-13;118;154;126;116;123;688;0;0;3.506;97.3;0.108;4.672;0;3;3300;3300
db_buhler_1_dsp;;1,5968E+18;16.46;1596.3;987; OK;0;1021;194796;34;3;2.9;2.8;2.5;14/07/2020 07:37;5.15;1.79;1.25;31;3.24;2.05;28.12;12.61;4.6;8.49;dsp_parametros_60.txt;1044;1010;37;28;58.7;41.7;63.5;22373;6.7;1721;628;53.2;185953;0;764;173;166;3.99;750;191;63;29.3;12.1;1;72;data;172;'-13;116;154;124;114;119;684;0;0;3.532;96.8;0.107;4.542;0;3;3300;3300
db_buhler_1_dsp;;1,5968E+18;16.78;1596.3;985; OK;0;1020;194153;33;2.9;2.9;2.7;2.4;07/07/2020 14:55;5.14;1.79;1.25;32;3.23;1.98;28.32;12.61;4.57;8.4;dsp_parametros_60.txt;1043;1010;39;30;56.4;43.1;64.4;22040;6.68;1078;628;53.4;185310;0;767;176;169;4;751;191;62;29.62;12.08;0.99;112;data;173;'-13;117;154;125;115;121;683;0;0;3.502;97;0.108;4.847;0;3;3300;3300
db_buhler_1_dsp;;1,5968E+18;16.64;1596.3;986; OK;0;1020;194339;33;2.9;2.8;2.7;2.4;08/07/2020 07:36;5.15;1.81;1.24;32;3.23;1.98;28.12;12.61;4.48;8.64;dsp_parametros_60.txt;1043;1010;36;27;57.2;42.1;63.1;22030;6.66;1264;628;53.4;185496;0;767;175;167;4;750;190;63;29.66;12.06;0.99;77;data;172;'-13;115;153;124;113;119;688;0;0;3.422;97.1;0.107;4.611;0;3;3300;3300
db_buhler_1_dsp;;1,5968E+18;16.76;1596.3;986; OK;0;1020;194373;34;2.9;2.8;2.6;2.3;08/07/2020 08:32;5.15;1.82;1.24;31;3.22;1.97;28.26;12.61;4.5;8.38;dsp_parametros_60.txt;1044;1010;38;30;57.4;42.3;63.7;22048;6.7;1298;628;53.3;185530;0;767;175;168;3.99;750;192;64;29.7;12.11;0.99;111;data;174;'-13;116;155;125;115;121;684;0;0;3.438;96.9;0.108;4.608;0;3;3300;3300
db_buhler_1_dsp;;1,5968E+18;16.76;1596.3;986; OK;0;1021;194374;34;2.9;2.8;2.7;2.3;08/07/2020 08:33;5.15;1.8;1.25;31;3.22;1.97;28.52;12.62;4.5;8.42;dsp_parametros_60.txt;1044;1010;39;30;57.6;41.3;62.7;22063;6.72;1299;628;53.2;185531;0;769;175;168;3.99;750;192;64;29.34;12.13;0.99;112;data;174;'-13;116;155;125;115;121;683;0;0;3.432;97;0.108;4.578;0;3;3300;3300
db_buhler_1_dsp;;1,5968E+18;16.85;1596.3;986; OK;0;1020;194376;34;2.9;2.8;2.6;2.3;08/07/2020 08:37;5.15;1.83;1.24;31;3.21;1.98;28.44;12.62;4.53;8.39;dsp_parametros_60.txt;1044;1010;39;30;57.1;41.9;62.9;22056;6.72;1301;628;53.3;185533;0;767;175;168;4;748;192;65;29.94;12.13;0.99;114;data;173;'-13;116;154;125;115;120;686;0;0;3.465;97.6;0.108;4.724;0;3;3300;3300
db_buhler_1_dsp;;1,5968E+18;16.88;1596.4;986; OK;0;1020;194377;33;2.8;2.7;2.6;2.3;08/07/2020 08:38;5.14;1.83;1.24;31;3.22;1.98;28.64;12.6;4.55;8.45;dsp_parametros_60.txt;1044;1011;39;30;56.1;42.1;62.5;22069;6.68;1302;629;53.3;185534;0;766;175;168;3.99;749;194;65;29.94;12.09;0.99;115;data;173;'-13;116;154;125;115;120;688;0;0;3.481;97.6;0.107;4.79;0;3;3300;3300
db_buhler_1_dsp;;1,5968E+18;17;1596.4;986; OK;0;1020;194648;33;2.7;2.7;2.6;2.4;09/07/2020 15:43;5.15;1.79;1.24;32;3.22;2;28.72;12.62;4.54;8.46;dsp_parametros_60.txt;1043;1010;39;30;57.7;40.9;62.7;22065;6.66;1573;628;53.1;185805;0;767;176;169;3.98;750;191;64;29.66;12.05;0.99;125;data;173;'-13;117;153;124;113;119;688;0;0;3.48;97.4;0.108;4.53;0;3;3300;3300
db_buhler_1_dsp;;1,5968E+18;16.79;1596.5;986; OK;0;1020;194713;34;2.7;2.7;2.6;2.3;09/07/2020 17:55;5.15;1.82;1.25;31;3.21;1.97;28.34;12.62;4.57;8.63;dsp_parametros_60.txt;1044;1010;41;31;56.6;41.7;62.8;22115;6.7;1638;628;53.1;185870;0;767;176;169;3.99;749;190;62;30.26;12.1;0.98;190;data;174;'-13;118;154;127;115;123;688;0;0;3.509;97.8;0.108;4.732;0;3;3300;3300
db_buhler_1_dsp;;1,5968E+18;16.59;1596.3;985; OK;0;1020;194152;33;2.9;2.9;2.7;2.4;07/07/2020 14:53;5.15;1.82;1.26;32;3.22;1.98;28.2;12.61;4.57;8.42;dsp_parametros_60.txt;1043;1010;39;30;57.3;41.6;64.3;22083;6.64;1077;628;53.3;185309;0;768;176;169;4;750;190;66;29.6;12.04;0.99;111;data;173;'-13;117;154;125;115;120;683;0;0;3.502;96.8;0.108;4.729;0;3;3300;3300
db_buhler_1_dsp;;1,5968E+18;16.54;1596.3;986; OK;0;1020;194372;33;2.9;2.8;2.7;2.3;08/07/2020 08:30;5.15;1.81;1.25;31;3.22;1.98;28.46;12.61;4.53;8.4;dsp_parametros_60.txt;1044;1011;38;29;55.3;42.2;62.4;22063;6.68;1297;629;53.3;185529;0;766;175;168;3.99;751;193;65;29.68;12.1;0.99;110;data;174;'-13;117;155;125;115;120;686;0;0;3.47;97.1;0.107;4.627;0;3;3300;3300
db_buhler_1_dsp;;1,5968E+18;16.77;1596.4;985; OK;0;1020;194458;34;2.7;2.6;2.5;2.2;08/07/2020 11:09;5.15;1.84;1.25;31;3.21;2;28.5;12.62;4.58;8.44;dsp_parametros_60.txt;1044;1010;41;32;56.5;41.5;63;22040;6.76;1383;628;53.2;185615;0;768;175;168;3.99;750;194;62;29.9;12.16;0.98;196;data;173;'-13;116;154;124;115;121;683;0;0;3.513;97.5;0.108;4.774;0;3;3300;3300
db_buhler_1_dsp;;1,5968E+18;16.43;1596.3;985; OK;0;1020;194151;33;2.9;2.9;2.7;2.4;07/07/2020 14:51;5.15;1.8;1.25;32;3.23;1.99;28.18;12.61;4.52;8.36;dsp_parametros_60.txt;1043;1010;39;30;58;41.5;63.8;22072;6.74;1076;628;53.3;185308;0;767;176;169;4;751;190;64;29.9;12.14;0.99;110;data;173;'-12;116;154;125;115;121;683;0;0;3.463;97;0.108;4.564;0;3;3300;3300
db_buhler_1_dsp;;1,5968E+18;16.43;1596.3;986; OK;0;1021;194338;34;2.8;2.8;2.7;2.4;08/07/2020 07:35;5.14;1.82;1.25;30;3.23;2.01;28.28;12.62;4.47;8.38;dsp_parametros_60.txt;1045;1011;35;27;57.3;41.1;62.6;22007;6.7;1263;629;53.3;185495;0;768;174;167;3.99;751;192;64;29.92;12.1;0.99;76;data;172;'-13;116;153;124;113;119;688;0;0;3.401;97.1;0.107;4.851;0;3;3300;3300
db_buhler_1_dsp;;1,5968E+18;16.52;1596.3;987; OK;0;1021;194337;32;2.8;2.8;2.7;2.4;08/07/2020 07:33;5.15;1.82;1.24;31;3.23;1.99;28.5;12.61;4.46;8.4;dsp_parametros_60.txt;1044;1012;35;27;57.1;41.6;62.7;22038;6.78;1262;630;53.3;185494;0;768;175;167;4;750;195;65;29.84;12.19;0.99;75;data;172;'-13;115;152;124;113;119;685;0;0;3.396;97.4;0.107;4.44;0;3;3300;3300
db_buhler_1_dsp;;1,5968E+18;16.63;1596.2;985; OK;0;1020;194149;33;2.9;2.9;2.7;2.4;07/07/2020 14:48;5.15;1.81;1.25;32;3.23;1.99;28.28;12.6;4.57;8.42;dsp_parametros_60.txt;1043;1010;39;30;57.5;41.5;63.4;21995;6.72;1074;628;53.3;185306;0;768;176;169;4;749;190;64;29.62;12.11;0.98;108;data;173;'-13;116;154;125;115;121;681;0;0;3.501;96.9;0.108;4.658;0;3;3300;3300
db_buhler_1_dsp;;1,5968E+18;16.65;1596.4;987; OK;0;1022;194442;34;2.8;2.7;2.6;2.2;08/07/2020 10:43;5.15;1.82;1.25;29;3.21;1.96;28.5;12.62;4.55;8.39;dsp_parametros_60.txt;1046;1012;40;31;57.4;41.2;62.6;22070;6.68;1367;630;53;185599;0;769;176;168;3.97;750;193;62;29.58;12.08;0.98;180;data;174;'-13;116;155;125;115;121;684;0;0;3.487;97.2;0.108;4.655;0;3;3300;3300
db_buhler_1_dsp;;1,5968E+18;16.88;1596.4;986; OK;0;1021;194455;34;2.7;2.6;2.6;2.2;08/07/2020 11:04;5.15;1.84;1.24;30;3.21;1.96;28.72;12.62;4.58;8.4;dsp_parametros_60.txt;1045;1011;39;30;57.3;43.3;61.1;22075;6.74;1380;629;53.1;185612;0;768;175;168;3.98;751;191;61;29.96;12.16;0.98;193;data;172;'-13;116;154;124;115;121;681;0;0;3.517;97.9;0.108;4.889;0;3;3300;3300
db_buhler_1_dsp;;1,5968E+18;16.62;1596.5;986; OK;0;1021;194712;33;2.7;2.7;2.6;2.3;09/07/2020 17:54;5.15;1.78;1.24;31;3.22;1.97;28.22;12.62;4.55;8.34;dsp_parametros_60.txt;1044;1011;41;31;57.6;41.9;62.9;22085;6.7;1637;629;53.2;185869;0;768;176;169;3.99;750;192;62;29.66;12.12;0.99;189;data;175;'-13;118;154;128;115;124;688;0;0;3.49;96.8;0.108;4.483;0;3;3300;3300
db_buhler_1_dsp;;1,5968E+18;16.68;1596.3;986; OK;0;1020;194335;34;2.9;2.8;2.7;2.4;08/07/2020 07:30;5.15;1.8;1.24;32;3.23;1.99;28.58;12.61;4.49;8.43;dsp_parametros_60.txt;1043;1009;35;26;55.6;41.9;62.9;22075;6.68;1260;627;53.4;185492;0;766;174;167;4;750;189;63;29.92;12.1;0.99;73;data;172;'-13;115;152;124;113;119;685;0;0;3.422;97.4;0.107;4.651;0;3;3300;3300
db_buhler_1_dsp;;1,5968E+18;16.99;1596.4;986; OK;0;1021;194454;33;2.7;2.6;2.5;2.2;08/07/2020 11:02;5.15;1.84;1.24;31;3.21;2;28.64;12.61;4.56;8.42;dsp_parametros_60.txt;1044;1011;39;30;57.8;41.1;64.2;22043;6.72;1379;629;53.1;185611;0;768;176;168;3.98;751;194;61;29.88;12.13;0.98;192;data;172;'-13;115;153;124;115;120;689;0;0;3.498;97.5;0.108;4.562;0;3;3300;3300
db_buhler_1_dsp;;1,5968E+18;16.83;1596.4;986; OK;0;1021;194453;33;2.7;2.6;2.5;2.1;08/07/2020 11:01;5.14;1.82;1.25;30;3.21;2;28.48;12.61;4.58;8.39;dsp_parametros_60.txt;1045;1012;41;31;56.2;39.9;58;22056;15.76;1378;630;53.1;185610;0;767;175;168;3.98;750;195;61;30.2;21.2;0.98;191;data;169;'-13;112;151;122;114;120;689;0;0;3.513;106.9;0.108;4.769;0;3;3300;3300
db_buhler_1_dsp;;1,5968E+18;16.82;1596.3;986; OK;0;1020;194334;34;2.9;2.9;2.7;2.5;08/07/2020 07:28;5.15;1.82;1.25;31;3.22;1.98;28.52;12.61;4.47;8.61;dsp_parametros_60.txt;1044;1010;35;26;55.9;42.4;63.5;22080;6.74;1259;628;53.3;185491;0;768;174;167;4;750;193;62;29.62;12.16;0.99;72;data;172;'-13;115;153;124;113;119;686;0;0;3.405;97.3;0.108;4.641;0;3;3300;3300
db_buhler_1_dsp;;1,5968E+18;16.54;1596.4;987; OK;0;1022;194439;34;2.8;2.7;2.6;2.2;08/07/2020 10:38;5.15;1.82;1.25;29;3.22;2;28.6;12.61;4.56;8.35;dsp_parametros_60.txt;1046;1012;40;31;57;42.2;62.7;22044;6.72;1364;630;53.1;185596;0;768;175;168;3.98;750;193;61;29.54;12.13;0.98;177;data;173;'-13;116;154;124;115;121;686;0;0;3.497;97.3;0.108;4.513;0;3;3300;3300
db_buhler_1_dsp;;1,5968E+18;16.77;1596.3;987; OK;0;1022;194333;33;2.8;2.8;2.7;2.4;08/07/2020 07:27;5.15;1.83;1.25;30;3.23;2;28.34;12.61;4.47;8.38;dsp_parametros_60.txt;1045;1012;35;26;56.8;41.6;63;22063;6.7;1258;630;53.1;185490;0;767;174;167;3.99;750;192;66;29.28;12.11;0.99;71;data;172;'-13;115;153;124;113;119;688;0;0;3.409;96.6;0.108;4.64;0;3;3300;3300
db_buhler_1_dsp;;1,5968E+18;16.69;1596.4;987; OK;0;1022;194451;33;2.7;2.6;2.5;2.1;08/07/2020 10:57;5.15;1.82;1.24;30;3.21;2;28.46;12.62;4.54;8.39;dsp_parametros_60.txt;1045;1012;39;30;58.6;41;64;21999;6.64;1376;630;53.1;185608;0;769;175;168;3.98;750;194;61;29.68;12.05;0.98;189;data;174;'-13;116;155;125;115;121;688;0;0;3.475;97;0.108;4.701;0;3;3300;3300
db_buhler_1_dsp;;1,5968E+18;16.93;1596.5;986; OK;0;1021;194438;33;2.7;2.7;2.6;2.2;08/07/2020 10:36;5.15;1.81;1.24;30;3.21;1.95;28.44;12.62;4.55;8.64;dsp_parametros_60.txt;1045;1012;40;31;58.5;42;62.1;22065;6.66;1363;630;52.9;185595;0;768;175;168;3.97;749;194;63;30.22;12.07;0.98;176;data;173;'-13;115;154;124;115;121;688;0;0;3.484;98.1;0.108;4.722;0;3;3300;3300
db_buhler_1_dsp;;1,5968E+18;16.37;1596.3;986; OK;0;1020;194318;34;2.8;2.8;2.7;2.4;08/07/2020 07:02;5.15;1.81;1.24;31;3.23;1.98;28.36;12.62;4.55;8.73;dsp_parametros_60.txt;1044;1010;33;24;56.7;41.6;63;22051;6.7;1243;628;53.3;185475;0;765;174;166;4;749;191;63;30.16;12.11;0.99;56;data;171;'-13;114;152;122;112;117;683;0;0;3.489;97.8;0.108;4.671;0;3;3300;3300
db_buhler_1_dsp;;1,5968E+18;16.5;1596.3;987; OK;0;1022;194332;33;2.8;2.8;2.7;2.4;08/07/2020 07:25;5.15;1.81;1.24;30;3.22;1.99;28.28;12.61;4.57;8.42;dsp_parametros_60.txt;1045;1012;34;26;58;42.4;63.3;22038;6.7;1257;630;53.3;185489;0;766;174;167;4;751;191;62;29.9;12.12;0.99;70;data;171;'-13;115;152;124;113;118;688;0;0;3.508;97.2;0.108;4.67;0;3;3300;3300
db_buhler_1_dsp;;1,5968E+18;16.54;1596.3;986; OK;0;1021;194331;33;2.8;2.8;2.7;2.4;08/07/2020 07:23;5.15;1.81;1.24;31;3.22;1.98;28.12;12.62;4.5;8.39;dsp_parametros_60.txt;1044;1011;34;26;57.6;41.8;63.3;22073;6.7;1256;629;53.2;185488;0;766;174;167;3.99;750;192;65;29.66;12.12;0.99;69;data;171;'-13;115;152;123;113;118;688;0;0;3.441;96.7;0.107;4.472;0;3;3300;3300
db_buhler_1_dsp;;1,5968E+18;16.34;1596.3;986; OK;0;1019;194532;33;2.8;2.9;2.7;2.5;09/07/2020 12:08;5.14;1.78;1.24;33;3.24;2.09;28.54;12.62;4.59;8.67;dsp_parametros_60.txt;1042;1009;38;29;56.1;43;62;22070;6.74;1457;627;53.1;185689;0;762;172;165;3.98;750;191;65;29.88;12.14;1;9;data;172;'-13;115;152;123;112;118;681;0;0;3.538;97.8;0.107;4.528;0;3;3300;3300
db_buhler_1_dsp;;1,5968E+18;16.97;1596.4;986; OK;0;1019;194615;34;2.7;2.7;2.6;2.3;09/07/2020 14:25;5.15;1.83;1.25;32;3.22;1.94;28.72;12.62;4.45;8.37;dsp_parametros_60.txt;1043;1009;40;31;57.3;41.7;63.2;22060;6.78;1540;627;53.3;185772;0;767;175;168;4;750;192;64;29.96;12.2;0.99;92;data;174;'-13;117;154;125;115;121;688;0;0;3.388;97.6;0.107;4.67;0;3;3300;3300
db_buhler_1_dsp;;1,5968E+18;17.12;1596.5;986; OK;0;1020;194666;33;2.7;2.7;2.6;2.3;09/07/2020 16:12;5.15;1.84;1.24;32;3.22;1.96;28.8;12.61;4.56;8.41;dsp_parametros_60.txt;1043;1010;39;30;57.3;40.4;63.4;22121;6.66;1591;628;53.2;185823;0;767;176;169;3.99;749;191;63;29.68;12.05;0.99;143;data;174;'-13;117;154;125;115;121;683;0;0;3.493;97.4;0.108;4.564;0;3;3300;3300
db_buhler_1_dsp;;1,5968E+18;17.01;1596.4;987; OK;0;1020;194635;34;2.7;2.7;2.6;2.3;09/07/2020 14:57;5.15;1.82;1.25;31;3.22;1.93;28.82;12.61;4.46;8.7;dsp_parametros_60.txt;1044;1010;39;30;56.4;40.7;62.4;22074;6.62;1560;628;53.2;185792;0;770;176;169;3.99;749;190;64;29.54;12.04;0.98;112;data;173;'-13;117;154;125;115;120;689;0;0;3.399;97.4;0.107;4.528;0;3;3300;3300
db_buhler_1_dsp;;1,5968E+18;16.63;1596.3;985; OK;0;1019;194285;33;2.9;2.9;2.8;2.6;08/07/2020 06:09;5.15;1.78;1.26;33;3.25;2.32;28.22;12.62;4.67;8.42;dsp_parametros_60.txt;1042;1009;28;20;57.6;41.6;63.2;22054;6.7;1210;627;53.2;185442;0;761;173;166;3.99;751;190;64;29.66;12.1;1.01;23;data;168;'-13;112;149;120;108;113;681;0;0;3.617;97;0.107;4.694;0;3;3300;3300
db_buhler_1_dsp;;1,5968E+18;17.01;1596.3;986; OK;0;1020;194546;33;2.8;2.9;2.8;2.5;09/07/2020 12:31;5.15;1.81;1.25;32;3.23;2.04;28.58;12.61;4.56;8.48;dsp_parametros_60.txt;1043;1010;40;31;57.7;41.8;62.2;22023;6.74;1471;628;53.2;185703;0;765;173;166;3.99;748;190;63;29.9;12.14;0.99;23;data;172;'-13;116;152;123;113;119;681;0;0;3.503;97.6;0.107;4.672;0;3;3300;3300
db_buhler_1_dsp;;1,5968E+18;16.96;1596.3;986; OK;0;1020;194592;33;2.7;2.7;2.6;2.4;09/07/2020 13:47;5.15;1.83;1.25;32;3.22;1.97;28.68;12.61;4.5;8.45;dsp_parametros_60.txt;1043;1010;39;30;56.9;41.4;62.8;22090;6.7;1517;628;53.3;185749;0;768;175;167;3.99;751;193;64;29.98;12.11;0.99;69;data;173;'-13;116;154;125;114;120;688;0;0;3.45;97.6;0.107;4.746;0;3;3300;3300
db_buhler_1_dsp;;1,5968E+18;17.09;1596.5;985; OK;0;1019;194674;33;2.7;2.7;2.6;2.3;09/07/2020 16:25;5.15;1.83;1.25;32;3.23;1.98;28.82;12.61;4.56;8.42;dsp_parametros_60.txt;1043;1010;40;31;57.9;41.1;62.5;22035;6.74;1599;628;53.2;185831;0;767;176;169;3.99;750;195;62;29.92;12.15;0.98;151;data;173;'-13;117;154;124;115;121;684;0;0;3.492;97.8;0.108;4.704;0;3;3300;3300
db_buhler_1_dsp;;1,5968E+18;15.96;1596.2;986; OK;0;1022;194061;32;3.1;3.2;3;2.8;07/07/2020 12:25;5.15;1.61;1.26;30;3.27;2.41;27.72;12.62;4.78;8.5;dsp_parametros_60.txt;1045;1013;42;34;58;40.3;63.5;22066;6.86;986;631;53.1;185218;0;759;173;166;3.98;750;196;64;30.36;12.27;1.02;20;data;171;'-13;116;152;123;111;117;688;0;0;3.719;97.7;0.109;4.975;0;3;3300;3300
db_buhler_1_dsp;;1,5968E+18;13.68;1596.3;930;BAD;0;1019;194037;22;3.4;3.6;3.4;3.5;07/07/2020 11:46;5.15;1.51;1.1;34;3.34;3.24;25.74;12.62;5.34;9.09;dsp_parametros_60.txt;1041;1019;0;0;0.1;0;'-0.1;21998;14.3;962;637;25.8;185194;0;298;173;162;1.93;250;193;23;30.58;19.79;1.08;3;data;134;'-13;88;125;118;80;88;683;0;0;4.285;104.6;0.201;6.099;0;3;3300;3300
db_buhler_1_dsp;;1,5968E+18;16.48;1596.3;986; OK;0;1020;194352;33;2.9;2.8;2.7;2.4;08/07/2020 07:57;5.15;1.83;1.24;32;3.22;1.96;28.36;12.61;4.49;8.64;dsp_parametros_60.txt;1043;1010;37;28;58.2;41.6;62.5;22085;6.7;1277;628;53.3;185509;0;769;175;167;3.99;749;191;65;29.98;12.11;0.99;90;data;173;'-13;116;153;124;114;119;683;0;0;3.441;97.5;0.107;4.624;0;3;3300;3300
db_buhler_1_dsp;;1,5968E+18;16.68;1596.4;986; OK;0;1020;194390;34;2.8;2.7;2.6;2.3;08/07/2020 08:59;5.15;1.83;1.25;31;3.22;1.96;28.7;12.62;4.49;8.41;dsp_parametros_60.txt;1044;1010;40;31;56.3;41.1;63.3;22123;6.64;1315;628;53.4;185547;0;768;175;168;4;750;191;62;29.6;12.05;0.99;128;data;174;'-13;116;155;126;115;121;682;0;0;3.437;97.3;0.108;4.606;0;3;3300;3300
db_buhler_1_dsp;;1,5968E+18;13.61;1596.2;930;BAD;0;1017;193999;20;2.7;2.9;2.8;2.9;26/06/2020 13:30;5.15;1.51;1.12;39;3.35;3.22;25.84;12.61;5.47;8.08;dsp_parametros_60.txt;1036;1016;0;0;0;0;'-0.1;21852;17.46;924;634;25.7;185156;0;319;171;162;1.93;250;190;25;30.82;22.93;1.09;3;data;98;'-13;72;107;95;66;73;649;0;0;4.41;107.1;0.202;5.599;0;3;3300;3300
db_buhler_1_dsp;;1,5968E+18;16.95;1596.3;986; OK;0;1021;194256;34;2.8;2.8;2.6;2.3;07/07/2020 18:00;5.15;1.81;1.25;31;3.22;1.98;28.62;12.61;4.52;8.38;dsp_parametros_60.txt;1044;1010;38;29;57.8;41.2;63.1;22088;6.7;1181;628;53.1;185413;0;768;177;170;3.98;751;190;64;29.88;12.1;0.98;215;data;174;'-13;116;155;125;116;122;685;0;0;3.454;97.4;0.108;4.533;0;3;3300;3300
db_buhler_1_dsp;;1,5968E+18;16.77;1596.4;986; OK;0;1021;194261;34;2.7;2.7;2.5;2.2;07/07/2020 18:08;5.15;1.81;1.24;30;3.21;1.98;28.64;12.62;4.52;8.35;dsp_parametros_60.txt;1045;1011;38;29;57.4;41.8;63.1;22052;6.68;1186;629;53.1;185418;0;770;177;170;3.98;751;190;63;29.54;12.09;0.98;220;data;173;'-13;116;154;125;116;122;681;0;0;3.466;97;0.108;4.756;0;3;3300;3300
db_buhler_1_dsp;;1,5968E+18;13.72;1596.5;930;BAD;0;1013;194491;23;2.9;3.1;3;3.1;09/07/2020 11:01;5.15;1.56;1.13;40;3.31;3.12;25.72;12.61;5.38;8.46;dsp_parametros_60.txt;1035;1012;0;0;'-0.1;0;'-0.1;21957;13.38;1416;630;25.7;185648;0;303;172;162;1.93;251;191;25;29.9;18.88;1.06;4;data;160;'-13;99;142;143;96;105;686;0;0;4.33;102.5;0.202;5.938;0;3;3300;3300
db_buhler_1_dsp;;1,5968E+18;16.54;1596.3;986; OK;0;1020;194363;34;2.8;2.8;2.7;2.3;08/07/2020 08:16;5.14;1.82;1.24;31;3.22;1.94;28.52;12.61;4.54;8.42;dsp_parametros_60.txt;1044;1010;38;29;57.5;41.1;61.6;22069;6.7;1288;628;53.3;185520;0;767;175;168;4;750;192;64;29.92;12.1;0.98;101;data;173;'-13;116;153;124;114;119;685;0;0;3.472;97.5;0.108;4.626;0;3;3300;3300
db_buhler_1_dsp;;1,5968E+18;16.22;1596.4;986; OK;0;1019;194514;34;2.9;2.9;2.8;2.7;09/07/2020 11:39;5.15;1.67;1.19;33;3.27;2.32;28.08;12.62;4.73;8.49;dsp_parametros_60.txt;1042;1008;39;30;58.9;41.9;63.1;22029;6.8;1439;626;53.1;185671;0;759;172;165;3.98;751;189;65;29.64;12.23;1.01;27;data;172;'-13;115;152;122;111;117;686;0;0;3.671;97.1;0.107;4.901;0;3;3300;3300
db_buhler_1_dsp;;1,5968E+18;16.74;1596.3;986; OK;0;1020;194359;34;2.8;2.7;2.6;2.3;08/07/2020 08:09;5.15;1.83;1.24;32;3.22;1.98;28.58;12.62;4.47;8.72;dsp_parametros_60.txt;1043;1009;37;29;54.7;41.2;63.2;22060;6.68;1284;627;53.4;185516;0;768;175;168;4;749;191;63;29.88;12.1;0.99;97;data;171;'-12;115;152;124;114;119;684;0;0;3.419;97.7;0.107;4.658;0;3;3300;3300
db_buhler_1_dsp;;1,5968E+18;16.82;1596.3;986; OK;0;1021;194249;34;2.8;2.8;2.6;2.3;07/07/2020 17:49;5.15;1.83;1.25;30;3.2;1.97;28.68;12.62;4.51;8.32;dsp_parametros_60.txt;1045;1011;39;29;56.5;40.6;63.6;22082;6.62;1174;629;53;185406;0;769;177;170;3.98;750;193;63;29.92;12.02;0.98;208;data;173;'-13;116;155;125;115;121;688;0;0;3.461;97.4;0.108;4.825;0;3;3300;3300
db_buhler_1_dsp;;1,5968E+18;16.63;1596.3;986; OK;0;1021;194291;33;2.9;2.9;2.8;2.6;08/07/2020 06:19;5.15;1.77;1.25;31;3.24;2.18;28.46;12.62;4.62;8.43;dsp_parametros_60.txt;1044;1011;30;21;54.7;42.4;63.1;22075;6.7;1216;629;53.2;185448;0;762;173;166;3.99;749;192;64;29.94;12.11;1;29;data;169;'-13;113;150;121;109;115;688;0;0;3.569;97.5;0.108;4.755;0;3;3300;3300
db_buhler_1_dsp;;1,5968E+18;16.69;1596.3;986; OK;0;1021;194288;33;2.9;2.9;2.8;2.6;08/07/2020 06:14;5.15;1.78;1.25;30;3.25;2.24;28.28;12.62;4.66;8.45;dsp_parametros_60.txt;1045;1012;29;20;56.5;40.7;61.7;22045;6.7;1213;630;53.1;185445;0;761;173;166;3.98;750;193;65;29.9;12.1;1.01;26;data;168;'-13;113;150;120;109;114;685;0;0;3.597;97.4;0.108;4.948;0;3;3300;3300
db_buhler_1_dsp;;1,5968E+18;16.69;1596.3;986; OK;0;1021;194306;33;2.9;2.9;2.8;2.5;08/07/2020 06:43;5.15;1.8;1.25;31;3.23;2.05;28.38;12.61;4.52;8.4;dsp_parametros_60.txt;1044;1011;32;23;57.5;42.7;63;22078;6.68;1231;629;53.2;185463;0;765;174;166;3.99;750;193;64;29.64;12.09;1;44;data;170;'-13;114;151;122;111;117;686;0;0;3.456;97;0.107;4.627;0;3;3300;3300
db_buhler_1_dsp;;1,5968E+18;16.82;1596.3;986; OK;0;1019;194356;33;2.8;2.8;2.7;2.3;08/07/2020 08:04;5.15;1.82;1.25;33;3.22;1.99;28.52;12.62;4.46;8.45;dsp_parametros_60.txt;1042;1009;39;30;56.7;38.3;57.5;22019;21.6;1281;627;53.4;185513;0;769;175;167;4;748;192;65;29.88;27.03;0.99;94;data;166;'-13;110;147;120;111;117;681;0;0;3.397;112.4;0.107;4.451;0;3;3300;3300
db_buhler_1_dsp;;1,5968E+18;16.81;1596.3;987; OK;0;1021;194353;33;2.8;2.8;2.7;2.3;08/07/2020 07:59;5.15;1.81;1.24;31;3.22;1.96;28.28;12.62;4.53;8.4;dsp_parametros_60.txt;1044;1011;37;28;56.3;41.7;62.5;22061;6.68;1278;629;53.2;185510;0;767;175;167;3.99;750;192;66;29.62;12.1;0.99;91;data;173;'-13;116;153;124;114;119;688;0;0;3.466;96.8;0.108;4.545;0;3;3300;3300
db_buhler_1_dsp;;1,5968E+18;17.15;1596.4;987; OK;0;1021;194580;34;2.7;2.7;2.6;2.3;09/07/2020 13:27;5.15;1.81;1.25;31;3.23;2;28.74;12.61;4.51;8.58;dsp_parametros_60.txt;1044;1010;40;31;57.3;40.3;61.7;22014;6.7;1505;628;53.2;185737;0;766;174;167;3.99;751;191;64;29.94;12.11;0.99;57;data;173;'-13;116;153;125;114;120;688;0;0;3.446;97.8;0.107;4.501;0;3;3300;3300
db_buhler_1_dsp;;1,5968E+18;16.57;1596.3;987; OK;0;1022;194310;34;2.9;2.9;2.8;2.5;08/07/2020 06:49;5.15;1.79;1.25;29;3.23;2.04;28.34;12.62;4.52;8.46;dsp_parametros_60.txt;1046;1012;32;24;56.4;41.8;63.4;22060;6.72;1235;630;53.2;185467;0;766;174;166;3.99;750;190;65;29.86;12.13;0.99;48;data;170;'-13;114;151;122;111;117;686;0;0;3.453;97.5;0.108;4.864;0;3;3300;3300
db_buhler_1_dsp;;1,5968E+18;17.12;1596.3;986; OK;0;1020;194554;34;2.8;2.8;2.7;2.5;09/07/2020 12:44;5.15;1.82;1.25;31;3.22;2.02;28.68;12.62;4.5;8.4;dsp_parametros_60.txt;1044;1010;39;30;56.7;41.3;62.9;22037;6.68;1479;628;53.2;185711;0;765;173;166;3.99;750;191;62;29.88;12.07;0.99;31;data;172;'-13;116;153;124;113;119;686;0;0;3.446;97.7;0.107;4.81;0;3;3300;3300
db_buhler_1_dsp;;1,5968E+18;16.82;1596.2;985; OK;0;1020;194077;34;3.1;3.1;2.9;2.7;07/07/2020 12:51;5.15;1.75;1.24;31;3.24;2.14;28.24;12.62;4.69;8.48;dsp_parametros_60.txt;1044;1010;46;38;56;40;62.8;22044;6.86;1002;628;53.2;185234;0;764;174;166;3.99;749;190;64;30.36;12.25;1;36;data;173;'-13;117;153;125;114;119;686;0;0;3.626;98;0.108;5.113;0;3;3300;3300
db_buhler_1_dsp;;1,5968E+18;16.61;1596.2;985; OK;0;1020;194145;32;3;3;2.8;2.5;07/07/2020 14:42;5.14;1.81;1.24;33;3.23;1.99;28.46;12.61;4.57;8.37;dsp_parametros_60.txt;1042;1010;39;30;57.9;40.1;62.9;22033;6.72;1070;628;53.3;185302;0;767;176;169;4;751;192;63;29.96;12.12;0.99;104;data;173;'-13;117;154;125;115;121;684;0;0;3.506;97.4;0.108;4.515;0;3;3300;3300
db_buhler_1_dsp;;1,5968E+18;16.87;1596.4;986; OK;0;1021;194171;33;2.8;2.8;2.7;2.4;07/07/2020 15:42;5.15;1.8;1.25;31;3.23;2;28.82;12.61;4.57;8.38;dsp_parametros_60.txt;1044;1011;38;28;56.6;41.3;63.2;22057;6.68;1096;629;53.1;185328;0;768;177;170;3.98;749;192;63;29.64;12.09;0.99;130;data;172;'-13;116;153;124;114;120;685;0;0;3.507;97.6;0.108;4.548;0;3;3300;3300
db_buhler_1_dsp;;1,5968E+18;16.92;1596.3;986; OK;0;1020;194192;34;2.7;2.8;2.6;2.3;07/07/2020 16:16;5.15;1.82;1.24;31;3.22;2;28.78;12.61;4.57;8.34;dsp_parametros_60.txt;1044;1010;38;29;56.9;39.9;62;22049;6.82;1117;628;53.2;185349;0;769;177;170;3.99;751;192;62;30.22;12.21;0.99;151;data;172;'-13;116;153;124;115;120;685;0;0;3.504;98.2;0.108;4.74;0;3;3300;3300
db_buhler_1_dsp;;1,5968E+18;16.44;1596.4;986; OK;0;1022;194426;33;2.8;2.7;2.6;2.3;08/07/2020 10:17;5.15;1.82;1.25;30;3.21;1.97;28.46;12.61;4.58;8.37;dsp_parametros_60.txt;1045;1012;40;31;57.5;42.3;62.4;22095;6.64;1351;630;53.1;185583;0;767;175;168;3.98;749;192;62;29.58;12.06;0.98;164;data;173;'-13;116;154;124;115;121;684;0;0;3.517;97;0.108;4.712;0;3;3300;3300
db_buhler_1_dsp;;1,5968E+18;16.64;1596.3;986; OK;0;1019;194527;33;2.9;2.9;2.8;2.6;09/07/2020 12:00;5.15;1.77;1.25;33;3.25;2.13;28.48;12.61;4.62;8.49;dsp_parametros_60.txt;1042;1009;40;31;56.9;41.7;62.4;22090;6.66;1452;627;53.2;185684;0;762;172;165;3.99;751;191;63;29.86;12.06;1;4;data;172;'-13;116;152;123;112;118;689;0;0;3.566;97.6;0.107;4.683;0;3;3300;3300
db_buhler_1_dsp;;1,5968E+18;13.66;1596.2;930;BAD;0;1021;193998;19;3;3.2;3;3.2;26/06/2020 13:28;5.15;1.52;1.14;36;3.36;3.22;26.28;12.61;5.43;8.42;dsp_parametros_60.txt;1039;1020;0;0;0.1;0;'-0.1;22043;6.84;923;638;25.7;185155;0;306;173;165;1.93;250;191;24;30.12;80.89;1.11;2;data;42;'-13;44;53;48;38;41;648;0;0;4.374;2733.6;0.202;5.381;0;3;3300;3300
db_buhler_1_dsp;;1,5968E+18;14.11;1596.3;930;BAD;0;1014;194728;22;3.4;3.4;3.3;3.3;14/07/2020 05:46;5.15;1.5;1.17;39;3.33;3.22;26.22;12.62;5.31;8.49;dsp_parametros_60.txt;1036;1014;0;0;0.2;0;0;21973;13.4;1653;632;25.7;185885;0;298;173;164;1.93;250;192;24;29.96;18.87;1.08;4;data;129;'-13;83;123;119;79;88;686;0;0;4.259;102.9;0.202;5.438;0;3;3300;3300
db_buhler_1_dsp;;1,5968E+18;17.14;1596.4;986; OK;0;1019;194589;33;2.7;2.7;2.6;2.4;09/07/2020 13:42;5.15;1.86;1.25;33;3.25;1.99;28.94;12.61;4.51;8.4;dsp_parametros_60.txt;1042;1009;39;30;56.7;40.2;63;22055;6.76;1514;627;53.2;185746;0;769;175;167;3.99;750;192;64;29.9;12.17;0.99;66;data;173;'-13;116;153;124;114;120;688;0;0;3.449;97.9;0.107;4.536;0;3;3300;3300
db_buhler_1_dsp;;1,5968E+18;16.83;1596.4;986; OK;0;1020;194226;34;2.7;2.7;2.6;2.3;07/07/2020 17:11;5.15;1.8;1.24;31;3.21;1.97;28.42;12.62;4.53;8.32;dsp_parametros_60.txt;1044;1010;39;29;57.9;41.4;64.9;22026;6.72;1151;628;53.1;185383;0;770;177;170;3.98;750;192;63;29.6;12.13;0.98;185;data;173;'-13;117;155;125;115;121;680;0;0;3.47;97;0.108;4.538;0;3;3300;3300
db_buhler_1_dsp;;1,5968E+18;16.68;1596.1;986; OK;0;1020;194106;33;3;3;2.8;2.5;07/07/2020 13:38;5.14;1.69;1.25;31;3.23;2.04;28.74;12.6;4.58;8.43;dsp_parametros_60.txt;1044;1011;51;42;57.6;40.6;63.4;22043;6.72;1031;629;53.4;185263;0;766;175;167;4;750;194;63;29.96;12.12;1;65;data;175;'-13;119;155;127;116;122;686;0;0;3.512;98;0.108;4.807;0;3;3300;3300
db_buhler_1_dsp;;1,5968E+18;15.41;1596.1;983; OK;0;1016;194033;33;3;3.2;3;3;01/07/2020 11:59;5.15;1.66;1.11;37;3.3;2.91;28.3;12.62;4.89;8.44;dsp_parametros_60.txt;1038;1005;37;31;55.3;58.4;63.9;22079;7.02;958;623;53;185190;0;755;168;161;3.97;751;191;69;29.66;12.46;1.04;26;data;168;'-13;97;149;122;130;115;671;0;0;3.821;97.9;0.107;4.818;0;3;3300;3300
db_buhler_1_dsp;;1,5968E+18;16.56;1596.1;985; OK;0;1020;194090;32;3;3;2.9;2.6;07/07/2020 13:13;5.15;1.79;1.26;32;3.24;2.07;28.4;12.62;4.64;8.48;dsp_parametros_60.txt;1043;1011;49;40;58.1;40.7;64;22065;6.78;1015;629;53.3;185247;0;763;174;167;3.99;750;194;63;29.94;12.2;1;49;data;174;'-13;118;155;126;115;121;681;0;0;3.573;97.6;0.108;4.757;0;3;3300;3300
db_buhler_1_dsp;;1,5968E+18;15.76;1596.3;986; OK;0;1023;194049;31;3.1;3.2;3;3;07/07/2020 12:06;5.15;1.64;1.1;31;3.3;2.92;28.06;12.62;4.8;9.08;dsp_parametros_60.txt;1044;1013;39;31;56.4;38.6;62.1;22049;6.9;974;631;53.2;185206;0;756;173;166;3.99;751;191;66;30.7;12.35;1.04;8;data;168;'-13;113;149;121;107;112;683;0;0;3.738;99;0.109;4.433;0;3;3300;3300
db_buhler_1_dsp;;1,5968E+18;16.83;1596.3;985; OK;0;1021;194210;34;2.8;2.9;2.7;2.4;07/07/2020 16:45;5.15;1.81;1.25;31;3.22;1.98;28.7;12.61;4.56;8.38;dsp_parametros_60.txt;1044;1010;38;29;55.8;41.2;64.2;22070;6.74;1135;628;53.2;185367;0;771;177;170;3.99;749;190;61;29.66;12.15;0.98;169;data;173;'-13;116;154;125;115;121;686;0;0;3.499;97.6;0.108;4.585;0;3;3300;3300
db_buhler_1_dsp;;1,5968E+18;16.92;1596.4;986; OK;0;1022;194664;33;2.7;2.7;2.6;2.3;09/07/2020 16:09;5.14;1.83;1.24;30;3.23;1.96;28.5;12.62;4.56;8.41;dsp_parametros_60.txt;1045;1012;40;31;58.5;40;62.8;22124;6.76;1589;630;53.1;185821;0;768;176;169;3.98;749;193;63;29.64;12.16;0.98;141;data;173;'-13;117;154;124;115;120;688;0;0;3.492;97.3;0.108;4.6;0;3;3300;3300
db_buhler_1_dsp;;1,5968E+18;14.96;1596.1;984; OK;0;1019;194014;34;2.8;3.1;2.8;3;01/07/2020 11:28;5.15;1.62;1.12;33;3.38;3.29;27;12.61;5.02;8.47;dsp_parametros_60.txt;1042;1008;38;33;55.9;59.2;63.3;21986;7.26;939;626;53;185171;0;753;168;162;3.97;750;191;71;30.64;12.75;1.1;7;data;163;'-13;96;144;118;110;104;670;0;0;3.954;97.9;0.107;5.036;0;3;3300;3300
db_buhler_1_dsp;;1,5968E+18;16.7;1596.3;986; OK;0;1019;194364;33;2.9;2.8;2.7;2.4;08/07/2020 08:17;5.15;1.81;1.25;33;3.23;1.97;28.24;12.61;4.49;8.59;dsp_parametros_60.txt;1042;1009;38;29;58.3;41.2;62.2;22039;6.68;1289;627;53.4;185521;0;769;175;168;4;749;193;62;29.8;12.09;0.98;102;data;173;'-13;116;153;124;114;120;686;0;0;3.427;97.1;0.107;4.58;0;3;3300;3300
db_buhler_1_dsp;;1,5968E+18;17.37;1596.4;985; OK;0;1019;194655;33;2.6;2.6;2.5;2.3;09/07/2020 15:54;5.15;1.85;1.24;32;3.22;1.97;28.84;12.61;4.53;8.39;dsp_parametros_60.txt;1043;1010;39;30;57;41.2;62.5;22038;6.74;1580;628;53.2;185812;0;767;176;169;3.99;749;193;63;29.84;12.15;0.99;132;data;173;'-13;116;153;124;114;120;688;0;0;3.462;97.9;0.108;4.655;0;3;3300;3300
db_buhler_1_dsp;;1,5968E+18;16.47;1596.4;986; OK;0;1022;194284;34;2.7;2.8;2.7;2.5;08/07/2020 06:07;5.15;1.79;1.25;30;3.26;2.31;28.26;12.62;4.66;8.42;dsp_parametros_60.txt;1045;1011;28;20;55.8;41.2;62.4;22055;6.66;1209;629;53.1;185441;0;760;173;166;3.98;750;191;64;29.92;12.08;1.01;22;data;168;'-13;112;149;119;108;113;687;0;0;3.596;97.5;0.108;4.805;0;3;3300;3300
db_buhler_1_dsp;;1,5968E+18;13.61;1596.2;930;BAD;0;1014;194007;23;3;3.2;3;3.2;29/06/2020 08:48;5.15;1.53;1.12;39;3.37;3.52;25.82;12.62;5.49;8.44;dsp_parametros_60.txt;1036;1013;0;0;0;0;'-0.1;22019;15.68;932;631;25.7;185164;0;296;168;159;1.93;250;192;24;30.06;21.19;1.1;11;data;165;'-13;100;140;145;95;103;671;0;0;4.434;105;0.202;6.12;0;3;3300;3300
db_buhler_1_dsp;;1,5968E+18;16.2;1596.1;985; OK;0;1020;194088;33;3;3;2.9;2.6;07/07/2020 13:09;5.15;1.77;1.26;32;3.24;2.04;28.04;12.62;4.65;8.47;dsp_parametros_60.txt;1043;1010;48;39;58.5;40.9;64;22084;6.74;1013;628;53.2;185245;0;762;174;167;3.99;750;192;65;29.56;12.14;1;47;data;175;'-13;119;155;126;115;121;678;0;0;3.589;96.8;0.108;4.888;0;3;3300;3300
db_buhler_1_dsp;;1,5968E+18;16.56;1596.5;986; OK;0;1021;194710;34;2.6;2.6;2.5;2.2;09/07/2020 17:51;5.15;1.77;1.25;31;3.22;2;27.46;12.6;4.58;8.45;dsp_parametros_60.txt;1044;1010;44;33;57.2;42;63.7;22023;6.68;1635;628;53;185867;0;766;176;169;3.98;749;190;64;29.92;12.11;0.98;187;data;176;'-13;118;153;135;115;126;688;0;0;3.512;96.4;0.108;4.467;0;3;3300;3300
db_buhler_1_dsp;;1,5968E+18;17;1596.3;986; OK;0;1020;194538;34;2.8;2.8;2.7;2.5;09/07/2020 12:18;5.15;1.79;1.24;32;3.24;2.05;28.48;12.62;4.53;8.76;dsp_parametros_60.txt;1043;1009;39;30;56.8;40;62.2;22069;6.72;1463;627;53.2;185695;0;765;173;165;3.99;750;190;65;29.92;12.12;1;15;data;173;'-13;116;153;124;113;119;685;0;0;3.469;97.7;0.107;4.687;0;3;3300;3300
db_buhler_1_dsp;;1,5968E+18;16.48;1596.3;985; OK;0;1018;194521;33;2.9;3;2.8;2.7;09/07/2020 11:50;5.15;1.76;1.25;34;3.25;2.23;28.08;12.62;4.67;8.47;dsp_parametros_60.txt;1041;1008;38;29;57.2;42.1;62.8;22028;6.66;1446;626;53.2;185678;0;760;172;165;3.99;750;191;63;29.58;12.07;1;34;data;172;'-13;116;153;123;112;118;686;0;0;3.607;97;0.107;4.825;0;3;3300;3300
db_buhler_1_dsp;;1,5968E+18;16.33;1596.1;986; OK;0;1021;194092;32;3;3;2.9;2.6;07/07/2020 13:16;5.15;1.77;1.25;31;3.24;2.04;28.3;12.61;4.62;8.45;dsp_parametros_60.txt;1044;1012;49;40;58.8;40.8;64;22051;6.72;1017;630;53.2;185249;0;765;174;167;3.99;749;194;64;29.62;12.13;1;51;data;175;'-13;118;155;126;115;121;683;0;0;3.554;97;0.108;4.772;0;3;3300;3300
db_buhler_1_dsp;;1,5968E+18;16.16;1596.2;985; OK;0;1021;194059;33;3;3.1;2.9;2.8;07/07/2020 12:22;5.14;1.73;1.25;31;3.27;2.47;27.6;12.62;4.76;8.48;dsp_parametros_60.txt;1044;1011;42;33;57.2;40.9;63.3;22096;7;984;629;53;185216;0;759;173;166;3.98;749;191;65;30.42;12.41;1.02;18;data;170;'-13;116;152;122;110;116;688;0;0;3.708;97.6;0.108;4.966;0;3;3300;3300
db_buhler_1_dsp;;1,5968E+18;17.22;1596.5;985; OK;0;1020;194682;34;2.7;2.6;2.6;2.3;09/07/2020 16:38;5.15;1.83;1.25;31;3.22;1.95;29.06;12.62;4.54;8.41;dsp_parametros_60.txt;1044;1010;39;30;57.3;41;63.3;22056;6.82;1607;628;53.2;185839;0;768;176;169;3.99;750;192;63;29.62;12.24;0.98;159;data;173;'-13;116;154;124;115;121;685;0;0;3.484;97.9;0.108;4.679;0;3;3300;3300
db_buhler_1_dsp;;1,5968E+18;17.29;1596.5;986; OK;0;1020;194683;33;2.7;2.7;2.6;2.3;09/07/2020 16:40;5.15;1.82;1.25;31;3.21;1.95;28.9;12.62;4.55;8.48;dsp_parametros_60.txt;1044;1011;40;31;57.9;42.3;62.1;22027;6.72;1608;629;53.1;185840;0;767;176;169;3.98;749;194;63;29.7;12.13;0.98;160;data;173;'-13;116;154;124;115;121;686;0;0;3.488;97.7;0.108;4.569;0;3;3300;3300
db_buhler_1_dsp;;1,5968E+18;16.75;1596.2;986; OK;0;1021;194141;32;2.9;2.9;2.7;2.4;07/07/2020 14:35;5.15;1.79;1.25;31;3.23;2.01;28.42;12.61;4.6;8.44;dsp_parametros_60.txt;1044;1012;39;30;58.5;41.3;63.3;22084;6.68;1066;630;53.3;185298;0;766;176;168;4;749;195;64;29.6;12.08;0.99;100;data;173;'-13;117;155;125;115;121;688;0;0;3.533;97.1;0.108;4.635;0;3;3300;3300
db_buhler_1_dsp;;1,5968E+18;15.36;1596.1;984; OK;0;1018;194030;31;3;3.2;3;3;01/07/2020 11:54;5.15;1.67;1.11;36;3.31;2.94;28.08;12.61;4.86;8.46;dsp_parametros_60.txt;1039;1008;37;31;54.8;59.5;63.1;22053;7.02;955;626;53.1;185187;0;755;168;161;3.98;751;193;69;29.36;12.47;1.04;23;data;168;'-13;98;149;121;129;114;670;0;0;3.808;97.4;0.107;4.616;0;3;3300;3300
db_buhler_1_dsp;;1,5968E+18;16.86;1596.3;986; OK;0;1021;194208;34;2.7;2.8;2.6;2.3;07/07/2020 16:42;5.15;1.81;1.25;30;3.22;1.96;28.62;12.61;4.57;8.49;dsp_parametros_60.txt;1045;1011;39;29;56.8;40.4;63.1;22075;6.72;1133;629;53.2;185365;0;768;177;170;3.99;750;192;60;30.14;12.13;0.99;167;data;172;'-13;117;154;125;115;121;688;0;0;3.506;98;0.108;4.799;0;3;3300;3300
db_buhler_1_dsp;;1,5968E+18;17.34;1596.4;985; OK;0;1019;194684;33;2.7;2.7;2.6;2.3;09/07/2020 16:42;5.15;1.85;1.25;32;3.21;1.94;29.02;12.61;4.56;8.39;dsp_parametros_60.txt;1043;1010;40;31;56.9;41.4;63.4;22072;6.68;1609;628;53.1;185841;0;767;176;169;3.98;750;194;62;29.7;12.1;0.99;161;data;173;'-12;117;154;124;115;121;688;0;0;3.495;97.7;0.108;4.732;0;3;3300;3300
db_buhler_1_dsp;;1,5968E+18;16.94;1596.4;986; OK;0;1020;194565;33;2.7;2.7;2.6;2.4;09/07/2020 13:02;5.15;1.81;1.24;32;3.23;2.02;28.66;12.61;4.54;8.42;dsp_parametros_60.txt;1043;1010;40;31;55.8;41.8;61.5;22065;6.68;1490;628;53.2;185722;0;765;174;166;3.99;749;192;63;30.16;12.09;0.99;42;data;172;'-13;116;152;124;113;119;684;0;0;3.475;97.8;0.107;4.523;0;3;3300;3300
db_buhler_1_dsp;;1,5968E+18;39.8;1596.2;930;BAD;0;1023;194035;18;3.4;3;3.3;2.9;07/07/2020 11:42;5.15;0;0;35;3.29;3.5;0;12.61;5.3;16.1;dsp_parametros_60.txt;1040;1022;11;12;0.1;0.1;'-0.1;23092;32.48;960;640;25.7;185192;0;298;177;168;1.93;252;190;26;0;38.15;1.12;1;data;23;'-13;24;23;23;23;23;685;0;0;4.242;0;0.202;5.168;0;3;3300;3300
db_buhler_1_dsp;;1,5968E+18;16.08;1596.2;986; OK;0;1022;194069;32;3.1;3.1;3;2.7;07/07/2020 12:38;5.15;1.67;1.18;31;3.25;2.22;28.34;12.62;4.71;8.49;dsp_parametros_60.txt;1044;1012;44;36;55.8;40.6;61.7;22058;6.84;994;630;53.1;185226;0;762;174;166;3.98;749;190;66;30.38;12.25;1.01;28;data;172;'-13;117;152;124;112;118;685;0;0;3.648;98.4;0.108;4.635;0;3;3300;3300
db_buhler_1_dsp;;1,5968E+18;15.06;1596.1;984; OK;0;1018;194016;33;2.9;3.2;2.9;3.1;01/07/2020 11:31;5.15;1.63;1.13;35;3.36;3.18;27.72;12.62;5;8.44;dsp_parametros_60.txt;1040;1007;34;29;57.4;58.4;62.7;22098;7.18;941;625;53;185173;0;753;168;162;3.97;750;191;71;30.64;12.68;1.08;9;data;165;'-13;96;146;119;115;108;670;0;0;3.937;98.5;0.107;4.872;0;3;3300;3300
db_buhler_1_dsp;;1,5968E+18;16.1;1596.2;985; OK;0;1021;194070;33;3;3.1;3;2.7;07/07/2020 12:40;5.15;1.75;1.24;32;3.25;2.22;27.9;12.62;4.72;8.45;dsp_parametros_60.txt;1043;1010;45;36;55.5;40.2;63.2;22045;7.02;995;628;53.2;185227;0;761;173;166;3.99;750;190;63;30.84;12.41;1.01;29;data;172;'-13;116;152;124;112;118;683;0;0;3.652;98.3;0.108;4.765;0;3;3300;3300
db_buhler_1_dsp;;1,5968E+18;17.09;1596.4;985; OK;0;1019;194698;34;2.7;2.7;2.6;2.3;09/07/2020 17:04;5.15;1.83;1.25;32;3.21;1.98;28.94;12.61;4.51;8.42;dsp_parametros_60.txt;1043;1009;40;30;55.5;41.1;62.4;22041;6.68;1623;627;53.2;185855;0;767;176;169;3.99;750;194;62;30.18;12.1;0.98;175;data;174;'-13;116;154;125;115;121;686;0;0;3.448;98.1;0.108;4.647;0;3;3300;3300
db_buhler_1_dsp;;1,5968E+18;16.95;1596.2;985; OK;0;1019;194139;33;2.9;2.9;2.8;2.4;07/07/2020 14:32;5.15;1.79;1.25;33;3.23;2.01;28.46;12.61;4.58;8.43;dsp_parametros_60.txt;1042;1009;39;30;58.9;40.6;63.1;22046;6.72;1064;627;53.4;185296;0;768;176;168;4;750;194;64;29.66;12.11;0.99;98;data;173;'-13;117;155;125;115;120;688;0;0;3.519;97.2;0.108;4.786;0;3;3300;3300
db_buhler_1_dsp;;1,5968E+18;16.82;1596.3;986; OK;0;1020;194205;34;2.7;2.8;2.6;2.3;07/07/2020 16:37;5.15;1.82;1.25;31;3.22;1.98;28.8;12.62;4.55;8.34;dsp_parametros_60.txt;1044;1010;39;29;56.5;40.3;63.1;22081;6.74;1130;628;53.1;185362;0;770;177;170;3.98;750;190;63;29.64;12.14;0.99;164;data;173;'-13;117;155;125;115;121;684;0;0;3.487;97.4;0.108;4.83;0;3;3300;3300
db_buhler_1_dsp;;1,5968E+18;17.34;1596.4;985; OK;0;1020;194699;33;2.6;2.6;2.5;2.2;09/07/2020 17:06;5.15;1.86;1.24;32;3.22;1.96;28.8;12.62;4.52;8.41;dsp_parametros_60.txt;1043;1010;39;30;56.4;41;63.2;22026;6.76;1624;628;53.2;185856;0;766;176;169;3.99;749;194;63;30.18;12.17;0.98;176;data;174;'-13;117;154;125;115;121;688;0;0;3.46;98;0.108;4.515;0;3;3300;3300
db_buhler_1_dsp;;1,5968E+18;16.19;1596.4;986; OK;0;1022;194274;34;2.7;2.8;2.7;2.7;08/07/2020 05:51;5.15;1.67;1.09;30;3.28;2.41;28.22;12.62;4.73;8.46;dsp_parametros_60.txt;1045;1011;25;17;56.2;42.1;63;22115;6.64;1199;629;53;185431;0;758;173;166;3.97;751;189;68;29.62;12.05;1.02;12;data;167;'-13;111;147;117;104;109;686;0;0;3.67;97;0.108;4.806;0;3;3300;3300
db_buhler_1_dsp;;1,5968E+18;16.62;1596.4;986; OK;0;1021;194385;33;2.8;2.7;2.6;2.3;08/07/2020 08:51;5.15;1.82;1.24;31;3.21;1.96;28.3;12.62;4.49;8.39;dsp_parametros_60.txt;1044;1011;40;31;58.4;41.8;62.5;22085;6.66;1310;629;53.3;185542;0;767;175;168;3.99;749;195;62;30.24;12.07;0.98;123;data;173;'-13;116;154;125;115;121;688;0;0;3.428;97.7;0.108;4.523;0;3;3300;3300
db_buhler_1_dsp;;1,5968E+18;14.65;1596.3;995;LOK;0;1026;194038;35;3.3;3.5;3.3;3.4;07/07/2020 11:48;5.15;1.51;1.1;25;3.35;3.14;25.88;12.61;5.2;8.48;dsp_parametros_60.txt;1050;1015;34;27;56.7;41.8;62.7;21992;7.86;963;633;50.7;185195;0;754;173;164;3.8;751;191;65;30.54;13.31;1.07;4;data;160;'-13;99;141;131;91;97;685;0;0;4.137;97.4;0.111;5.193;0;3;3300;3300
db_buhler_1_dsp;;1,5968E+18;16.89;1596.4;986; OK;0;1021;194467;34;2.7;2.6;2.5;2.1;08/07/2020 11:23;5.15;1.84;1.24;30;3.21;1.97;28.64;12.61;4.55;8.44;dsp_parametros_60.txt;1045;1011;39;30;56.8;41.2;63.4;22042;6.74;1392;629;53.1;185624;0;769;176;168;3.98;749;191;62;29.86;12.14;0.98;205;data;174;'-13;116;154;124;115;121;686;0;0;3.482;97.6;0.108;4.789;0;3;3300;3300
db_buhler_1_dsp;;1,5968E+18;17.24;1596.4;986; OK;0;1019;194618;35;2.7;2.7;2.6;2.4;09/07/2020 14:29;5.15;1.82;1.25;32;3.22;1.97;28.82;12.6;4.46;8.37;dsp_parametros_60.txt;1043;1008;39;30;57.6;41.6;62.9;22075;6.7;1543;626;53.2;185775;0;768;175;168;3.99;750;190;64;29.94;12.11;0.98;95;data;174;'-13;117;154;125;115;121;686;0;0;3.401;97.8;0.107;4.72;0;3;3300;3300
db_buhler_1_dsp;;1,5968E+18;15.31;1596.4;991;LOK;0;1020;194160;35;3;3.1;2.9;2.6;07/07/2020 15:24;5.15;1.57;1.24;32;3.22;2.09;25.36;12.62;4.87;8.61;dsp_parametros_60.txt;1043;1008;44;31;56.4;41.5;64.8;22026;8.18;1085;626;50.9;185317;0;767;177;168;3.82;750;192;60;29.52;13.57;0.99;119;data;195;'-13;114;163;158;118;130;685;0;0;3.808;96.1;0.109;5.049;0;3;3300;3300
db_buhler_1_dsp;;1,5968E+18;17.01;1596.5;985; OK;0;1020;194651;34;2.6;2.6;2.5;2.3;09/07/2020 15:48;5.15;1.81;1.25;31;3.22;1.99;28.62;12.61;4.52;8.38;dsp_parametros_60.txt;1044;1010;39;30;57.8;41;63;22016;6.7;1576;628;53.2;185808;0;768;176;169;3.99;750;190;61;29.68;12.11;0.99;128;data;173;'-13;117;153;124;114;119;685;0;0;3.455;97.3;0.108;4.805;0;3;3300;3300
db_buhler_1_dsp;;1,5968E+18;43.96;1596.4;930;BAD;0;1028;194488;20;3.5;3.2;3.6;3.2;09/07/2020 10:49;5.15;1.84;1.25;28;3.34;1.97;28.64;12.62;5.38;42.1;dsp_parametros_60.txt;1047;1027;39;29;0;0;'-0.1;23365;25.06;1413;645;25.8;185645;0;299;174;166;1.93;251;192;21;29.68;30.86;1.09;1;data;27;'-13;26;26;26;27;27;690;0;0;4.327;0;0.202;5.291;0;3;3300;3300
db_buhler_1_dsp;;1,5968E+18;15.86;1596.2;986; OK;0;1024;194044;33;3.1;3.3;3.1;3.1;07/07/2020 11:57;5.15;1.64;1.1;29;3.32;2.99;28.02;12.62;4.82;8.52;dsp_parametros_60.txt;1046;1013;40;32;57.3;40;62.4;22035;6.92;969;631;53.1;185201;0;755;173;166;3.98;751;190;65;30.38;12.41;1.05;3;data;168;'-13;113;147;119;103;108;687;0;0;3.752;98.2;0.109;4.71;0;3;3300;3300
db_buhler_1_dsp;;1,5968E+18;13.81;1596.4;930;BAD;0;1013;194159;23;3;3;2.9;2.6;07/07/2020 15:22;5.15;1.58;1.25;40;3.21;2.1;25.28;12.62;5.02;8.42;dsp_parametros_60.txt;1035;1012;0;0;0.1;0;'-0.1;21993;30.1;1084;630;25.8;185316;0;307;176;167;1.94;250;188;20;29.94;35.54;1;118;data;176;'-13;112;164;163;115;128;688;0;0;3.963;118.2;0.201;5.711;0;3;3300;3300
db_buhler_1_dsp;;1,5968E+18;15.84;1596.3;986; OK;0;1024;194045;33;3.2;3.3;3.1;3.1;07/07/2020 11:59;5.15;1.63;1.11;28;3.31;2.97;28.2;12.62;4.83;8.47;dsp_parametros_60.txt;1047;1014;39;31;57.7;39;61.8;22040;6.9;970;632;53.2;185202;0;756;173;166;3.99;751;190;65;30.66;12.38;1.05;4;data;168;'-13;113;148;120;104;109;688;0;0;3.765;98.5;0.109;4.87;0;3;3300;3300
db_buhler_1_dsp;;1,5968E+18;16.8;1596.3;986; OK;0;1021;194196;34;2.8;2.8;2.6;2.3;07/07/2020 16:23;5.15;1.81;1.24;30;3.22;2;28.56;12.62;4.57;8.31;dsp_parametros_60.txt;1045;1011;38;29;55;40;63.4;22086;6.72;1121;629;53.2;185353;0;769;177;170;3.99;750;192;61;30.16;12.13;0.99;155;data;172;'-13;116;153;124;115;121;686;0;0;3.506;97.6;0.108;4.904;0;3;3300;3300
db_buhler_1_dsp;;1,5968E+18;16.74;1596.4;986; OK;0;1021;194241;35;2.7;2.7;2.6;2.2;07/07/2020 17:36;5.15;1.81;1.25;29;3.22;1.97;28.46;12.61;4.57;8.29;dsp_parametros_60.txt;1046;1011;39;29;55.8;41.8;63.1;22063;6.72;1166;629;53;185398;0;768;177;170;3.98;750;194;63;29.88;12.13;0.98;200;data;173;'-13;117;155;126;115;121;688;0;0;3.505;97.4;0.108;4.953;0;3;3300;3300
db_buhler_1_dsp;;1,5968E+18;16.87;1596.4;986; OK;0;1020;194481;34;2.7;2.6;2.5;2.2;08/07/2020 11:46;5.15;1.83;1.25;31;3.21;2;28.6;12.62;4.54;8.38;dsp_parametros_60.txt;1044;1010;41;31;55.6;38.4;57.3;22026;19.12;1406;628;53.2;185638;0;768;175;168;3.99;750;194;60;29.9;24.56;0.98;219;data;168;'-13;112;150;121;113;120;688;0;0;3.473;109.9;0.108;4.573;0;3;3300;3300
db_buhler_1_dsp;;1,5968E+18;15.76;1596.3;986; OK;0;1025;194043;34;3.2;3.4;3.2;3.2;07/07/2020 11:56;5.15;1.64;1.12;27;3.32;3.07;28.28;12.62;4.85;8.5;dsp_parametros_60.txt;1048;1014;39;31;57.6;39.8;62.1;22017;7.02;968;632;53.1;185200;0;756;173;166;3.98;751;190;67;30.2;12.54;1.05;2;data;167;'-13;112;146;119;102;106;688;0;0;3.783;98.3;0.109;4.936;0;3;3300;3300
db_buhler_1_dsp;;1,5968E+18;15.86;1596.3;986; OK;0;1025;194046;33;3.2;3.4;3.1;3.1;07/07/2020 12:01;5.15;1.64;1.11;28;3.31;2.95;28.06;12.62;4.81;8.49;dsp_parametros_60.txt;1047;1014;39;31;57.9;40.4;63.7;22072;6.88;971;632;53.2;185203;0;756;173;166;3.99;750;190;65;30.68;12.35;1.05;5;data;168;'-13;113;148;120;105;110;686;0;0;3.751;98.4;0.109;4.838;0;3;3300;3300
db_buhler_1_dsp;;1,5968E+18;16.55;1596.2;985; OK;0;1020;194075;33;3.1;3.1;2.9;2.7;07/07/2020 12:48;5.15;1.74;1.25;32;3.24;2.19;28.18;12.62;4.69;8.5;dsp_parametros_60.txt;1043;1010;46;37;56.7;40.1;62.9;22063;6.92;1000;628;53.3;185232;0;763;174;166;3.99;750;194;64;30.04;12.31;1;34;data;173;'-13;117;153;124;113;119;688;0;0;3.635;97.6;0.108;4.939;0;3;3300;3300
db_buhler_1_dsp;;1,5968E+18;17.02;1596.3;985; OK;0;1019;194187;34;2.8;2.8;2.6;2.3;07/07/2020 16:08;5.15;1.82;1.25;32;3.22;1.97;28.64;12.62;4.57;8.34;dsp_parametros_60.txt;1043;1009;38;29;57.3;41.1;62.7;22043;6.7;1112;627;53.2;185344;0;769;177;170;3.99;750;192;63;29.92;12.08;0.98;146;data;173;'-13;117;153;124;115;120;681;0;0;3.508;97.5;0.108;4.838;0;3;3300;3300
db_buhler_1_dsp;;1,5968E+18;16.91;1596.3;985; OK;0;1020;194245;34;2.7;2.8;2.6;2.3;07/07/2020 17:42;5.15;1.8;1.24;31;3.22;1.98;28.5;12.61;4.53;8.31;dsp_parametros_60.txt;1044;1010;39;29;57.9;41.6;63.2;21996;6.66;1170;628;53.1;185402;0;769;177;170;3.98;751;192;62;30.22;12.07;0.98;204;data;173;'-13;117;155;125;115;121;685;0;0;3.478;97.5;0.108;4.757;0;3;3300;3300
db_buhler_1_dsp;;1,5968E+18;16.84;1596.3;986; OK;0;1020;194195;33;2.7;2.7;2.6;2.2;07/07/2020 16:21;5.14;1.81;1.25;31;3.22;1.99;28.66;12.61;4.53;8.35;dsp_parametros_60.txt;1044;1011;38;29;56.8;39.1;62.8;22016;6.7;1120;629;53.1;185352;0;769;177;170;3.98;749;193;63;30.22;12.1;0.99;154;data;172;'-13;116;153;124;115;121;686;0;0;3.47;97.9;0.108;4.539;0;3;3300;3300
db_buhler_1_dsp;;1,5968E+18;15.83;1596.3;985; OK;0;1023;194048;33;3.2;3.4;3.1;3.1;07/07/2020 12:04;5.15;1.64;1.11;29;3.3;2.92;28.08;12.62;4.81;8.5;dsp_parametros_60.txt;1046;1013;39;31;56.6;40;64;22078;6.92;973;631;53.2;185205;0;756;173;166;3.99;750;191;64;29.96;12.37;1.04;7;data;169;'-13;114;149;121;106;111;683;0;0;3.742;97.7;0.109;4.843;0;3;3300;3300
db_buhler_1_dsp;;1,5968E+18;16.98;1596.3;986; OK;0;1020;194201;34;2.7;2.8;2.6;2.3;07/07/2020 16:31;5.15;1.79;1.24;31;3.22;1.97;28.76;12.61;4.54;8.38;dsp_parametros_60.txt;1044;1010;38;29;56.6;41;63.2;22056;6.72;1126;628;53.2;185358;0;769;177;170;3.99;750;191;62;29.48;12.12;0.98;160;data;173;'-13;117;154;125;115;121;688;0;0;3.477;97.2;0.108;4.591;0;3;3300;3300
db_buhler_1_dsp;;1,5968E+18;17.2;1596.4;986; OK;0;1020;194597;35;2.8;2.8;2.7;2.4;09/07/2020 13:55;5.15;1.81;1.25;31;3.23;1.98;28.64;12.61;4.51;8.49;dsp_parametros_60.txt;1044;1009;40;31;57;41.8;62.8;22021;6.72;1522;627;53.2;185754;0;767;175;168;3.99;750;191;65;29.68;12.12;0.99;74;data;174;'-13;117;154;125;115;120;688;0;0;3.449;97.5;0.107;4.893;0;3;3300;3300
db_buhler_1_dsp;;1,5968E+18;16;1596.4;986; OK;0;1020;194513;33;2.9;3;2.9;2.8;09/07/2020 11:37;5.15;1.66;1.18;32;3.27;2.38;28.06;12.62;4.73;8.55;dsp_parametros_60.txt;1043;1010;38;30;57.8;42.3;63.1;21981;6.7;1438;628;53.1;185670;0;758;172;165;3.98;750;191;66;30.16;12.14;1.01;26;data;171;'-13;115;152;122;111;116;686;0;0;3.675;97.6;0.108;4.829;0;3;3300;3300
db_buhler_1_dsp;;1,5968E+18;13.76;1596.5;930;BAD;0;1015;194394;23;2.8;2.8;2.7;2.5;08/07/2020 09:24;5.14;1.48;1.19;38;3.2;2.1;25.6;12.61;5.04;8.54;dsp_parametros_60.txt;1037;1014;0;0;0;0;'-0.1;21971;13.78;1319;632;25.8;185551;0;304;175;166;1.94;250;192;25;29.28;19.2;0.99;132;data;141;'-13;102;136;129;102;113;688;0;0;3.987;101.7;0.201;5.674;0;3;3300;3300
db_buhler_1_dsp;;1,5968E+18;16.92;1596.4;986; OK;0;1020;194168;34;2.8;2.8;2.7;2.4;07/07/2020 15:37;5.15;1.8;1.24;31;3.23;2.01;28.56;12.6;4.58;8.31;dsp_parametros_60.txt;1044;1010;38;28;57.3;41.7;63.7;22066;6.74;1093;628;53.1;185325;0;767;177;170;3.98;750;196;63;29.94;12.15;0.99;127;data;173;'-13;117;153;124;114;119;686;0;0;3.512;97.4;0.108;4.732;0;3;3300;3300
db_buhler_1_dsp;;1,5968E+18;16.03;1596.3;985; OK;0;1019;194511;34;2.9;3;2.9;2.7;09/07/2020 11:34;5.15;1.74;1.26;33;3.27;2.43;27.96;12.62;4.76;8.48;dsp_parametros_60.txt;1042;1008;37;28;58.1;42.1;62.7;22037;6.76;1436;626;53.1;185668;0;757;171;165;3.98;750;192;65;29.68;12.19;1.01;24;data;172;'-13;115;152;122;111;116;685;0;0;3.702;97;0.107;4.917;0;3;3300;3300
db_buhler_1_dsp;;1,5968E+18;16.79;1596.3;986; OK;0;1022;194219;34;2.8;2.8;2.6;2.3;07/07/2020 17:00;5.15;1.81;1.25;29;3.21;1.98;28.48;12.6;4.57;8.31;dsp_parametros_60.txt;1046;1012;38;29;56.8;41.6;62.8;22036;6.74;1144;630;53.2;185376;0;768;177;170;3.99;749;191;60;29.48;12.15;0.99;178;data;173;'-13;117;154;125;115;121;683;0;0;3.502;97;0.108;4.853;0;3;3300;3300
db_buhler_1_dsp;;1,5968E+18;13.57;1596.5;930;BAD;0;1016;194490;22;2.8;3;2.8;3;09/07/2020 11:00;5.15;1.54;1.13;38;3.32;3.22;25.6;12.61;5.38;8.11;dsp_parametros_60.txt;1037;1015;0;0;'-0.1;'-0.1;'-0.1;21900;13.16;1415;633;25.7;185647;0;296;173;163;1.93;251;191;39;29.6;18.68;1.07;3;data;125;'-13;84;117;112;76;84;688;0;0;4.329;101.7;0.201;5.491;0;3;3300;3300
db_buhler_1_dsp;;1,5968E+18;16.68;1596.3;986; OK;0;1020;194292;33;2.9;2.9;2.8;2.6;08/07/2020 06:20;5.15;1.78;1.25;32;3.25;2.19;28.36;12.62;4.58;8.43;dsp_parametros_60.txt;1043;1010;30;21;56.3;42.3;63.1;22104;6.78;1217;628;53.3;185449;0;763;173;166;3.99;750;192;64;29.9;12.19;1;30;data;169;'-13;113;150;121;109;115;687;0;0;3.53;97.4;0.108;4.649;0;3;3300;3300
db_buhler_1_dsp;;1,5968E+18;16.3;1596.3;987; OK;0;1023;194308;34;2.9;2.9;2.7;2.5;08/07/2020 06:46;5.14;1.8;1.25;29;3.23;2.03;28.14;12.62;4.6;8.43;dsp_parametros_60.txt;1046;1012;32;23;56.1;41.8;62.4;22052;6.72;1233;630;53.1;185465;0;764;174;166;3.98;750;191;64;29.6;12.14;1;46;data;171;'-13;114;152;122;111;117;683;0;0;3.532;96.8;0.108;4.684;0;3;3300;3300
db_buhler_1_dsp;;1,5968E+18;17.02;1596.4;986; OK;0;1021;194419;34;2.7;2.7;2.6;2.2;08/07/2020 10:05;5.15;1.82;1.25;30;3.22;1.98;28.66;12.61;4.56;8.36;dsp_parametros_60.txt;1045;1011;40;31;57.9;41.8;62.8;22030;6.74;1344;629;53.1;185576;0;768;175;168;3.98;750;189;60;29.98;12.15;0.98;157;data;173;'-13;116;154;124;115;120;686;0;0;3.498;97.6;0.108;4.761;0;3;3300;3300
db_buhler_1_dsp;;1,5968E+18;16.76;1596.4;986; OK;0;1021;194408;33;2.7;2.7;2.6;2.3;08/07/2020 09:48;5.15;1.81;1.24;31;3.21;1.99;28.64;12.62;4.6;8.41;dsp_parametros_60.txt;1044;1011;39;30;55.6;41.5;62.9;22030;6.7;1333;629;53.1;185565;0;767;175;168;3.98;750;191;62;29.96;12.11;0.99;146;data;171;'-13;115;152;123;114;119;686;0;0;3.533;97.6;0.108;4.557;0;3;3300;3300
db_buhler_1_dsp;;1,5968E+18;16.98;1596.4;986; OK;0;1021;194480;34;2.7;2.6;2.5;2.2;08/07/2020 11:45;5.15;1.82;1.24;30;3.22;2;28.52;12.61;4.55;8.4;dsp_parametros_60.txt;1045;1011;39;30;56.4;41.4;63.1;22038;6.66;1405;629;53;185637;0;769;176;168;3.98;749;190;62;30.22;12.08;0.98;218;data;174;'-13;116;155;124;116;122;688;0;0;3.497;97.7;0.108;4.767;0;3;3300;3300
db_buhler_1_dsp;;1,5968E+18;15.28;1596.4;985; OK;0;1020;194496;34;2.8;3;2.9;2.9;09/07/2020 11:09;5.15;1.66;1.12;32;3.32;3.02;27.56;12.62;4.85;8.43;dsp_parametros_60.txt;1043;1009;37;30;57.9;41.6;63.3;22183;6.7;1421;627;53;185653;0;754;172;165;3.98;750;190;67;29.94;12.16;1.04;9;data;171;'-13;113;148;121;105;109;687;0;0;3.782;96.9;0.108;4.907;0;3;3300;3300
db_buhler_1_dsp;;1,5968E+18;16.25;1596.4;985; OK;0;1018;194515;33;2.8;2.9;2.8;2.7;09/07/2020 11:40;5.15;1.74;1.26;34;3.26;2.32;27.96;12.62;4.72;8.46;dsp_parametros_60.txt;1041;1008;39;31;57.6;41.8;63.7;22028;6.74;1440;626;53.2;185672;0;758;172;165;3.99;751;192;63;29.94;12.17;1.01;28;data;171;'-13;115;152;122;111;117;687;0;0;3.657;97.2;0.107;4.823;0;3;3300;3300
db_buhler_1_dsp;;1,5968E+18;16.9;1596.3;986; OK;0;1019;194533;33;2.8;2.8;2.7;2.5;09/07/2020 12:10;5.15;1.68;1.25;33;3.23;2.11;28.42;12.62;4.6;8.45;dsp_parametros_60.txt;1042;1009;38;29;55.4;41.2;62.4;22014;6.82;1458;627;53.2;185690;0;762;173;165;3.99;751;192;63;30.2;12.24;1;10;data;172;'-13;115;152;123;112;118;684;0;0;3.533;97.9;0.107;4.534;0;3;3300;3300
db_buhler_1_dsp;;1,5968E+18;17.02;1596.3;986; OK;0;1020;194548;32;2.8;2.9;2.8;2.5;09/07/2020 12:34;5.15;1.73;1.25;33;3.23;2.02;29.1;12.62;4.55;8.51;dsp_parametros_60.txt;1042;1010;39;30;54.8;40.7;61.4;22076;6.64;1473;628;53.2;185705;0;765;173;166;3.99;750;192;62;29.9;12.05;0.99;25;data;172;'-13;115;153;124;113;119;683;0;0;3.481;98.2;0.107;4.464;0;3;3300;3300
db_buhler_1_dsp;;1,5968E+18;17.08;1596.3;986; OK;0;1020;194549;33;2.7;2.7;2.6;2.4;09/07/2020 12:36;5.15;1.79;1.25;32;3.22;1.99;28.7;12.61;4.58;9.09;dsp_parametros_60.txt;1043;1010;39;30;56.1;41.5;62.4;22002;6.72;1474;628;53;185706;0;765;173;166;3.98;750;191;64;29.96;12.11;0.99;26;data;172;'-13;115;152;124;113;119;683;0;0;3.524;98.4;0.107;4.661;0;3;3300;3300
db_buhler_1_dsp;;1,5968E+18;16.96;1596.3;986; OK;0;1020;194582;34;2.7;2.7;2.7;2.4;09/07/2020 13:30;5.15;1.82;1.24;31;3.23;1.98;28.74;12.61;4.56;8.39;dsp_parametros_60.txt;1044;1010;40;31;57.1;41.5;62.5;22084;6.7;1507;628;53.2;185739;0;765;175;167;3.99;750;192;63;29.96;12.1;0.99;59;data;173;'-13;117;154;125;114;120;688;0;0;3.498;97.7;0.107;4.819;0;3;3300;3300
db_buhler_1_dsp;;1,5968E+18;17.28;1596.4;986; OK;0;1019;194610;34;2.7;2.7;2.6;2.3;09/07/2020 14:16;5.15;1.85;1.25;32;3.21;1.97;29.16;12.62;4.43;8.37;dsp_parametros_60.txt;1043;1009;39;30;56.7;40.9;62.4;22035;6.74;1535;627;53.2;185767;0;767;175;168;3.99;751;191;64;30;12.13;0.98;87;data;170;'-13;115;151;124;114;119;683;0;0;3.37;98;0.107;4.717;0;3;3300;3300
db_buhler_1_dsp;;1,5968E+18;17.31;1596.4;985; OK;0;1020;194659;34;2.7;2.7;2.6;2.3;09/07/2020 16:01;5.15;1.82;1.24;31;3.22;1.98;28.86;12.6;4.53;8.39;dsp_parametros_60.txt;1044;1010;41;31;58.7;39.5;60.8;22054;10.38;1584;628;53.2;185816;0;768;176;169;3.99;749;190;62;29.7;15.81;0.99;136;data;171;'-13;115;152;123;114;119;683;0;0;3.472;101.5;0.108;4.88;0;3;3300;3300
db_buhler_1_dsp;;1,5968E+18;17.15;1596.5;986; OK;0;1021;194668;33;2.6;2.6;2.5;2.3;09/07/2020 16:15;5.15;1.85;1.24;30;3.22;1.97;28.92;12.6;4.53;8.47;dsp_parametros_60.txt;1045;1012;39;30;56.3;40.9;62.4;22052;6.64;1593;630;53.2;185825;0;767;176;169;3.99;749;194;61;29.62;12.05;0.99;145;data;173;'-13;117;154;124;115;121;686;0;0;3.462;97.5;0.108;4.63;0;3;3300;3300
db_buhler_1_dsp;;1,5968E+18;16.98;1596.5;986; OK;0;1021;194643;33;2.7;2.7;2.6;2.4;09/07/2020 15:35;5.15;1.79;1.24;30;3.22;2;28.54;12.61;4.58;8.4;dsp_parametros_60.txt;1045;1012;41;32;57.5;41.7;63.4;22054;6.88;1568;630;53.2;185800;0;767;176;169;3.99;750;195;61;29.58;12.3;0.99;120;data;173;'-13;116;152;125;111;117;688;0;0;3.515;97.3;0.108;4.822;0;3;3300;3300
db_buhler_1_dsp;;1,5968E+18;17.03;1596.4;987; OK;0;1022;194406;34;2.7;2.6;2.5;2.2;08/07/2020 09:44;5.15;1.81;1.24;29;3.22;2;28.76;12.61;4.59;8.37;dsp_parametros_60.txt;1046;1012;39;30;56.7;41.4;61.9;22058;6.66;1331;630;53.1;185563;0;767;175;168;3.98;749;190;62;30.16;12.07;0.99;144;data;173;'-13;115;153;124;114;120;683;0;0;3.532;97.8;0.108;4.596;0;3;3300;3300
db_buhler_1_dsp;;1,5968E+18;16.6;1596.1;985; OK;0;1020;194091;33;3;3;2.9;2.6;07/07/2020 13:14;5.15;1.77;1.24;32;3.24;2.05;28.32;12.62;4.62;8.44;dsp_parametros_60.txt;1043;1010;48;40;58.7;40.8;63.7;22031;6.7;1016;628;53.3;185248;0;764;174;167;3.99;749;193;62;29.62;12.1;1;50;data;174;'-13;119;155;126;115;121;683;0;0;3.56;97.2;0.108;4.846;0;3;3300;3300
db_buhler_1_dsp;;1,5968E+18;16.93;1596.4;986; OK;0;1021;194485;34;2.7;2.6;2.5;2.2;08/07/2020 11:53;5.15;1.84;1.24;30;3.21;1.97;28.62;12.61;4.52;8.42;dsp_parametros_60.txt;1045;1011;40;31;56.5;41.9;62.7;22024;6.74;1410;629;53.2;185642;0;770;176;168;3.99;750;190;62;30.14;12.15;0.98;223;data;173;'-13;116;154;124;115;121;683;0;0;3.459;97.8;0.108;4.816;0;3;3300;3300
db_buhler_1_dsp;;1,5968E+18;16.88;1596.3;986; OK;0;1019;194541;34;2.8;2.9;2.8;2.5;09/07/2020 12:23;5.15;1.79;1.24;33;3.24;2.05;28.5;12.61;4.55;8.46;dsp_parametros_60.txt;1042;1008;39;30;57;41.3;61.1;22046;6.68;1466;626;53.3;185698;0;763;173;165;3.99;750;190;64;30.2;12.11;1;18;data;173;'-13;116;153;123;113;119;689;0;0;3.495;98;0.107;4.804;0;3;3300;3300
db_buhler_1_dsp;;1,5968E+18;16.6;1596.4;986; OK;0;1022;194398;33;2.8;2.8;2.7;2.4;08/07/2020 09:31;5.15;1.78;1.25;30;3.22;2.03;27.84;12.62;4.61;8.39;dsp_parametros_60.txt;1045;1012;40;30;57.7;41.8;63.4;22065;6.7;1323;630;53;185555;0;767;175;168;3.98;750;193;61;29.8;12.11;0.99;136;data;180;'-13;117;156;133;115;122;688;0;0;3.545;96.7;0.108;4.746;0;3;3300;3300
db_buhler_1_dsp;;1,5968E+18;16.67;1596.3;986; OK;0;1020;194365;34;2.8;2.8;2.7;2.3;08/07/2020 08:19;5.15;1.81;1.24;31;3.22;1.97;28.52;12.61;4.49;8.42;dsp_parametros_60.txt;1044;1010;38;29;56.2;43.2;62.4;22108;6.68;1290;628;53.2;185522;0;768;175;168;3.99;749;192;65;29.66;12.1;0.99;103;data;173;'-13;115;153;124;114;120;686;0;0;3.431;97.4;0.107;4.66;0;3;3300;3300
db_buhler_1_dsp;;1,5968E+18;16.88;1596.4;986; OK;0;1021;194479;33;2.6;2.6;2.5;2.1;08/07/2020 11:43;5.15;1.83;1.25;31;3.21;1.96;28.64;12.61;4.54;8.66;dsp_parametros_60.txt;1044;1011;40;31;57.4;41.8;62.5;22085;6.78;1404;629;53.1;185636;0;769;176;168;3.98;750;190;62;29.96;12.19;0.98;217;data;174;'-13;116;154;125;116;122;688;0;0;3.474;98.1;0.108;4.421;0;3;3300;3300
db_buhler_1_dsp;;1,5968E+18;16.83;1596.4;985; OK;0;1020;194220;34;2.7;2.7;2.6;2.3;07/07/2020 17:01;5.14;1.81;1.25;31;3.22;1.98;28.5;12.61;4.53;8.41;dsp_parametros_60.txt;1044;1010;39;29;58.6;41.4;63.4;22033;6.64;1145;628;53.2;185377;0;770;177;170;3.99;750;191;62;29.94;12.04;0.98;179;data;173;'-13;116;154;125;115;121;686;0;0;3.477;97.4;0.108;4.737;0;3;3300;3300
db_buhler_1_dsp;;1,5968E+18;17.28;1596.3;986; OK;0;1020;194587;34;2.7;2.7;2.6;2.4;09/07/2020 13:39;5.15;1.84;1.25;32;3.22;1.96;29.16;12.62;4.54;8.44;dsp_parametros_60.txt;1043;1009;39;30;57.1;41.6;62.3;22086;6.68;1512;627;53.2;185744;0;767;175;167;3.99;750;191;63;29.94;12.09;0.99;64;data;173;'-13;116;153;125;114;120;685;0;0;3.48;98.1;0.107;4.732;0;3;3300;3300
db_buhler_1_dsp;;1,5968E+18;16.55;1596.2;985; OK;0;1021;194129;34;2.9;2.9;2.8;2.4;07/07/2020 14:16;5.15;1.8;1.24;31;3.23;2.02;28.16;12.62;4.57;8.53;dsp_parametros_60.txt;1044;1010;36;26;57.3;41.6;63.5;22020;6.74;1054;628;53.3;185286;0;767;176;168;3.99;750;192;63;30;12.15;0.99;88;data;175;'-13;119;155;126;116;122;688;0;0;3.505;97.5;0.108;4.939;0;3;3300;3300
db_buhler_1_dsp;;1,5968E+18;16.76;1596.3;986; OK;0;1021;194290;34;2.9;2.9;2.8;2.6;08/07/2020 06:17;5.15;1.77;1.25;31;3.25;2.22;28.3;12.61;4.63;8.48;dsp_parametros_60.txt;1044;1010;29;21;57.1;42.8;62.6;22059;6.7;1215;628;53.1;185447;0;762;173;166;3.98;750;189;65;29.68;12.11;1;28;data;169;'-13;113;150;121;109;115;687;0;0;3.565;97.1;0.108;4.843;0;3;3300;3300
db_buhler_1_dsp;;1,5968E+18;17.09;1596.4;986; OK;0;1021;194662;34;2.6;2.7;2.6;2.3;09/07/2020 16:06;5.14;1.83;1.24;30;3.22;1.96;28.88;12.62;4.57;8.52;dsp_parametros_60.txt;1045;1011;41;31;57.9;41.5;62.1;22286;6.7;1587;629;53.2;185819;0;768;176;169;3.99;749;192;62;29.58;12.11;0.99;139;data;173;'-13;117;154;124;115;120;688;0;0;3.504;97.6;0.108;4.898;0;3;3300;3300
db_buhler_1_dsp;;1,5968E+18;16.77;1596.2;984; OK;0;1019;194115;34;3;3;2.9;2.5;07/07/2020 13:53;5.15;1.8;1.24;33;3.23;2.02;28.42;12.61;4.58;8.67;dsp_parametros_60.txt;1042;1008;52;43;58.6;41.5;63.3;22018;6.7;1040;626;53.3;185272;0;766;175;168;4;750;191;62;29.66;12.11;0.99;74;data;176;'-13;119;156;128;117;123;683;0;0;3.529;97.5;0.108;4.927;0;3;3300;3300
db_buhler_1_dsp;;1,5968E+18;15.3;1596.4;987; OK;0;1022;194731;36;3.2;3.4;3.2;3.2;14/07/2020 05:51;5.15;1.61;1.16;30;3.33;3.06;27.02;12.62;4.84;8.47;dsp_parametros_60.txt;1045;1009;30;23;58.4;41.6;63.3;22079;6.74;1656;627;52.9;185888;0;754;173;166;3.96;750;192;68;29.88;12.18;1.06;7;data;163;'-13;109;142;118;96;100;684;0;0;3.781;96.4;0.107;4.546;0;3;3300;3300
db_buhler_1_dsp;;1,5968E+18;17.17;1596.4;986; OK;0;1018;194631;34;2.7;2.7;2.6;2.3;09/07/2020 14:51;5.15;1.83;1.25;33;3.23;1.97;29.2;12.62;4.48;8.41;dsp_parametros_60.txt;1042;1008;41;32;57.5;41.6;63.2;22064;6.68;1556;626;53.3;185788;0;769;176;169;4;749;190;64;29.96;12.08;0.99;108;data;174;'-13;117;154;125;115;121;686;0;0;3.419;98.3;0.107;4.512;0;3;3300;3300
db_buhler_1_dsp;;1,5968E+18;17.07;1596.4;986; OK;0;1021;194669;33;2.6;2.6;2.5;2.3;09/07/2020 16:17;5.15;1.82;1.24;31;3.22;1.96;28.84;12.62;4.48;8.72;dsp_parametros_60.txt;1044;1011;39;30;57;41.1;61.4;22053;6.66;1594;629;53.2;185826;0;768;176;169;3.99;749;192;61;29.92;12.06;0.99;146;data;173;'-13;116;154;124;115;121;688;0;0;3.413;98.2;0.108;4.415;0;3;3300;3300
db_buhler_1_dsp;;1,5968E+18;17.03;1596.4;986; OK;0;1020;194661;34;2.8;2.8;2.7;2.4;09/07/2020 16:04;5.15;1.82;1.24;31;3.22;1.99;28.58;12.62;4.56;8.42;dsp_parametros_60.txt;1044;1010;40;31;57.6;40.8;62.4;22750;6.62;1586;628;53.2;185818;0;766;176;169;3.99;750;190;62;29.9;12.02;0.99;138;data;173;'-13;117;153;124;115;120;688;0;0;3.5;97.4;0.108;4.654;0;3;3300;3300
db_buhler_1_dsp;;1,5968E+18;16.98;1596.5;986; OK;0;1020;194722;34;2.6;2.6;2.5;2.2;09/07/2020 18:10;5.15;1.81;1.24;31;3.21;1.98;28.68;12.6;4.54;8.47;dsp_parametros_60.txt;1044;1010;40;31;57.6;42.5;61.8;22026;6.74;1647;628;53.1;185879;0;768;176;169;3.98;750;192;63;29.68;12.14;0.98;199;data;173;'-13;117;154;125;116;122;688;0;0;3.482;97.6;0.108;4.617;0;3;3300;3300
db_buhler_1_dsp;;1,5968E+18;15.75;1596.1;985; OK;0;1019;194025;33;2.9;3.1;3;3;01/07/2020 11:46;5.15;1.66;1.12;34;3.33;3;27.74;12.62;4.92;8.6;dsp_parametros_60.txt;1041;1008;37;32;56.6;59.9;62.1;22094;7.26;950;626;52.9;185182;0;754;168;161;3.97;750;192;75;30.96;12.73;1.05;18;data;166;'-13;97;148;120;128;113;672;0;0;3.858;99;0.107;4.979;0;3;3300;3300
db_buhler_1_dsp;;1,5968E+18;15.59;1596.4;984; OK;0;1018;194502;35;2.9;3;2.9;2.8;09/07/2020 11:19;5.15;1.66;1.11;34;3.29;2.95;27.68;12.62;4.81;8.43;dsp_parametros_60.txt;1041;1006;37;28;57.5;42.4;64;22103;6.7;1427;624;53.1;185659;0;755;172;165;3.98;751;191;66;29.62;12.15;1.03;15;data;171;'-13;114;150;121;109;114;683;0;0;3.749;96.9;0.107;5.063;0;3;3300;3300
db_buhler_1_dsp;;1,5968E+18;16.12;1596.2;986; OK;0;1022;194120;32;3;3;2.8;2.5;07/07/2020 14:01;5.15;1.79;1.25;31;3.23;2;28.28;12.61;4.6;8.5;dsp_parametros_60.txt;1044;1012;53;44;57;40.7;63.8;22064;6.72;1045;630;53.3;185277;0;767;175;168;3.99;749;194;63;29.9;12.13;0.99;79;data;176;'-13;119;156;128;117;123;680;0;0;3.537;97.6;0.108;4.645;0;3;3300;3300
db_buhler_1_dsp;;1,5968E+18;16.72;1596.4;986; OK;0;1020;194391;34;2.8;2.7;2.6;2.2;08/07/2020 09:01;5.15;1.83;1.25;31;3.22;1.95;28.38;12.61;4.49;8.36;dsp_parametros_60.txt;1044;1010;40;31;57.8;41.4;62.4;21997;6.7;1316;628;53.3;185548;0;767;175;168;3.99;750;189;63;29.94;12.12;0.98;129;data;174;'-13;115;154;125;115;121;686;0;0;3.427;97.2;0.107;4.58;0;3;3300;3300
db_buhler_1_dsp;;1,5968E+18;16.83;1596.4;986; OK;0;1020;194421;34;2.7;2.6;2.5;2.2;08/07/2020 10:09;5.15;1.83;1.25;31;3.21;2.01;28.5;12.62;4.58;8.41;dsp_parametros_60.txt;1044;1010;40;31;55.4;40.9;62.9;22052;6.78;1346;628;53.1;185578;0;767;175;168;3.98;749;192;61;29.94;12.2;0.98;159;data;173;'-13;117;154;124;115;120;681;0;0;3.513;97.5;0.108;4.703;0;3;3300;3300
db_buhler_1_dsp;;1,5968E+18;16.58;1596.3;988; OK;0;1021;194777;39;3;3;2.9;2.6;14/07/2020 07:06;5.15;1.83;1.25;30;3.24;2.07;28.48;12.62;4.61;8.44;dsp_parametros_60.txt;1045;1006;37;29;56.6;41;61.5;22092;6.78;1702;624;53;185934;0;765;173;166;3.97;750;190;75;29.94;12.18;1;53;data;172;'-13;115;153;123;113;118;685;0;0;3.541;97.8;0.106;4.824;0;3;3300;3300
db_buhler_1_dsp;;1,5968E+18;16.41;1596.4;986; OK;0;1021;194424;33;2.7;2.7;2.6;2.2;08/07/2020 10:13;5.15;1.82;1.24;31;3.21;1.94;28.28;12.61;4.56;8.43;dsp_parametros_60.txt;1044;1011;40;31;56.5;42.2;62.5;22028;6.74;1349;629;53.1;185581;0;768;175;168;3.98;750;193;61;29.96;12.15;0.99;162;data;173;'-13;116;154;124;115;121;683;0;0;3.506;97.4;0.108;4.528;0;3;3300;3300
db_buhler_1_dsp;;1,5968E+18;16.92;1596.4;987; OK;0;1020;194591;34;2.7;2.7;2.6;2.4;09/07/2020 13:45;5.15;1.83;1.25;31;3.23;1.95;28.56;12.61;4.52;8.4;dsp_parametros_60.txt;1044;1010;38;28;57.5;42.2;63.1;22085;6.68;1516;628;53.3;185748;0;768;175;167;3.99;749;190;63;29.62;12.09;0.99;68;data;173;'-13;116;153;125;114;120;688;0;0;3.456;97.2;0.107;4.762;0;3;3300;3300
db_buhler_1_dsp;;1,5968E+18;16.75;1596.3;985; OK;0;1019;194528;33;2.9;3;2.8;2.6;09/07/2020 12:01;5.15;1.78;1.25;33;3.25;2.15;28.28;12.62;4.63;8.46;dsp_parametros_60.txt;1042;1009;39;30;57.2;40.8;63.1;22111;6.74;1453;627;53.2;185685;0;762;172;165;3.99;750;192;63;29.64;12.15;1;5;data;173;'-13;116;153;123;113;118;688;0;0;3.562;97.1;0.107;4.603;0;3;3300;3300
db_buhler_1_dsp;;1,5968E+18;16.93;1596.3;986; OK;0;1020;194579;34;2.7;2.7;2.7;2.4;09/07/2020 13:25;5.14;1.74;1.25;31;3.23;1.98;29.42;12.6;4.51;8.4;dsp_parametros_60.txt;1044;1010;40;31;56.5;40.7;61.7;22056;6.7;1504;628;53.2;185736;0;766;174;167;3.99;750;191;64;29.88;12.1;0.99;56;data;173;'-13;116;153;124;114;120;685;0;0;3.441;98.2;0.107;4.685;0;3;3300;3300
db_buhler_1_dsp;;1,5968E+18;16.7;1596.3;986; OK;0;1021;194216;35;2.8;2.8;2.6;2.3;07/07/2020 16:55;5.15;1.77;1.24;30;3.21;1.98;28.46;12.61;4.52;8.63;dsp_parametros_60.txt;1045;1010;39;29;57.9;40.6;61.8;22077;6.72;1141;628;53.2;185373;0;770;177;170;3.99;749;192;62;30.24;12.13;0.98;175;data;173;'-13;117;154;125;115;121;689;0;0;3.461;98.1;0.108;4.826;0;3;3300;3300
db_buhler_1_dsp;;1,5968E+18;16.96;1596.4;986; OK;0;1020;194389;34;2.8;2.8;2.6;2.3;08/07/2020 08:58;5.15;1.82;1.25;32;3.22;1.97;28.52;12.6;4.49;8.45;dsp_parametros_60.txt;1043;1009;40;31;57;41.8;62.1;22061;6.72;1314;627;53.4;185546;0;768;175;168;4;751;190;63;29.68;12.14;0.98;127;data;174;'-13;116;155;126;115;121;683;0;0;3.421;97.2;0.107;4.706;0;3;3300;3300
db_buhler_1_dsp;;1,5968E+18;17.4;1596.4;986; OK;0;1018;194630;34;2.7;2.7;2.6;2.3;09/07/2020 14:49;5.15;1.82;1.24;33;3.22;1.94;29.18;12.61;4.45;8.47;dsp_parametros_60.txt;1042;1008;41;31;58.1;41.8;62.4;22078;6.68;1555;626;53.4;185787;0;768;176;169;4;750;191;62;29.28;12.09;0.98;107;data;174;'-13;117;154;125;115;121;688;0;0;3.398;97.4;0.107;4.536;0;3;3300;3300
db_buhler_1_dsp;;1,5968E+18;17.17;1596.4;986; OK;0;1020;194633;34;2.7;2.7;2.6;2.3;09/07/2020 14:54;5.15;1.85;1.25;32;3.22;1.95;29.24;12.61;4.46;8.35;dsp_parametros_60.txt;1043;1009;40;31;58.1;40.8;62.2;22044;6.8;1558;627;53.3;185790;0;768;176;168;4;750;190;63;30.22;12.21;0.98;110;data;171;'-13;116;151;124;114;120;684;0;0;3.41;98.4;0.107;4.646;0;3;3300;3300
db_buhler_1_dsp;;1,5968E+18;16.29;1596.3;986; OK;0;1017;194761;41;3.1;3.1;3;2.8;14/07/2020 06:40;5.14;1.77;1.26;34;3.25;2.16;28.24;12.62;4.62;8.45;dsp_parametros_60.txt;1041;1000;38;29;57.4;42.3;62.9;22082;6.76;1686;618;52.9;185918;0;762;173;166;3.97;748;190;78;29.96;12.18;1.01;37;data;171;'-13;115;152;123;112;117;684;0;0;3.555;97.7;0.105;4.624;0;3;3300;3300
db_buhler_1_dsp;;1,5968E+18;17.04;1596.4;986; OK;0;1018;194622;34;2.8;2.7;2.6;2.4;09/07/2020 14:36;5.14;1.83;1.24;33;3.22;1.96;28.66;12.61;4.44;8.43;dsp_parametros_60.txt;1042;1008;40;31;56.9;42.1;62.9;22154;6.66;1547;626;53.3;185779;0;767;175;168;3.99;749;192;64;29.92;12.07;0.99;99;data;174;'-13;116;154;125;115;121;686;0;0;3.38;97.4;0.107;4.574;0;3;3300;3300
db_buhler_1_dsp;;1,5968E+18;15.62;1596.4;986; OK;0;1020;194501;32;2.8;3;2.8;2.8;09/07/2020 11:18;5.15;1.65;1.1;33;3.3;2.94;27.52;12.61;4.82;8.46;dsp_parametros_60.txt;1042;1010;37;29;55.6;41.1;61.7;22090;6.72;1426;628;53.1;185658;0;755;172;165;3.98;750;193;67;29.96;12.17;1.03;14;data;170;'-13;114;150;121;108;113;684;0;0;3.755;97;0.107;4.756;0;3;3300;3300
db_buhler_1_dsp;;1,5968E+18;16.65;1596.4;986; OK;0;1022;194416;34;2.7;2.7;2.6;2.3;08/07/2020 10:01;5.15;1.83;1.25;29;3.22;1.97;28.48;12.61;4.57;8.38;dsp_parametros_60.txt;1046;1012;39;30;57;40.5;63.2;22070;6.76;1341;630;53.1;185573;0;767;175;168;3.98;751;192;61;29.92;12.17;0.98;154;data;173;'-13;116;154;124;115;120;687;0;0;3.504;97.6;0.108;4.627;0;3;3300;3300
db_buhler_1_dsp;;1,5968E+18;16.82;1596.4;986; OK;0;1020;194420;34;2.7;2.6;2.5;2.2;08/07/2020 10:07;5.15;1.82;1.24;31;3.21;1.96;28.74;12.61;4.54;8.47;dsp_parametros_60.txt;1044;1010;40;31;57;41.7;62.1;22109;6.7;1345;628;53.2;185577;0;769;175;168;3.99;749;193;62;29.66;12.11;0.98;158;data;173;'-13;116;154;124;115;120;681;0;0;3.481;97.4;0.108;4.719;0;3;3300;3300
db_buhler_1_dsp;;1,5968E+18;16.89;1596.4;986; OK;0;1021;194470;34;2.7;2.6;2.5;2.1;08/07/2020 11:28;5.15;1.82;1.24;30;3.21;1.96;28.44;12.62;4.57;8.68;dsp_parametros_60.txt;1045;1011;40;31;57.8;40.8;61.6;22033;6.7;1395;629;52.9;185627;0;768;176;168;3.97;750;191;63;29.96;12.11;0.98;208;data;174;'-13;116;154;124;115;121;688;0;0;3.506;97.9;0.108;4.927;0;3;3300;3300
db_buhler_1_dsp;;1,5968E+18;16.85;1596.4;986; OK;0;1022;194474;34;2.7;2.6;2.5;2.1;08/07/2020 11:35;5.15;1.82;1.25;30;3.21;1.97;28.52;12.62;4.54;8.37;dsp_parametros_60.txt;1045;1011;39;30;56.5;42.6;62.7;22075;6.74;1399;629;53.2;185631;0;768;176;168;3.99;750;192;61;29.84;12.15;0.98;212;data;174;'-13;116;155;124;115;121;688;0;0;3.477;97.6;0.108;4.65;0;3;3300;3300
db_buhler_1_dsp;;1,5968E+18;15.23;1596.4;985; OK;0;1019;194497;33;2.8;3;2.8;2.8;09/07/2020 11:11;5.15;1.66;1.13;33;3.31;3.01;27.54;12.62;4.85;8.5;dsp_parametros_60.txt;1042;1009;38;30;56.9;41.4;63;22098;6.64;1422;627;53;185654;0;754;172;165;3.98;749;192;68;29.96;12.09;1.04;10;data;170;'-13;113;148;121;106;110;687;0;0;3.791;97;0.108;4.797;0;3;3300;3300
db_buhler_1_dsp;;1,5968E+18;16.69;1596.4;986; OK;0;1020;194525;34;2.8;2.9;2.8;2.6;09/07/2020 11:57;5.15;1.78;1.24;31;3.25;2.2;28.04;12.62;4.66;8.48;dsp_parametros_60.txt;1044;1010;38;30;56.1;41.9;63.5;22014;6.7;1450;628;53.1;185682;0;761;172;165;3.98;750;190;62;29.92;12.11;1;2;data;170;'-13;115;151;122;112;117;687;0;0;3.595;97.3;0.107;4.862;0;3;3300;3300
db_buhler_1_dsp;;1,5968E+18;17.19;1596.3;986; OK;0;1020;194552;34;2.8;2.9;2.7;2.5;09/07/2020 12:40;5.15;1.78;1.24;31;3.23;2.01;28.5;12.62;4.54;8.41;dsp_parametros_60.txt;1044;1010;37;28;56.8;42.5;62.8;22076;6.66;1477;628;53.2;185709;0;763;173;166;3.99;751;190;64;29.56;12.07;0.99;29;data;172;'-13;116;153;124;113;119;684;0;0;3.478;97;0.107;4.807;0;3;3300;3300
db_buhler_1_dsp;;1,5968E+18;16.9;1596.4;986; OK;0;1021;194564;34;2.7;2.7;2.6;2.4;09/07/2020 13:01;5.15;1.82;1.25;31;3.23;1.98;28.8;12.62;4.48;8.8;dsp_parametros_60.txt;1044;1010;40;31;55.7;40.8;62.1;22082;6.68;1489;628;53.2;185721;0;767;174;166;3.99;749;190;62;29.58;12.08;0.99;41;data;170;'-13;116;151;123;112;118;688;0;0;3.419;97.8;0.107;4.583;0;3;3300;3300
db_buhler_1_dsp;;1,5968E+18;17.07;1596.3;986; OK;0;1020;194567;33;2.8;2.8;2.7;2.4;09/07/2020 13:06;5.15;1.82;1.24;32;3.22;1.99;28.8;12.62;4.51;8.44;dsp_parametros_60.txt;1043;1010;40;31;56.5;41.5;63.1;22025;6.74;1492;628;53.2;185724;0;765;174;166;3.99;750;193;62;29.92;12.15;0.99;44;data;172;'-13;116;153;124;114;119;688;0;0;3.444;97.9;0.107;4.713;0;3;3300;3300
db_buhler_1_dsp;;1,5968E+18;17.12;1596.3;986; OK;0;1019;194574;33;2.7;2.8;2.7;2.4;09/07/2020 13:17;5.15;1.82;1.24;33;3.22;1.96;28.72;12.61;4.47;8.39;dsp_parametros_60.txt;1042;1009;38;29;56.4;41.8;63;22084;6.66;1499;627;53.2;185731;0;767;174;167;3.99;750;191;65;29.88;12.08;0.99;51;data;173;'-13;116;153;125;114;120;688;0;0;3.41;97.6;0.107;4.444;0;3;3300;3300
db_buhler_1_dsp;;1,5968E+18;16.92;1596.4;987; OK;0;1020;194596;34;2.8;2.8;2.7;2.4;09/07/2020 13:53;5.15;1.83;1.24;31;3.22;1.97;28.8;12.62;4.53;8.36;dsp_parametros_60.txt;1044;1010;41;32;58.6;42.3;62.6;22062;6.74;1521;628;53.2;185753;0;768;175;168;3.99;750;190;63;29.7;12.16;0.99;73;data;173;'-13;116;154;125;115;120;688;0;0;3.469;97.4;0.107;4.702;0;3;3300;3300
db_buhler_1_dsp;;1,5968E+18;17.08;1596.4;987; OK;0;1020;194600;34;2.8;2.7;2.7;2.4;09/07/2020 14:00;5.15;1.83;1.25;31;3.22;1.98;28.82;12.61;4.49;8.41;dsp_parametros_60.txt;1044;1010;39;30;57.1;41.3;62.8;22034;6.7;1525;628;53.2;185757;0;769;175;168;3.99;750;191;65;29.64;12.11;0.98;77;data;174;'-13;116;154;125;115;121;688;0;0;3.427;97.5;0.107;4.614;0;3;3300;3300
db_buhler_1_dsp;;1,5968E+18;17.08;1596.4;986; OK;0;1020;194601;33;2.8;2.8;2.7;2.4;09/07/2020 14:01;5.15;1.81;1.25;32;3.22;1.99;28.84;12.61;4.51;8.37;dsp_parametros_60.txt;1043;1010;39;30;59.6;41.7;62.1;22035;6.66;1526;628;53.3;185758;0;769;175;168;4;750;192;64;30.2;12.07;0.98;78;data;173;'-13;116;154;125;115;120;686;0;0;3.45;98;0.107;4.521;0;3;3300;3300
db_buhler_1_dsp;;1,5968E+18;17.09;1596.4;986; OK;0;1018;194619;34;2.7;2.7;2.6;2.4;09/07/2020 14:31;5.15;1.84;1.24;33;3.22;1.97;29;12.62;4.43;7.91;dsp_parametros_60.txt;1042;1008;39;30;57;40.9;62.6;21042;6.7;1544;626;53.2;185776;0;768;175;168;3.99;750;192;64;29.92;12.11;0.99;96;data;174;'-13;116;154;125;115;121;686;0;0;3.379;97.9;0.106;4.684;0;3;3300;3300
db_buhler_1_dsp;;1,5968E+18;17.21;1596.3;986; OK;0;1018;194620;33;2.8;2.8;2.7;2.4;09/07/2020 14:33;5.15;1.83;1.25;34;3.22;1.96;28.84;12.62;4.47;8.48;dsp_parametros_60.txt;1041;1008;39;30;57.4;41.2;62.7;22686;6.74;1545;626;53.4;185777;0;767;175;168;4;749;193;64;29.7;12.15;0.99;97;data;174;'-13;116;154;125;115;121;686;0;0;3.406;97.8;0.106;4.537;0;3;3300;3300
db_buhler_1_dsp;;1,5968E+18;16.93;1596.3;986; OK;0;1019;194621;33;2.7;2.7;2.6;2.3;09/07/2020 14:34;5.15;1.83;1.24;33;3.22;1.94;28.94;12.62;4.48;8.45;dsp_parametros_60.txt;1042;1009;39;30;58.1;42.1;62.6;22315;6.72;1546;627;53.4;185778;0;767;175;168;4;750;192;62;29.9;12.13;0.99;98;data;173;'-13;116;154;125;115;121;688;0;0;3.412;98;0.107;4.4;0;3;3300;3300
db_buhler_1_dsp;;1,5968E+18;17.08;1596.4;985; OK;0;1019;194656;33;2.7;2.7;2.6;2.3;09/07/2020 15:56;5.15;1.82;1.24;32;3.22;1.97;29.06;12.62;4.52;8.45;dsp_parametros_60.txt;1043;1010;39;30;57.5;40.7;62.3;22075;6.66;1581;628;53.1;185813;0;766;176;169;3.98;750;192;64;29.7;12.06;0.99;133;data;173;'-13;116;153;124;114;120;688;0;0;3.46;98;0.108;4.622;0;3;3300;3300
db_buhler_1_dsp;;1,5968E+18;16.77;1596.3;986; OK;0;1020;194388;33;2.8;2.8;2.6;2.3;08/07/2020 08:56;5.14;1.81;1.25;32;3.22;1.95;28.68;12.61;4.51;8.39;dsp_parametros_60.txt;1043;1010;40;31;55.8;41.8;62;22056;6.68;1313;628;53.3;185545;0;766;175;168;4;750;192;65;29.9;12.09;0.99;126;data;174;'-13;115;155;125;115;121;686;0;0;3.444;97.5;0.107;4.665;0;3;3300;3300
db_buhler_1_dsp;;1,5968E+18;16.39;1596.4;986; OK;0;1020;194524;34;2.8;2.9;2.7;2.5;09/07/2020 11:55;5.14;1.77;1.24;32;3.25;2.2;27.98;12.62;4.65;8.48;dsp_parametros_60.txt;1043;1009;40;30;58.1;40.2;58.7;22025;17.38;1449;627;53.2;185681;0;761;172;165;3.99;750;192;63;29.64;22.81;1;1;data;168;'-13;111;148;120;110;116;684;0;0;3.586;107.8;0.107;4.827;0;3;3300;3300
db_buhler_1_dsp;;1,5968E+18;16.99;1596.4;986; OK;0;1019;194573;34;2.7;2.7;2.6;2.3;09/07/2020 13:15;5.14;1.83;1.25;32;3.23;1.99;28.88;12.61;4.47;8.72;dsp_parametros_60.txt;1043;1009;39;31;55.2;41.2;62.2;22004;6.7;1498;627;53.3;185730;0;766;174;167;4;750;189;64;30.16;12.12;0.98;50;data;173;'-13;116;153;124;114;120;683;0;0;3.408;98.3;0.107;4.673;0;3;3300;3300
db_buhler_1_dsp;;1,5968E+18;16.68;1596.4;986; OK;0;1020;194415;34;2.7;2.7;2.6;2.3;08/07/2020 09:59;5.14;1.83;1.24;31;3.22;1.96;28.12;12.61;4.57;8.37;dsp_parametros_60.txt;1044;1010;39;30;56.3;41.6;63.8;22076;6.68;1340;628;53.1;185572;0;767;175;168;3.98;750;192;62;29.6;12.09;0.98;153;data;173;'-13;116;154;124;115;120;686;0;0;3.505;96.9;0.108;4.692;0;3;3300;3300
db_buhler_1_dsp;;1,5968E+18;15.09;1596.5;992;LOK;0;1021;194708;36;2.7;2.7;2.6;2.3;09/07/2020 17:47;5.15;1.58;1.25;32;3.22;1.98;25.26;12.61;4.84;8.38;dsp_parametros_60.txt;1043;1007;57;40;0;0;'-0.1;22017;7.7;1633;625;50.8;185865;0;765;177;167;3.81;750;189;62;29.92;13.15;0.99;185;data;175;'-13;107;149;157;112;134;688;0;0;3.771;149.1;0.109;4.857;0;3;3300;3300
db_buhler_1_dsp;;1,5968E+18;16.88;1596.4;986; OK;0;1020;194473;34;2.7;2.6;2.5;2.1;08/07/2020 11:33;5.15;1.84;1.24;31;3.21;1.97;28.64;12.61;4.55;8.38;dsp_parametros_60.txt;1044;1010;39;30;55.7;41.9;62.9;22049;6.66;1398;628;53.2;185630;0;768;176;168;3.99;750;191;61;29.64;12.07;0.98;211;data;174;'-13;116;155;124;115;121;688;0;0;3.486;97.2;0.108;4.556;0;3;3300;3300
db_buhler_1_dsp;;1,5968E+18;15.45;1596.4;985; OK;0;1020;194500;33;2.8;3;2.8;2.8;09/07/2020 11:16;5.15;1.65;1.11;33;3.31;2.95;27.82;12.62;4.82;8.48;dsp_parametros_60.txt;1042;1009;37;29;58.3;41.3;63.4;22032;6.64;1425;627;53;185657;0;755;172;165;3.98;751;189;66;29.68;12.1;1.03;13;data;171;'-13;114;150;121;108;113;685;0;0;3.756;96.8;0.107;4.681;0;3;3300;3300
db_buhler_1_dsp;;1,5968E+18;16.83;1596.3;986; OK;0;1020;194535;34;2.8;2.9;2.8;2.6;09/07/2020 12:13;5.14;1.78;1.24;31;3.24;2.08;28.58;12.62;4.6;8.46;dsp_parametros_60.txt;1044;1010;40;31;57.4;42;61.4;22049;6.7;1460;628;53.1;185692;0;763;173;165;3.98;750;191;65;29.92;12.13;1;12;data;172;'-13;115;152;123;113;118;690;0;0;3.543;97.6;0.107;4.835;0;3;3300;3300
db_buhler_1_dsp;;1,5968E+18;16.82;1596.3;986; OK;0;1020;194537;33;2.8;2.9;2.8;2.5;09/07/2020 12:16;5.15;1.77;1.25;32;3.23;2.07;28.54;12.62;4.56;8.46;dsp_parametros_60.txt;1043;1010;39;31;56.5;41.6;62;22000;6.72;1462;628;53.2;185694;0;764;173;165;3.99;751;190;65;30;12.15;1;14;data;173;'-13;116;153;124;113;119;689;0;0;3.496;97.6;0.107;4.655;0;3;3300;3300
db_buhler_1_dsp;;1,5968E+18;17.05;1596.3;986; OK;0;1019;194566;34;2.7;2.8;2.7;2.4;09/07/2020 13:04;5.15;1.79;1.25;33;3.23;2.01;28.64;12.61;4.55;8.41;dsp_parametros_60.txt;1042;1008;40;31;57.9;41.8;63;22085;6.7;1491;626;53.2;185723;0;765;174;166;3.99;749;190;65;29.96;12.12;0.99;43;data;172;'-13;116;153;124;113;119;683;0;0;3.484;97.6;0.107;4.629;0;3;3300;3300
db_buhler_1_dsp;;1,5968E+18;17.18;1596.4;986; OK;0;1019;194612;34;2.7;2.7;2.6;2.4;09/07/2020 14:20;5.15;1.83;1.25;33;3.22;1.94;28.96;12.61;4.43;8.39;dsp_parametros_60.txt;1042;1008;41;32;57.3;41.9;61.5;22011;6.7;1537;626;53.2;185769;0;768;175;168;3.99;751;190;64;29.88;12.11;0.98;89;data;172;'-13;116;153;124;114;120;688;0;0;3.367;97.9;0.107;4.39;0;3;3300;3300
db_buhler_1_dsp;;1,5968E+18;17.08;1596.5;986; OK;0;1020;194654;34;2.7;2.7;2.6;2.4;09/07/2020 15:53;5.15;1.81;1.25;31;3.22;1.97;28.86;12.62;4.54;8.44;dsp_parametros_60.txt;1044;1010;39;30;56.9;40.6;64.3;22073;6.72;1579;628;53.2;185811;0;768;176;169;3.99;750;194;62;29.68;12.13;0.99;131;data;173;'-13;117;153;124;114;120;688;0;0;3.48;97.6;0.108;4.563;0;3;3300;3300
db_buhler_1_dsp;;1,5968E+18;17.12;1596.4;985; OK;0;1020;194697;34;2.7;2.7;2.6;2.3;09/07/2020 17:03;5.15;1.83;1.24;31;3.21;1.99;28.8;12.62;4.5;8.38;dsp_parametros_60.txt;1044;1010;40;30;56.8;41.5;63.4;22032;6.72;1622;628;53.1;185854;0;767;176;169;3.98;749;190;64;29.62;12.14;0.98;174;data;174;'-13;117;155;125;116;122;683;0;0;3.433;97.5;0.108;4.728;0;3;3300;3300
db_buhler_1_dsp;;1,5968E+18;17.09;1596.3;986; OK;0;1020;194606;33;2.8;2.8;2.7;2.4;09/07/2020 14:10;5.15;1.82;1.24;32;3.22;1.95;28.96;12.61;4.49;8.59;dsp_parametros_60.txt;1043;1010;41;32;56;41.5;62.9;22086;6.7;1531;628;53.4;185763;0;768;175;168;4;751;194;63;29.68;12.12;0.99;83;data;173;'-13;117;154;125;115;120;690;0;0;3.429;97.8;0.107;4.64;0;3;3300;3300
db_buhler_1_dsp;;1,5968E+18;16.68;1596.3;988; OK;0;1019;194762;41;3.1;3.1;3;2.8;14/07/2020 06:41;5.15;1.78;1.25;32;3.25;2.17;28.08;12.61;4.65;8.44;dsp_parametros_60.txt;1043;1002;37;29;57.8;42.7;63.5;22062;6.74;1687;620;52.8;185919;0;763;173;166;3.96;750;191;79;29.92;12.16;1.01;38;data;171;'-13;115;152;122;112;117;685;0;0;3.581;97.2;0.106;4.746;0;3;3300;3300
db_buhler_1_dsp;;1,5968E+18;16.65;1596.2;986; OK;0;1020;194764;34;3.1;3.1;3;2.7;14/07/2020 06:45;5.15;1.76;1.25;32;3.25;2.14;28.1;12.61;4.65;8.48;dsp_parametros_60.txt;1043;1009;37;28;55;40.5;63.4;22025;6.74;1689;627;53.2;185921;0;763;173;166;3.99;750;190;62;29.92;12.15;1.01;40;data;171;'-13;115;152;122;112;117;686;0;0;3.586;97.2;0.107;4.718;0;3;3300;3300
db_buhler_1_dsp;;1,5968E+18;16.71;1596.3;987; OK;0;1020;194774;37;3.1;3;2.9;2.6;14/07/2020 07:01;5.15;1.81;1.25;31;3.24;2.12;28.28;12.61;4.6;8.47;dsp_parametros_60.txt;1044;1007;38;29;58.3;41.3;62.7;22078;6.62;1699;625;53;185931;0;763;173;166;3.98;750;190;70;29.68;12.03;1;50;data;172;'-13;116;153;123;113;118;685;0;0;3.537;97.3;0.106;4.743;0;3;3300;3300
db_buhler_1_dsp;;1,5968E+18;17.08;1596.4;986; OK;0;1020;194658;33;2.6;2.6;2.5;2.3;09/07/2020 15:59;5.15;1.82;1.25;31;3.22;1.98;29.26;12.61;4.55;8.41;dsp_parametros_60.txt;1044;1011;40;30;57.4;40.5;62.5;22035;6.66;1583;629;53.2;185815;0;767;176;169;3.99;750;193;62;29.94;12.08;0.99;135;data;173;'-13;117;153;124;114;120;684;0;0;3.484;98.2;0.108;4.622;0;3;3300;3300
db_buhler_1_dsp;;1,5968E+18;16.46;1596.4;986; OK;0;1022;194414;34;2.7;2.6;2.5;2.2;08/07/2020 09:57;5.15;1.8;1.25;29;3.22;1.96;28.26;12.6;4.57;8.37;dsp_parametros_60.txt;1046;1012;39;30;55.6;42.8;63.6;22052;6.74;1339;630;53;185571;0;768;175;168;3.97;750;193;64;30.22;12.16;0.98;152;data;173;'-13;116;154;124;115;120;684;0;0;3.502;97.5;0.108;4.814;0;3;3300;3300
db_buhler_1_dsp;;1,5968E+18;16.31;1596.1;985; OK;0;1021;194071;32;3.1;3.1;3;2.8;07/07/2020 12:42;5.15;1.75;1.26;32;3.25;2.22;27.86;12.62;4.73;8.46;dsp_parametros_60.txt;1043;1011;45;36;57.2;40.6;61.5;22070;6.84;996;629;53.2;185228;0;762;174;166;3.99;750;190;65;30.64;12.24;1.01;30;data;172;'-13;116;153;124;113;119;682;0;0;3.671;97.9;0.108;4.74;0;3;3300;3300
db_buhler_1_dsp;;1,5968E+18;16.52;1596.2;986; OK;0;1021;194078;33;3.1;3.1;2.9;2.7;07/07/2020 12:53;5.15;1.77;1.24;31;3.25;2.11;28.54;12.62;4.65;8.47;dsp_parametros_60.txt;1044;1011;46;38;56.7;40.6;62.6;22017;6.94;1003;629;53.2;185235;0;764;174;166;3.99;750;190;64;30.26;12.35;1;37;data;173;'-13;117;153;125;113;120;685;0;0;3.588;98.2;0.108;4.874;0;3;3300;3300
db_buhler_1_dsp;;1,5968E+18;16.57;1596.1;985; OK;0;1021;194080;32;3;3.1;2.9;2.6;07/07/2020 12:56;5.15;1.75;1.25;32;3.23;2.09;28.16;12.62;4.62;8.44;dsp_parametros_60.txt;1043;1011;47;38;57.6;41.1;63.9;22049;6.9;1005;629;53.2;185237;0;765;174;166;3.99;751;192;64;30.66;12.3;1;39;data;173;'-13;117;153;124;114;120;686;0;0;3.559;98.3;0.108;4.696;0;3;3300;3300
db_buhler_1_dsp;;1,5968E+18;16.72;1596.2;985; OK;0;1020;194140;32;2.9;2.9;2.8;2.4;07/07/2020 14:34;5.15;1.81;1.25;33;3.23;1.99;28.68;12.61;4.56;8.4;dsp_parametros_60.txt;1042;1010;39;30;57.7;41.7;64.8;22048;6.7;1065;628;53.3;185297;0;767;176;169;4;750;192;64;29.56;12.09;0.99;99;data;173;'-13;117;154;125;115;121;688;0;0;3.509;97.2;0.108;4.512;0;3;3300;3300
db_buhler_1_dsp;;1,5968E+18;17.24;1596.3;986; OK;0;1020;194163;34;2.8;2.9;2.7;2.5;07/07/2020 15:29;5.15;1.77;1.24;31;3.22;2.06;28.3;12.62;4.65;8.63;dsp_parametros_60.txt;1044;1010;39;28;57.2;41.7;62.3;22072;6.66;1088;628;53.1;185320;0;767;176;170;3.98;750;192;62;29.62;12.04;0.99;122;data;176;'-13;117;153;127;114;120;683;0;0;3.582;97.2;0.108;4.858;0;3;3300;3300
db_buhler_1_dsp;;1,5968E+18;16.96;1596.3;986; OK;0;1020;194178;34;2.8;2.8;2.6;2.4;07/07/2020 15:53;5.14;1.82;1.24;31;3.23;2;28.76;12.62;4.58;8.64;dsp_parametros_60.txt;1044;1010;38;28;57.4;40.8;62.4;22032;6.76;1103;628;53.1;185335;0;770;177;170;3.98;750;195;62;29.64;12.17;0.99;137;data;172;'-13;117;153;124;114;120;682;0;0;3.521;97.8;0.108;4.811;0;3;3300;3300
db_buhler_1_dsp;;1,5968E+18;16.85;1596.3;986; OK;0;1020;194207;34;2.7;2.8;2.6;2.3;07/07/2020 16:40;5.15;1.81;1.25;31;3.22;1.96;28.66;12.62;4.59;8.38;dsp_parametros_60.txt;1044;1010;39;29;56.2;41.4;62.8;22052;6.72;1132;628;53.2;185364;0;770;177;170;3.99;749;192;62;29.9;12.13;0.99;166;data;173;'-13;117;154;125;115;121;688;0;0;3.525;97.6;0.108;4.602;0;3;3300;3300
db_buhler_1_dsp;;1,5968E+18;16.78;1596.3;986; OK;0;1020;194349;34;2.9;2.8;2.7;2.4;08/07/2020 07:53;5.15;1.82;1.24;31;3.22;1.99;28.24;12.61;4.55;8.63;dsp_parametros_60.txt;1044;1010;37;28;56.4;42.5;62.9;21967;6.66;1274;628;53.3;185506;0;767;175;167;4;750;194;63;29.88;12.07;0.98;87;data;172;'-13;115;153;124;114;119;688;0;0;3.486;97.4;0.108;4.746;0;3;3300;3300
db_buhler_1_dsp;;1,5968E+18;16.94;1596.4;986; OK;0;1019;194626;34;2.8;2.8;2.7;2.4;09/07/2020 14:43;5.15;1.83;1.24;32;3.22;1.98;28.86;12.61;4.43;8.43;dsp_parametros_60.txt;1043;1009;39;30;57.1;41.1;63.2;22068;6.7;1551;627;53.3;185783;0;768;175;168;3.99;751;192;63;29.92;12.11;0.99;103;data;174;'-13;116;154;125;115;121;686;0;0;3.37;97.7;0.107;4.572;0;3;3300;3300
db_buhler_1_dsp;;1,5968E+18;17.01;1596.4;986; OK;0;1018;194628;34;2.8;2.7;2.7;2.4;09/07/2020 14:46;5.15;1.87;1.24;33;3.24;1.96;28.76;12.61;4.44;8.47;dsp_parametros_60.txt;1042;1008;39;30;55.7;41.5;62.8;22028;6.68;1553;626;53.3;185785;0;768;175;168;3.99;750;191;64;29.92;12.08;0.98;105;data;173;'-13;116;154;125;115;121;689;0;0;3.38;97.8;0.107;4.539;0;3;3300;3300
db_buhler_1_dsp;;1,5968E+18;17.08;1596.5;985; OK;0;1019;194653;33;2.6;2.6;2.5;2.3;09/07/2020 15:51;5.15;1.85;1.24;32;3.22;1.96;28.78;12.62;4.51;8.41;dsp_parametros_60.txt;1043;1010;40;31;56.3;40.3;62.5;22066;6.7;1578;628;53.3;185810;0;768;176;169;3.99;750;196;63;29.58;12.11;0.99;130;data;173;'-13;116;153;124;114;120;686;0;0;3.448;97.6;0.108;4.771;0;3;3300;3300
db_buhler_1_dsp;;1,5968E+18;16.98;1596.4;985; OK;0;1020;194692;34;2.7;2.7;2.6;2.4;09/07/2020 16:55;5.15;1.85;1.25;31;3.22;1.97;28.94;12.62;4.52;8.41;dsp_parametros_60.txt;1044;1010;41;32;56.9;41.9;62.9;22086;6.7;1617;628;53;185849;0;766;176;169;3.97;750;193;64;29.52;12.12;0.98;169;data;173;'-13;117;154;124;115;121;688;0;0;3.469;97.6;0.108;4.66;0;3;3300;3300
db_buhler_1_dsp;;1,5968E+18;17.15;1596.4;986; OK;0;1020;194700;33;2.6;2.6;2.5;2.2;09/07/2020 17:08;5.15;1.84;1.25;31;3.21;1.96;29.04;12.62;4.52;8.41;dsp_parametros_60.txt;1044;1011;39;30;56.6;39.7;61.6;22044;6.64;1625;629;53.1;185857;0;767;176;169;3.98;749;192;64;29.5;12.05;0.98;177;data;174;'-13;117;154;125;115;121;689;0;0;3.461;97.4;0.108;4.499;0;3;3300;3300
db_buhler_1_dsp;;1,5968E+18;16.67;1596.5;986; OK;0;1022;194711;33;2.7;2.7;2.5;2.3;09/07/2020 17:52;5.15;1.8;1.24;30;3.21;2.01;28.18;12.61;4.51;8.42;dsp_parametros_60.txt;1045;1012;42;31;57.4;41;62.6;22053;6.7;1636;630;53.1;185868;0;766;176;169;3.98;750;195;62;29.86;12.11;0.99;188;data;175;'-13;118;154;130;115;125;686;0;0;3.45;97;0.108;4.602;0;3;3300;3300
db_buhler_1_dsp;;1,5968E+18;16.83;1596.5;987; OK;0;1022;194718;33;2.7;2.7;2.5;2.3;09/07/2020 18:03;5.15;1.8;1.24;30;3.21;1.96;28.62;12.62;4.57;8.36;dsp_parametros_60.txt;1045;1012;39;30;56.1;40.6;63;22053;6.7;1643;630;53.1;185875;0;768;176;169;3.98;751;192;64;30.2;12.11;0.98;195;data;173;'-13;118;154;125;116;122;683;0;0;3.503;97.9;0.108;4.676;0;3;3300;3300
db_buhler_1_dsp;;1,5968E+18;17.19;1596.5;986; OK;0;1020;194693;34;2.7;2.7;2.6;2.3;09/07/2020 16:56;5.15;1.84;1.24;31;3.21;1.98;28.74;12.62;4.53;8.45;dsp_parametros_60.txt;1044;1010;42;32;56.9;39.8;61.9;22076;6.62;1618;628;53.1;185850;0;766;176;169;3.98;750;190;62;29.9;12.04;0.98;170;data;173;'-13;117;154;125;115;121;688;0;0;3.47;97.6;0.108;4.773;0;3;3300;3300
db_buhler_1_dsp;;1,5968E+18;15.88;1596.2;985; OK;0;1022;194056;33;3.1;3.2;3;2.9;07/07/2020 12:17;5.15;1.74;1.26;31;3.28;2.53;27.74;12.62;4.77;8.45;dsp_parametros_60.txt;1044;1011;41;33;58;41.2;64.1;22067;6.84;981;629;53.1;185213;0;758;173;166;3.98;750;189;65;30.36;12.28;1.02;15;data;170;'-13;116;151;122;109;115;685;0;0;3.707;97.5;0.108;4.71;0;3;3300;3300
db_buhler_1_dsp;;1,5968E+18;16.24;1596.2;986; OK;0;1021;194082;33;3;3.1;2.9;2.7;07/07/2020 13:00;5.14;1.79;1.25;31;3.24;2.11;27.94;12.61;4.64;8.48;dsp_parametros_60.txt;1044;1011;47;38;58.1;40.3;64.1;22019;6.92;1007;629;53.2;185239;0;763;174;166;3.99;749;192;64;30.36;12.32;1;41;data;173;'-13;118;154;125;114;120;689;0;0;3.572;97.6;0.108;4.882;0;3;3300;3300
db_buhler_1_dsp;;1,5968E+18;16.65;1596.5;986; OK;0;1021;194720;33;2.7;2.7;2.5;2.2;09/07/2020 18:07;5.15;1.8;1.24;31;3.21;1.97;28.6;12.61;4.55;8.45;dsp_parametros_60.txt;1044;1011;39;29;57.2;41.8;62.4;22033;6.7;1645;629;53.1;185877;0;766;176;169;3.98;750;193;62;30;12.1;0.98;197;data;173;'-13;117;154;125;116;122;688;0;0;3.498;97.6;0.108;4.478;0;3;3300;3300
db_buhler_1_dsp;;1,5968E+18;17.04;1596.4;986; OK;0;1020;194689;33;2.7;2.6;2.5;2.3;09/07/2020 16:50;5.15;1.82;1.24;31;3.22;1.93;28.94;12.61;4.54;8.48;dsp_parametros_60.txt;1044;1011;38;29;56.4;40.5;61.8;22036;6.78;1614;629;53.1;185846;0;768;176;169;3.98;749;194;64;29.66;12.19;0.98;166;data;173;'-13;117;154;124;115;121;688;0;0;3.477;97.7;0.108;4.488;0;3;3300;3300
db_buhler_1_dsp;;1,5968E+18;16.99;1596.5;986; OK;0;1021;194719;34;2.6;2.6;2.5;2.2;09/07/2020 18:05;5.15;1.81;1.25;31;3.21;1.98;28.54;12.61;4.57;8.36;dsp_parametros_60.txt;1044;1010;38;29;57.1;42.6;62.7;22048;6.66;1644;628;53.2;185876;0;767;176;169;3.99;750;192;62;29.96;12.06;0.98;196;data;173;'-13;117;154;125;116;122;685;0;0;3.511;97.5;0.108;4.51;0;3;3300;3300
db_buhler_1_dsp;;1,5968E+18;15.5;1596.3;987; OK;0;1022;194732;37;3.3;3.4;3.3;3.3;14/07/2020 05:53;5.15;1.61;1.14;30;3.33;3.03;27.6;12.61;4.86;8.53;dsp_parametros_60.txt;1045;1008;31;24;56.4;41.6;62.4;22064;6.76;1657;626;52.9;185889;0;754;173;166;3.96;751;192;71;29.98;12.21;1.06;8;data;164;'-13;110;144;117;98;102;685;0;0;3.797;97.4;0.107;4.807;0;3;3300;3300
db_buhler_1_dsp;;1,5968E+18;15.92;1596.2;985; OK;0;1022;194057;33;3.1;3.2;3;2.9;07/07/2020 12:19;5.14;1.73;1.25;31;3.28;2.52;27.7;12.61;4.77;8.44;dsp_parametros_60.txt;1044;1011;41;33;57.6;40.9;62.7;22064;6.88;982;629;53.1;185214;0;758;173;166;3.98;750;189;64;30.34;12.3;1.02;16;data;171;'-12;116;151;123;110;116;686;0;0;3.706;97.5;0.108;4.795;0;3;3300;3300
db_buhler_1_dsp;;1,5968E+18;16.96;1596.3;986; OK;0;1020;194204;34;2.7;2.8;2.6;2.3;07/07/2020 16:36;5.15;1.8;1.25;31;3.21;1.99;28.58;12.61;4.52;8.42;dsp_parametros_60.txt;1044;1010;38;29;58.2;41.3;62.4;22097;6.66;1129;628;53.2;185361;0;770;177;170;3.99;749;194;62;29.66;12.07;0.99;163;data;173;'-13;117;154;125;115;121;684;0;0;3.465;97.2;0.108;4.62;0;3;3300;3300
db_buhler_1_dsp;;1,5968E+18;16.56;1596.3;986; OK;0;1021;194384;34;2.8;2.8;2.6;2.3;08/07/2020 08:50;5.15;1.83;1.24;30;3.23;1.95;28.2;12.61;4.44;8.44;dsp_parametros_60.txt;1045;1011;39;31;57.3;42.1;63;21993;6.8;1309;629;53.3;185541;0;767;175;168;4;749;192;63;29.52;12.2;0.98;122;data;173;'-13;116;154;125;115;121;687;0;0;3.388;96.7;0.108;4.721;0;3;3300;3300
db_buhler_1_dsp;;1,5968E+18;15.71;1596.1;984; OK;0;1017;194028;34;3;3.2;2.9;3;01/07/2020 11:51;5.15;1.65;1.1;35;3.32;2.98;27.92;12.63;4.89;8.47;dsp_parametros_60.txt;1040;1006;37;31;57.2;59.5;61.4;22006;7.08;953;624;53;185185;0;755;168;161;3.97;751;193;73;30.56;12.53;1.05;21;data;167;'-13;97;148;120;128;114;672;0;0;3.83;98.6;0.107;4.973;0;3;3300;3300
db_buhler_1_dsp;;1,5968E+18;16.87;1596.3;986; OK;0;1022;194203;34;2.7;2.8;2.6;2.3;07/07/2020 16:34;5.15;1.81;1.24;30;3.22;1.98;28.72;12.61;4.54;8.35;dsp_parametros_60.txt;1045;1011;38;29;57;40.9;61.9;22040;6.66;1128;629;53.1;185360;0;769;177;170;3.98;750;190;62;29.6;12.07;0.98;162;data;173;'-13;117;154;125;115;121;686;0;0;3.473;97.4;0.108;4.674;0;3;3300;3300
db_buhler_1_dsp;;1,5968E+18;16.83;1596.3;986; OK;0;1020;194346;33;2.8;2.8;2.7;2.4;08/07/2020 07:48;5.15;1.82;1.24;32;3.23;1.95;28.48;12.61;4.52;8.41;dsp_parametros_60.txt;1043;1010;36;27;57.6;42.5;63.2;21992;6.72;1271;628;53.4;185503;0;768;175;167;4;751;193;62;29.7;12.13;0.99;84;data;172;'-13;115;153;124;114;119;688;0;0;3.459;97.4;0.107;4.68;0;3;3300;3300
db_buhler_1_dsp;;1,5968E+18;16.92;1596.4;985; OK;0;1019;194649;33;2.7;2.7;2.6;2.4;09/07/2020 15:44;5.15;1.81;1.25;33;3.22;1.98;28.76;12.62;4.57;8.43;dsp_parametros_60.txt;1042;1009;39;29;57;40.7;62.5;22073;6.64;1574;627;53.2;185806;0;767;176;169;3.99;750;192;63;29.96;12.06;0.99;126;data;173;'-13;116;153;124;113;119;686;0;0;3.503;97.7;0.108;4.555;0;3;3300;3300
db_buhler_1_dsp;;1,5968E+18;15.82;1596.2;985; OK;0;1023;194047;33;3.2;3.3;3.1;3.1;07/07/2020 12:02;5.15;1.64;1.1;29;3.31;2.93;28.08;12.62;4.81;8.57;dsp_parametros_60.txt;1046;1013;39;31;56.3;41.7;63;22093;7.06;972;631;53.2;185204;0;756;173;166;3.99;751;190;65;30.3;12.53;1.04;6;data;168;'-13;114;148;121;106;111;685;0;0;3.745;98.3;0.109;4.864;0;3;3300;3300
db_buhler_1_dsp;;1,5968E+18;16.46;1596.3;985; OK;0;1021;194383;33;2.8;2.8;2.6;2.3;08/07/2020 08:48;5.15;1.82;1.24;31;3.22;1.98;28.22;12.61;4.48;8.39;dsp_parametros_60.txt;1044;1011;39;31;57.2;41.4;63.4;22009;6.66;1308;629;53.3;185540;0;767;175;168;3.99;750;190;64;29.88;12.07;0.99;121;data;173;'-13;116;154;125;115;120;685;0;0;3.429;96.9;0.108;4.491;0;3;3300;3300
db_buhler_1_dsp;;1,5968E+18;17.02;1596.4;986; OK;0;1021;194652;34;2.6;2.6;2.5;2.3;09/07/2020 15:49;5.14;1.85;1.25;31;3.22;1.96;28.86;12.61;4.49;8.41;dsp_parametros_60.txt;1044;1010;40;31;56.6;40.8;62.8;22016;6.7;1577;628;53.1;185809;0;769;176;169;3.98;750;191;65;29.66;12.1;0.99;129;data;173;'-13;117;153;124;114;119;686;0;0;3.423;97.5;0.108;4.464;0;3;3300;3300
db_buhler_1_dsp;;1,5968E+18;16.9;1596.4;986; OK;0;1020;194650;33;2.7;2.7;2.6;2.4;09/07/2020 15:46;5.15;1.8;1.25;31;3.22;1.99;28.6;12.61;4.53;8.37;dsp_parametros_60.txt;1044;1011;39;30;56.6;39.8;64.1;22101;6.76;1575;629;53.2;185807;0;767;176;169;3.99;750;191;64;29.92;12.17;0.99;127;data;173;'-12;116;153;124;113;119;685;0;0;3.464;97.5;0.108;4.614;0;3;3300;3300
db_buhler_1_dsp;;1,5968E+18;16.24;1596.2;986; OK;0;1023;194066;32;3.2;3.2;3;2.8;07/07/2020 12:33;5.15;1.76;1.26;30;3.26;2.32;28.14;12.62;4.73;8.71;dsp_parametros_60.txt;1045;1013;44;35;57.7;40.2;63.3;22019;6.86;991;631;53.2;185223;0;761;173;166;3.99;749;191;65;30.34;12.26;1.01;25;data;172;'-13;116;152;124;112;118;688;0;0;3.664;98.2;0.108;4.726;0;3;3300;3300
db_buhler_1_dsp;;1,5968E+18;16.6;1596.3;986; OK;0;1021;194345;33;2.8;2.8;2.7;2.4;08/07/2020 07:46;5.15;1.82;1.25;31;3.24;1.99;28.36;12.61;4.53;8.41;dsp_parametros_60.txt;1044;1011;36;27;56.8;41.9;64.2;22036;6.68;1270;629;53.3;185502;0;766;175;167;4;750;190;63;29.6;12.1;0.99;83;data;172;'-13;115;153;124;114;119;688;0;0;3.468;96.9;0.108;4.48;0;3;3300;3300
db_buhler_1_dsp;;1,5968E+18;16.58;1596.3;986; OK;0;1020;194344;33;2.8;2.8;2.7;2.4;08/07/2020 07:44;5.15;1.81;1.24;32;3.23;2.01;28.48;12.61;4.53;8.43;dsp_parametros_60.txt;1043;1010;36;27;57.2;43.1;63.4;22104;6.68;1269;628;53.3;185501;0;766;175;167;4;750;191;64;29.84;12.09;0.99;82;data;172;'-13;115;153;124;114;119;686;0;0;3.462;97.3;0.107;4.681;0;3;3300;3300
db_buhler_1_dsp;;1,5968E+18;17.05;1596.3;985; OK;0;1020;194202;33;2.8;2.8;2.7;2.3;07/07/2020 16:32;5.14;1.81;1.24;32;3.22;1.99;28.7;12.61;4.56;8.33;dsp_parametros_60.txt;1043;1010;38;29;56.8;41.4;64;22082;6.72;1127;628;53.2;185359;0;768;177;170;3.99;749;194;62;29.2;12.14;0.98;161;data;173;'-13;117;154;125;115;121;688;0;0;3.506;96.8;0.108;4.735;0;3;3300;3300
db_buhler_1_dsp;;1,5968E+18;13.7;1596.4;930;BAD;0;1014;194158;23;2.8;2.9;2.7;2.6;07/07/2020 15:20;5.15;1.58;1.26;39;3.21;2.14;25.32;12.62;5.06;8.37;dsp_parametros_60.txt;1036;1013;0;0;0;0;0;21920;13.46;1083;631;25.9;185315;0;306;177;168;1.94;249;193;24;29.68;18.88;1;117;data;142;'-13;103;136;130;102;113;688;0;0;4.003;101.3;0.201;5.63;0;3;3300;3300
db_buhler_1_dsp;;1,5968E+18;16.49;1596.3;986; OK;0;1020;194382;33;2.8;2.8;2.6;2.3;08/07/2020 08:46;5.15;1.85;1.24;32;3.21;1.96;28.66;12.61;4.51;8.45;dsp_parametros_60.txt;1043;1010;39;31;56.5;41.4;63.9;22048;6.72;1307;628;53.3;185539;0;766;175;168;4;750;191;63;29.9;12.12;0.99;120;data;173;'-13;115;154;125;115;121;683;0;0;3.449;97.5;0.107;4.577;0;3;3300;3300
db_buhler_1_dsp;;1,5968E+18;13.73;1596.4;930;BAD;0;1014;194157;20;2.6;2.8;2.6;2.4;07/07/2020 15:19;5.15;1.81;1.24;41;3.21;1.99;28.52;12.61;5.01;8.58;dsp_parametros_60.txt;1034;1014;40;29;0;0;'-0.1;22238;33.76;1082;632;25.8;185314;0;315;178;171;1.93;251;189;20;29.4;39.55;1.01;116;data;95;'-13;88;92;92;82;92;690;0;0;3.957;1154.8;0.201;5.286;0;3;3300;3300
db_buhler_1_dsp;;1,5968E+18;16.7;1596.3;986; OK;0;1020;194298;34;2.9;2.9;2.8;2.6;08/07/2020 06:30;5.15;1.78;1.24;31;3.24;2.12;28.38;12.61;4.56;8.39;dsp_parametros_60.txt;1044;1010;31;22;57;42.4;62.6;22075;6.76;1223;628;53.2;185455;0;765;173;166;3.99;750;189;64;29.7;12.16;1;36;data;169;'-13;113;151;121;110;116;684;0;0;3.495;97.4;0.107;4.792;0;3;3300;3300
db_buhler_1_dsp;;1,5968E+18;16.46;1596.3;986; OK;0;1021;194354;33;2.8;2.7;2.6;2.3;08/07/2020 08:01;5.15;1.84;1.24;31;3.22;1.96;28.54;12.61;4.55;8.7;dsp_parametros_60.txt;1044;1011;37;28;57.8;41.4;63;22078;6.66;1279;629;53.2;185511;0;767;175;167;3.99;749;196;64;30.24;12.08;0.99;92;data;172;'-13;115;153;124;114;119;688;0;0;3.488;98.2;0.107;4.712;0;3;3300;3300
db_buhler_1_dsp;;1,5968E+18;16.62;1596.3;986; OK;0;1020;194357;33;2.8;2.7;2.6;2.3;08/07/2020 08:06;5.15;1.84;1.24;32;3.22;1.97;28.72;12.62;4.51;8.45;dsp_parametros_60.txt;1043;1010;37;28;57.6;40.8;63.1;22060;6.66;1282;628;53.3;185514;0;768;175;168;4;749;190;63;29.86;12.07;0.99;95;data;169;'-13;114;150;123;113;118;683;0;0;3.446;97.6;0.107;4.565;0;3;3300;3300
db_buhler_1_dsp;;1,5968E+18;14.89;1596.3;989;LOK;0;1021;194730;38;3.4;3.4;3.3;3.4;14/07/2020 05:50;5.15;1.64;1.15;31;3.33;3.1;26.74;12.61;4.97;8.58;dsp_parametros_60.txt;1044;1006;30;22;56.2;40;63;22027;6.78;1655;624;52.2;185887;0;754;173;166;3.92;750;190;67;30.2;12.22;1.06;6;data;162;'-13;105;140;122;94;99;684;0;0;3.903;96.9;0.107;4.851;0;3;3300;3300
db_buhler_1_dsp;;1,5968E+18;16.93;1596.3;986; OK;0;1019;194544;34;2.8;2.8;2.7;2.5;09/07/2020 12:27;5.15;1.78;1.25;33;3.24;2.02;28.74;12.61;4.53;8.42;dsp_parametros_60.txt;1042;1008;38;30;56.2;41.6;63.3;22075;6.84;1469;626;53.1;185701;0;765;173;166;3.98;750;192;67;29.56;12.24;1;21;data;173;'-13;116;153;123;113;119;676;0;0;3.463;97.5;0.107;4.595;0;3;3300;3300
db_buhler_1_dsp;;1,5968E+18;17.08;1596.3;986; OK;0;1019;194558;33;2.8;2.8;2.7;2.5;09/07/2020 12:50;5.15;1.81;1.25;33;3.22;2.01;28.92;12.61;4.56;8.4;dsp_parametros_60.txt;1042;1009;39;30;56.7;41;63.4;22031;6.74;1483;627;53.2;185715;0;765;174;166;3.99;751;191;64;29.62;12.14;0.99;35;data;173;'-13;116;153;124;113;119;688;0;0;3.493;97.6;0.107;4.513;0;3;3300;3300
db_buhler_1_dsp;;1,5968E+18;16.76;1596.4;986; OK;0;1020;194594;33;2.7;2.7;2.6;2.3;09/07/2020 13:50;5.15;1.83;1.24;32;3.22;1.98;28.96;12.62;4.51;8.66;dsp_parametros_60.txt;1043;1010;40;31;58;41;62.8;22022;6.78;1519;628;53.3;185751;0;768;175;168;4;749;193;63;29.26;12.2;0.99;71;data;173;'-13;116;153;124;114;120;683;0;0;3.443;97.6;0.107;4.543;0;3;3300;3300
db_buhler_1_dsp;;1,5968E+18;16.97;1596.4;987; OK;0;1020;194598;34;2.8;2.8;2.7;2.4;09/07/2020 13:57;5.15;1.83;1.24;31;3.22;1.98;29.04;12.62;4.53;8.51;dsp_parametros_60.txt;1044;1010;40;31;57.2;41;60.8;22055;6.82;1523;628;53.3;185755;0;768;175;168;4;750;192;63;30.2;12.23;0.98;75;data;173;'-13;116;153;125;115;120;689;0;0;3.474;98.7;0.107;4.853;0;3;3300;3300
db_buhler_1_dsp;;1,5968E+18;17.2;1596.4;986; OK;0;1019;194603;33;2.8;2.8;2.7;2.4;09/07/2020 14:05;5.15;1.82;1.24;33;3.21;1.98;29;12.62;4.52;8.6;dsp_parametros_60.txt;1042;1009;39;30;58.7;41.4;63;22061;6.72;1528;627;53.3;185760;0;767;175;168;4;750;190;63;29.96;12.14;0.98;80;data;173;'-13;116;154;125;115;120;683;0;0;3.456;98.1;0.107;4.456;0;3;3300;3300
db_buhler_1_dsp;;1,5968E+18;17.05;1596.5;986; OK;0;1020;194671;34;2.7;2.7;2.6;2.3;09/07/2020 16:20;5.15;1.83;1.24;31;3.23;1.96;28.9;12.61;4.51;8.41;dsp_parametros_60.txt;1044;1010;38;29;57.3;40.3;61.9;22009;6.76;1596;628;53.1;185828;0;767;176;169;3.98;751;191;63;30.24;12.17;0.98;148;data;173;'-13;116;153;124;115;120;690;0;0;3.444;98.3;0.108;4.615;0;3;3300;3300
db_buhler_1_dsp;;1,5968E+18;17.23;1596.4;985; OK;0;1020;194672;33;2.6;2.6;2.5;2.2;09/07/2020 16:22;5.14;1.82;1.24;32;3.21;1.97;28.82;12.6;4.52;8.49;dsp_parametros_60.txt;1043;1010;39;30;56.4;39.2;61.4;22065;6.76;1597;628;53.2;185829;0;767;176;169;3.99;750;192;62;29.54;12.17;0.98;149;data;173;'-13;117;154;124;115;121;689;0;0;3.452;97.6;0.108;4.57;0;3;3300;3300
db_buhler_1_dsp;;1,5968E+18;17.3;1596.5;985; OK;0;1019;194681;34;2.7;2.7;2.6;2.3;09/07/2020 16:37;5.14;1.81;1.25;32;3.22;1.94;28.76;12.62;4.55;8.49;dsp_parametros_60.txt;1043;1009;39;30;57.5;41;63.5;22033;6.68;1606;627;53.1;185838;0;769;176;169;3.98;750;192;63;29.88;12.08;0.98;158;data;173;'-13;117;154;124;115;121;684;0;0;3.483;97.7;0.108;4.841;0;3;3300;3300
db_buhler_1_dsp;;1,5968E+18;17.29;1596.5;985; OK;0;1020;194687;33;2.7;2.7;2.6;2.3;09/07/2020 16:46;5.15;1.82;1.25;32;3.21;1.96;28.76;12.62;4.58;8.42;dsp_parametros_60.txt;1043;1010;40;30;56.7;41;63.4;21986;6.72;1612;628;53.2;185844;0;766;176;169;3.99;750;192;62;29.64;12.14;0.98;164;data;173;'-13;117;154;124;115;121;688;0;0;3.514;97.5;0.108;4.645;0;3;3300;3300
db_buhler_1_dsp;;1,5968E+18;15.78;1596.3;987; OK;0;1018;194750;41;3.1;3.1;3;2.8;14/07/2020 06:22;5.14;1.68;1.2;32;3.28;2.36;27.88;12.62;4.68;8.71;dsp_parametros_60.txt;1043;1002;38;29;54.6;40.6;61.9;22053;6.88;1675;620;52.9;185907;0;759;173;166;3.97;747;190;78;29.96;12.29;1.02;26;data;170;'-13;114;152;122;110;115;687;0;0;3.615;97.6;0.105;4.741;0;3;3300;3300
db_buhler_1_dsp;;1,5968E+18;16.52;1596.2;985; OK;0;1020;194085;33;3;3.1;2.9;2.7;07/07/2020 13:04;5.15;1.77;1.25;31;3.24;2.08;28.22;12.62;4.61;8.73;dsp_parametros_60.txt;1044;1011;48;39;57.6;41.4;63.5;22047;6.86;1010;629;53.2;185242;0;764;174;167;3.99;748;195;66;30.28;12.27;1;44;data;174;'-13;118;154;125;114;120;683;0;0;3.561;98.1;0.108;4.909;0;3;3300;3300
db_buhler_1_dsp;;1,5968E+18;17.02;1596.3;986; OK;0;1019;194543;33;2.8;2.8;2.7;2.5;09/07/2020 12:26;5.15;1.79;1.25;33;3.24;2.02;28.64;12.61;4.55;8.53;dsp_parametros_60.txt;1042;1009;38;29;59.3;41.4;61.8;22096;6.7;1468;627;53.2;185700;0;764;173;166;3.99;750;192;64;29.66;12.12;0.99;20;data;173;'-13;116;153;123;113;119;683;0;0;3.482;97.6;0.107;4.555;0;3;3300;3300
db_buhler_1_dsp;;1,5968E+18;16.64;1596.1;986; OK;0;1021;194114;33;3;3;2.8;2.5;07/07/2020 13:51;5.15;1.79;1.24;31;3.23;2.03;28.5;12.61;4.63;8.47;dsp_parametros_60.txt;1044;1011;52;43;58.3;40.7;62.8;22039;6.7;1039;629;53.3;185271;0;765;175;168;3.99;749;190;64;29.6;12.1;0.99;73;data;176;'-13;119;157;128;117;123;684;0;0;3.565;97.2;0.108;4.835;0;3;3300;3300
db_buhler_1_dsp;;1,5968E+18;16.44;1596.2;985; OK;0;1020;194126;33;3;3;2.8;2.5;07/07/2020 14:11;5.15;1.79;1.25;32;3.23;2.03;28.26;12.61;4.59;8.4;dsp_parametros_60.txt;1043;1010;53;44;58.5;41.3;64.9;22080;6.68;1051;628;53.2;185283;0;766;176;168;3.99;750;190;65;29.32;12.08;0.99;85;data;177;'-13;120;158;128;118;123;686;0;0;3.521;96.6;0.108;4.876;0;3;3300;3300
db_buhler_1_dsp;;1,5968E+18;16.98;1596.3;987; OK;0;1021;194553;33;2.8;2.9;2.8;2.5;09/07/2020 12:42;5.15;1.8;1.25;31;3.23;2;28.86;12.61;4.54;8.62;dsp_parametros_60.txt;1044;1011;39;30;56.9;42.4;62;22066;6.66;1478;629;53.2;185710;0;765;173;166;3.99;750;190;62;29.5;12.08;0.99;30;data;172;'-13;116;153;124;113;119;685;0;0;3.479;97.7;0.107;4.517;0;3;3300;3300
db_buhler_1_dsp;;1,5968E+18;16.85;1596.2;986; OK;0;1020;194768;35;3;3;2.8;2.6;14/07/2020 06:51;5.15;1.78;1.25;31;3.24;2.12;28.2;12.61;4.61;8.51;dsp_parametros_60.txt;1044;1009;39;31;57;41.3;63.5;21976;6.66;1693;627;53.1;185925;0;763;173;166;3.98;750;193;66;29.66;12.06;1.01;44;data;172;'-13;115;153;123;113;118;688;0;0;3.542;97;0.107;4.778;0;3;3300;3300
db_buhler_1_dsp;;1,5968E+18;16.49;1596.3;986; OK;0;1022;194301;33;2.9;2.9;2.8;2.6;08/07/2020 06:35;5.15;1.78;1.25;30;3.24;2.09;28.28;12.62;4.57;8.41;dsp_parametros_60.txt;1045;1012;31;22;55.9;42.2;63.4;22038;6.66;1226;630;53.1;185458;0;763;174;166;3.98;749;192;63;29.66;12.07;1;39;data;170;'-13;114;151;121;111;116;686;0;0;3.509;97;0.108;4.753;0;3;3300;3300
db_buhler_1_dsp;;1,5968E+18;16.75;1596.4;986; OK;0;1020;194369;33;2.8;2.7;2.7;2.3;08/07/2020 08:25;5.15;1.81;1.24;32;3.22;1.95;28.64;12.62;4.5;8.41;dsp_parametros_60.txt;1043;1010;38;29;56.8;41.9;62.2;21996;6.68;1294;628;53.3;185526;0;769;175;168;3.99;750;191;64;29.9;12.09;0.99;107;data;173;'-13;116;154;125;114;120;688;0;0;3.439;97.4;0.107;4.65;0;3;3300;3300
db_buhler_1_dsp;;1,5968E+18;16.73;1596.3;986; OK;0;1020;194355;34;2.8;2.8;2.7;2.3;08/07/2020 08:02;5.15;1.81;1.24;31;3.22;1.98;28.18;12.61;4.51;8.37;dsp_parametros_60.txt;1044;1010;37;28;57.6;42.4;62.5;22026;6.76;1280;628;53.3;185512;0;768;175;168;4;750;190;64;29.92;12.17;0.99;93;data;172;'-13;115;153;124;114;119;681;0;0;3.444;97.2;0.107;4.69;0;3;3300;3300
db_buhler_1_dsp;;1,5968E+18;14.54;1596.3;992;LOK;0;1024;194729;39;3.3;3.4;3.3;3.3;14/07/2020 05:48;5.15;1.5;1.16;28;3.35;3.13;26.14;12.61;5.18;8.51;dsp_parametros_60.txt;1047;1008;31;22;55.4;41.4;63.5;22031;8.2;1654;626;50.8;185886;0;755;173;165;3.81;752;190;62;29.94;13.66;1.07;5;data;158;'-13;97;140;135;90;99;685;0;0;4.107;97.7;0.11;5.139;0;3;3300;3300
db_buhler_1_dsp;;1,5968E+18;15.28;1596.4;984; OK;0;1019;194495;34;2.7;2.9;2.8;2.8;09/07/2020 11:08;5.14;1.65;1.11;33;3.33;3.05;27.26;12.61;4.86;8.49;dsp_parametros_60.txt;1042;1008;37;29;56.3;41.6;63.4;22036;6.72;1420;626;53;185652;0;754;172;165;3.98;750;190;65;29.9;12.18;1.05;8;data;171;'-13;113;148;122;104;109;687;0;0;3.795;96.9;0.108;4.869;0;3;3300;3300
db_buhler_1_dsp;;1,5968E+18;16.78;1596.3;986; OK;0;1019;194526;33;2.9;3;2.8;2.6;09/07/2020 11:58;5.15;1.78;1.25;33;3.24;2.19;28.34;12.62;4.63;8.46;dsp_parametros_60.txt;1042;1009;40;31;57.5;42.4;63;22034;6.82;1451;627;53.1;185683;0;761;172;165;3.98;751;193;66;29.7;12.23;1;3;data;171;'-13;116;152;122;112;117;688;0;0;3.578;97.3;0.107;4.64;0;3;3300;3300
db_buhler_1_dsp;;1,5968E+18;16.55;1596.3;985; OK;0;1018;194529;34;2.8;2.9;2.7;2.5;09/07/2020 12:03;5.14;1.77;1.24;33;3.24;2.12;28.46;12.62;4.62;8.75;dsp_parametros_60.txt;1042;1008;38;28;58;42.3;62.6;22069;6.7;1454;626;53.1;185686;0;762;173;165;3.98;750;191;63;29.58;12.11;1;6;data;173;'-13;116;153;123;113;118;687;0;0;3.553;97.4;0.107;4.918;0;3;3300;3300
db_buhler_1_dsp;;1,5968E+18;17.11;1596.4;986; OK;0;1020;194583;33;2.7;2.7;2.6;2.3;09/07/2020 13:32;5.14;1.8;1.24;32;3.22;1.98;28.76;12.62;4.53;8.41;dsp_parametros_60.txt;1043;1010;42;32;56.5;38.5;58.3;22045;18.96;1508;628;53.2;185740;0;767;174;167;3.99;750;195;64;29.92;24.39;0.98;60;data;168;'-13;112;148;121;112;118;688;0;0;3.466;110.1;0.107;4.645;0;3;3300;3300
db_buhler_1_dsp;;1,5968E+18;17.08;1596.3;986; OK;0;1019;194584;34;2.7;2.7;2.6;2.4;09/07/2020 13:34;5.15;1.83;1.24;32;3.21;1.98;28.88;12.62;4.5;8.49;dsp_parametros_60.txt;1043;1009;40;31;57.5;41;62.5;22067;6.7;1509;627;53.2;185741;0;767;174;167;3.99;750;189;65;29.88;12.11;0.99;61;data;171;'-13;115;152;124;113;119;688;0;0;3.439;97.8;0.107;4.788;0;3;3300;3300
db_buhler_1_dsp;;1,5968E+18;17.47;1596.4;987; OK;0;1020;194632;34;2.7;2.7;2.6;2.3;09/07/2020 14:53;5.15;1.82;1.25;31;3.22;1.95;28.96;12.62;4.46;8.39;dsp_parametros_60.txt;1044;1010;44;33;57.5;37.8;57.7;22086;23.28;1557;628;53.3;185789;0;768;175;168;3.99;750;189;65;29.86;28.73;0.99;109;data;166;'-13;110;147;120;112;119;684;0;0;3.396;114.3;0.107;4.653;0;3;3300;3300
db_buhler_1_dsp;;1,5968E+18;16.72;1596.4;986; OK;0;1020;194425;34;2.8;2.7;2.6;2.3;08/07/2020 10:15;5.15;1.83;1.24;31;3.21;1.97;28.18;12.62;4.55;8.4;dsp_parametros_60.txt;1044;1010;40;31;56.5;41.5;62.4;22032;6.68;1350;628;53.1;185582;0;769;175;168;3.98;750;189;62;30.22;12.1;0.98;163;data;173;'-13;116;154;124;115;121;683;0;0;3.484;97.4;0.108;4.726;0;3;3300;3300
db_buhler_1_dsp;;1,5968E+18;17.37;1596.4;985; OK;0;1019;194702;34;2.7;2.7;2.6;2.3;09/07/2020 17:11;5.15;1.84;1.24;32;3.22;1.97;29;12.61;4.56;8.41;dsp_parametros_60.txt;1043;1009;41;31;57.6;40.9;62.8;22082;6.68;1627;627;53.2;185859;0;767;176;169;3.99;750;190;62;29.62;12.09;0.98;179;data;174;'-13;117;154;125;115;121;688;0;0;3.491;97.8;0.108;4.764;0;3;3300;3300
db_buhler_1_dsp;;1,5968E+18;17.14;1596.4;986; OK;0;1020;194588;34;2.8;2.8;2.7;2.4;09/07/2020 13:40;5.15;1.81;1.25;32;3.23;1.99;29.06;12.61;4.51;8.62;dsp_parametros_60.txt;1043;1009;39;29;56.7;40.8;61.3;21985;6.66;1513;627;53.3;185745;0;767;174;167;4;750;190;64;29.58;12.08;0.99;65;data;173;'-13;116;153;124;114;120;688;0;0;3.452;98.1;0.107;4.671;0;3;3300;3300
db_buhler_1_dsp;;1,5968E+18;17.19;1596.4;986; OK;0;1020;194673;34;2.6;2.6;2.5;2.2;09/07/2020 16:24;5.15;1.81;1.25;31;3.22;1.97;29.02;12.61;4.57;8.6;dsp_parametros_60.txt;1044;1010;40;31;56.2;41.3;63.2;22031;6.76;1598;628;53.2;185830;0;767;176;169;3.99;750;192;62;29.66;12.18;0.99;150;data;173;'-13;117;153;124;115;121;689;0;0;3.508;98.2;0.108;4.593;0;3;3300;3300
db_buhler_1_dsp;;1,5968E+18;17.04;1596.4;986; OK;0;1020;194577;33;2.7;2.7;2.6;2.3;09/07/2020 13:22;5.15;1.83;1.24;32;3.22;1.98;29.06;12.61;4.49;8.43;dsp_parametros_60.txt;1043;1010;40;30;57;40.9;62.6;22049;6.64;1502;628;53.2;185734;0;766;174;167;3.99;750;191;64;29.84;12.04;0.99;54;data;173;'-13;116;153;124;114;120;683;0;0;3.432;97.9;0.107;4.601;0;3;3300;3300
db_buhler_1_dsp;;1,5968E+18;15.94;1596.2;985; OK;0;1021;194060;32;3.1;3.2;3;2.9;07/07/2020 12:24;5.15;1.62;1.25;32;3.27;2.44;27.88;12.62;4.76;8.74;dsp_parametros_60.txt;1043;1011;42;34;57.6;39.6;62.9;22108;6.92;985;629;53.2;185217;0;759;173;166;3.99;750;194;65;30.6;12.33;1.02;19;data;170;'-13;115;151;122;110;116;688;0;0;3.695;98.5;0.109;4.735;0;3;3300;3300
db_buhler_1_dsp;;1,5968E+18;16.51;1596.2;985; OK;0;1021;194084;33;3.1;3.1;2.9;2.7;07/07/2020 13:03;5.14;1.77;1.24;31;3.24;2.1;28.18;12.62;4.65;8.54;dsp_parametros_60.txt;1044;1011;47;39;57.9;40.9;63.4;22060;6.92;1009;629;53.2;185241;0;763;174;167;3.99;750;192;63;30.1;12.32;1;43;data;174;'-13;118;154;125;114;120;685;0;0;3.587;97.7;0.108;4.842;0;3;3300;3300
db_buhler_1_dsp;;1,5968E+18;16.91;1596.4;986; OK;0;1021;194471;33;2.8;2.7;2.5;2.2;08/07/2020 11:30;5.15;1.83;1.25;31;3.21;1.96;28.66;12.61;4.55;8.61;dsp_parametros_60.txt;1044;1011;40;31;58.1;42.6;63.7;22047;6.72;1396;629;53.2;185628;0;768;176;168;3.99;750;192;61;29.6;12.13;0.98;209;data;174;'-13;116;155;124;115;121;688;0;0;3.491;97.5;0.108;4.474;0;3;3300;3300
db_buhler_1_dsp;;1,5968E+18;16.82;1596.4;986; OK;0;1022;194478;33;2.7;2.7;2.5;2.2;08/07/2020 11:41;5.15;1.82;1.24;30;3.21;1.96;28.5;12.61;4.51;8.61;dsp_parametros_60.txt;1045;1012;41;32;58.8;41.8;62.7;22050;6.76;1403;630;53.1;185635;0;769;176;168;3.98;751;193;63;29.66;12.17;0.98;216;data;174;'-13;116;155;125;116;122;685;0;0;3.457;97.6;0.108;4.616;0;3;3300;3300
db_buhler_1_dsp;;1,5968E+18;16.02;1596.1;984; OK;0;1016;194032;34;3;3.2;2.9;3;01/07/2020 11:58;5.15;1.67;1.11;36;3.3;2.92;28.04;12.61;4.85;8.47;dsp_parametros_60.txt;1039;1005;37;32;56.8;60.2;63.6;22081;7.04;957;623;53;185189;0;755;168;161;3.98;750;191;71;29.66;12.49;1.04;25;data;168;'-13;98;149;122;130;115;672;0;0;3.783;97.5;0.106;4.983;0;3;3300;3300
db_buhler_1_dsp;;1,5968E+18;17.07;1596.4;985; OK;0;1020;194680;34;2.7;2.7;2.6;2.3;09/07/2020 16:35;5.15;1.83;1.25;31;3.2;1.95;29.1;12.61;4.58;8.39;dsp_parametros_60.txt;1044;1010;39;30;58;42;63.6;22078;6.72;1605;628;53.2;185837;0;766;176;169;3.99;750;190;61;29.68;12.13;0.98;157;data;174;'-13;117;155;124;115;121;681;0;0;3.516;97.8;0.108;4.847;0;3;3300;3300
db_buhler_1_dsp;;1,5968E+18;16.41;1596.1;986; OK;0;1020;194095;33;3;3;2.9;2.6;07/07/2020 13:21;5.15;1.78;1.25;32;3.24;2.05;28.26;12.61;4.61;8.45;dsp_parametros_60.txt;1043;1010;49;40;57.9;41.6;63;22076;6.74;1020;628;53.3;185252;0;764;174;167;4;749;193;62;29.62;12.14;1;54;data;175;'-13;119;155;126;115;122;685;0;0;3.554;97.3;0.108;4.724;0;3;3300;3300
db_buhler_1_dsp;;1,5968E+18;17.07;1596.5;985; OK;0;1019;194696;33;2.7;2.7;2.6;2.3;09/07/2020 17:01;5.14;1.82;1.25;32;3.22;1.97;28.98;12.61;4.5;8.38;dsp_parametros_60.txt;1043;1010;40;31;57.5;41;62.3;22041;6.74;1621;628;53.2;185853;0;767;176;169;3.99;749;197;62;29.56;12.14;0.98;173;data;174;'-13;117;155;125;116;122;684;0;0;3.442;97.5;0.108;4.565;0;3;3300;3300
db_buhler_1_dsp;;1,5968E+18;17.18;1596.4;985; OK;0;1019;194690;34;2.7;2.6;2.6;2.3;09/07/2020 16:51;5.15;1.83;1.24;31;3.21;1.97;28.78;12.61;4.52;8.43;dsp_parametros_60.txt;1044;1010;39;30;56.1;41.3;62;22066;6.72;1615;628;53.2;185847;0;767;176;169;3.99;750;194;61;29.84;12.12;0.98;167;data;173;'-12;116;154;124;115;121;686;0;0;3.457;97.8;0.108;4.825;0;3;3300;3300
db_buhler_1_dsp;;1,5968E+18;16.71;1596.4;986; OK;0;1021;194468;34;2.7;2.6;2.6;2.2;08/07/2020 11:25;5.15;1.85;1.24;30;3.21;1.96;28.56;12.61;4.55;8.37;dsp_parametros_60.txt;1045;1011;39;30;56.8;42.1;63.3;22109;6.66;1393;629;53.1;185625;0;768;176;168;3.98;750;190;62;29.88;12.06;0.98;206;data;174;'-13;116;154;124;115;121;686;0;0;3.491;97.3;0.108;4.636;0;3;3300;3300
db_buhler_1_dsp;;1,5968E+18;15.97;1596.2;985; OK;0;1022;194053;32;3.2;3.3;3.1;3;07/07/2020 12:12;5.15;1.64;1.1;31;3.29;2.86;28.2;12.62;4.78;8.45;dsp_parametros_60.txt;1044;1012;40;32;56.5;40.3;63.5;22008;7;978;630;53.1;185210;0;757;173;166;3.98;750;190;66;30.34;12.43;1.03;12;data;169;'-13;115;150;121;108;114;688;0;0;3.72;98.3;0.109;4.647;0;3;3300;3300
db_buhler_1_dsp;;1,5968E+18;16.87;1596.3;985; OK;0;1019;194386;33;2.8;2.8;2.6;2.3;08/07/2020 08:53;5.15;1.83;1.24;32;3.22;1.93;28.38;12.61;4.49;8.42;dsp_parametros_60.txt;1043;1010;40;31;58;41.6;63.2;22084;6.76;1311;628;53.4;185543;0;767;175;168;4;750;193;62;29.66;12.17;0.98;124;data;173;'-13;116;154;125;115;121;689;0;0;3.425;97.1;0.107;4.743;0;3;3300;3300
db_buhler_1_dsp;;1,5968E+18;15.98;1596.2;985; OK;0;1022;194055;33;3.2;3.3;3.1;3;07/07/2020 12:15;5.15;1.67;1.2;30;3.28;2.38;28.16;12.61;4.78;8.5;dsp_parametros_60.txt;1045;1012;41;32;56.9;40.9;62.6;21994;6.92;980;630;53.2;185212;0;758;172;166;3.99;751;191;64;30.42;12.35;1.03;14;data;170;'-13;115;150;122;109;115;682;0;0;3.715;98.5;0.109;5.007;0;3;3300;3300
db_buhler_1_dsp;;1,5968E+18;15.94;1596.2;985; OK;0;1021;194062;33;3;3.2;3;2.8;07/07/2020 12:27;5.15;1.61;1.25;31;3.27;2.39;27.68;12.62;4.77;8.51;dsp_parametros_60.txt;1044;1011;43;34;58.2;40.9;63;22029;6.9;987;629;53.2;185219;0;760;173;166;3.99;750;190;63;30.32;12.31;1.01;21;data;171;'-13;116;152;123;111;117;686;0;0;3.706;97.5;0.108;4.889;0;3;3300;3300
db_buhler_1_dsp;;1,5968E+18;16.33;1596.2;985; OK;0;1020;194065;33;3.1;3.2;3;2.8;07/07/2020 12:32;5.15;1.69;1.19;32;3.26;2.32;28.44;12.61;4.73;8.47;dsp_parametros_60.txt;1043;1010;44;35;57.9;40.4;63.3;22003;6.84;990;628;53.2;185222;0;761;174;166;3.99;750;190;64;30.02;12.25;1.01;24;data;172;'-13;116;152;124;112;117;686;0;0;3.675;97.9;0.108;4.91;0;3;3300;3300
db_buhler_1_dsp;;1,5968E+18;40;1596.1;930;BAD;0;1016;194008;17;3.3;3;3.4;3;01/07/2020 11:16;5.15;0;0;43;3.34;0;0;12.62;5.46;16.23;dsp_parametros_60.txt;1032;1015;11;33;0.1;0;'-0.1;23406;46.56;933;633;25.7;185165;0;290;171;164;1.92;251;191;32;0;52.28;1.2;1;data;56;'-13;54;54;45;36;36;671;0;0;4.416;0;0.202;5.093;0;3;3300;3300
db_buhler_1_dsp;;1,5968E+18;16.75;1596.2;986; OK;0;1020;194765;36;3.1;3;3;2.7;14/07/2020 06:46;5.14;1.78;1.25;31;3.25;2.13;28.36;12.61;4.63;8.45;dsp_parametros_60.txt;1044;1008;38;29;58.3;40.6;62.6;22062;6.68;1690;626;53.1;185922;0;763;173;166;3.98;750;192;64;29.34;12.08;1.01;41;data;171;'-13;115;152;123;112;118;686;0;0;3.564;96.9;0.107;4.917;0;3;3300;3300
db_buhler_1_dsp;;1,5968E+18;16.61;1596.3;986; OK;0;1020;194779;34;3;3;2.8;2.6;14/07/2020 07:09;5.14;1.8;1.25;31;3.24;2.07;28.16;12.61;4.62;8.44;dsp_parametros_60.txt;1044;1010;38;30;57.2;41.4;63;22063;6.68;1704;628;53.1;185936;0;764;173;166;3.98;750;193;63;29.96;12.1;1;55;data;172;'-13;116;153;123;113;118;688;0;0;3.557;97.4;0.107;4.664;0;3;3300;3300
db_buhler_1_dsp;;1,5968E+18;15.83;1596.3;986; OK;0;1017;194755;43;3.1;3.2;3;2.8;14/07/2020 06:30;5.15;1.68;1.2;33;3.26;2.25;27.9;12.61;4.73;8.49;dsp_parametros_60.txt;1042;999;39;30;56.9;41.5;63;22060;6.7;1680;617;52.8;185912;0;760;173;166;3.96;749;190;82;29.66;12.12;1.02;31;data;171;'-13;115;152;122;112;117;681;0;0;3.661;96.8;0.105;4.706;0;3;3300;3300
db_buhler_1_dsp;;1,5968E+18;17.4;1596.4;986; OK;0;1018;194629;34;2.8;2.8;2.7;2.4;09/07/2020 14:47;5.15;1.85;1.24;33;3.22;1.97;28.86;12.62;4.45;8.59;dsp_parametros_60.txt;1042;1008;40;31;56.8;41.4;61.8;22065;6.7;1554;626;53.3;185786;0;770;176;168;4;749;192;62;29.86;12.11;0.99;106;data;174;'-13;117;154;125;115;121;689;0;0;3.388;97.8;0.107;4.407;0;3;3300;3300
db_buhler_1_dsp;;1,5968E+18;17.37;1596.5;985; OK;0;1020;194678;34;2.7;2.7;2.6;2.3;09/07/2020 16:32;5.15;1.85;1.25;31;3.21;1.97;28.94;12.61;4.57;8.41;dsp_parametros_60.txt;1044;1010;40;31;56.7;41.7;63.1;22066;6.66;1603;628;53.1;185835;0;766;176;169;3.98;750;192;62;29.4;12.07;0.98;155;data;174;'-13;117;154;125;115;121;688;0;0;3.503;97.5;0.108;4.803;0;3;3300;3300
db_buhler_1_dsp;;1,5968E+18;17.27;1596.5;985; OK;0;1020;194679;33;2.7;2.7;2.6;2.3;09/07/2020 16:33;5.15;1.85;1.25;32;3.23;1.97;29.12;12.61;4.58;8.5;dsp_parametros_60.txt;1043;1010;40;30;57.7;40;62.2;22078;6.88;1604;628;53;185836;0;767;176;169;3.97;750;192;63;29.7;12.29;0.98;156;data;174;'-13;117;154;125;115;121;683;0;0;3.514;98.3;0.108;4.671;0;3;3300;3300
db_buhler_1_dsp;;1,5968E+18;15.25;1596.4;986; OK;0;1019;194733;37;3.2;3.3;3.2;3.2;14/07/2020 05:55;5.15;1.61;1.14;32;3.32;3.01;27.62;12.62;4.85;8.49;dsp_parametros_60.txt;1043;1006;32;24;56.5;40.7;63.8;22027;6.74;1658;624;52.9;185890;0;755;173;166;3.97;751;192;70;29.9;12.19;1.05;9;data;165;'-13;110;145;118;100;104;687;0;0;3.794;97;0.107;4.971;0;3;3300;3300
db_buhler_1_dsp;;1,5968E+18;15.7;1596.3;986; OK;0;1018;194745;36;3.1;3.2;3.1;2.9;14/07/2020 06:14;5.15;1.75;1.26;33;3.28;2.49;27.3;12.62;4.71;8.47;dsp_parametros_60.txt;1042;1006;36;28;55.8;42;62.8;22054;6.72;1670;624;53;185902;0;758;172;166;3.98;750;191;68;29.66;12.13;1.03;21;data;170;'-13;114;151;122;109;115;683;0;0;3.654;96.5;0.106;4.762;0;3;3300;3300
db_buhler_1_dsp;;1,5968E+18;16.02;1596.3;987; OK;0;1020;194748;37;3.1;3.2;3;2.9;14/07/2020 06:19;5.15;1.67;1.2;32;3.29;2.41;27.92;12.61;4.7;8.52;dsp_parametros_60.txt;1043;1006;37;29;57.6;43.1;62.7;22058;6.68;1673;624;52.9;185905;0;758;173;166;3.97;750;191;72;29.66;12.09;1.02;24;data;171;'-13;115;152;122;110;115;689;0;0;3.63;97;0.106;4.748;0;3;3300;3300
db_buhler_1_dsp;;1,5968E+18;17.19;1596.4;985; OK;0;1020;194670;33;2.7;2.7;2.6;2.3;09/07/2020 16:19;5.15;1.81;1.24;32;3.22;1.98;28.78;12.61;4.53;8.56;dsp_parametros_60.txt;1043;1010;40;31;56.2;39.8;61.3;22069;6.76;1595;628;53.2;185827;0;767;176;169;3.99;750;193;61;29.96;12.17;0.98;147;data;173;'-13;116;153;124;115;121;689;0;0;3.464;98;0.108;4.479;0;3;3300;3300
db_buhler_1_dsp;;1,5968E+18;16.88;1596.4;986; OK;0;1020;194472;34;2.7;2.7;2.5;2.2;08/07/2020 11:32;5.15;1.83;1.25;31;3.22;1.95;28.6;12.61;4.52;8.66;dsp_parametros_60.txt;1044;1010;40;31;56.3;42.2;62.4;21998;6.7;1397;628;53.2;185629;0;769;176;168;3.99;750;191;60;30.16;12.11;0.98;210;data;174;'-13;116;154;124;115;121;688;0;0;3.462;98;0.108;4.495;0;3;3300;3300
db_buhler_1_dsp;;1,5968E+18;15.31;1596.3;986; OK;0;1021;194736;38;3.1;3.2;3.1;3.1;14/07/2020 05:59;5.15;1.66;1.14;30;3.31;2.95;27.6;12.61;4.79;8.51;dsp_parametros_60.txt;1045;1007;33;25;57;40.9;64.7;22019;6.7;1661;625;52.9;185893;0;756;173;166;3.97;751;191;68;29.92;12.13;1.05;12;data;168;'-13;112;148;119;104;109;686;0;0;3.724;96.9;0.107;5.033;0;3;3300;3300
db_buhler_1_dsp;;1,5968E+18;16.95;1596.3;986; OK;0;1019;194571;33;2.7;2.8;2.7;2.4;09/07/2020 13:12;5.14;1.81;1.24;33;3.23;2;29.02;12.61;4.5;8.4;dsp_parametros_60.txt;1042;1009;39;30;56;40.7;62.2;22086;6.82;1496;627;53.2;185728;0;765;174;167;3.99;750;193;64;29.9;12.23;0.98;48;data;173;'-13;116;153;124;114;120;688;0;0;3.433;98;0.107;4.649;0;3;3300;3300
db_buhler_1_dsp;;1,5968E+18;17.27;1596.5;985; OK;0;1019;194691;34;2.7;2.7;2.6;2.3;09/07/2020 16:53;5.15;1.84;1.24;32;3.21;1.97;28.84;12.61;4.52;8.4;dsp_parametros_60.txt;1043;1009;40;31;56.4;40.2;62.4;22080;6.66;1616;627;53.2;185848;0;767;176;169;3.99;750;192;61;29.68;12.07;0.98;168;data;174;'-13;116;154;124;115;121;685;0;0;3.452;97.4;0.108;4.829;0;3;3300;3300
db_buhler_1_dsp;;1,5968E+18;17.02;1596.3;986; OK;0;1020;194585;34;2.7;2.7;2.6;2.4;09/07/2020 13:35;5.15;1.81;1.25;31;3.22;1.96;28.78;12.61;4.54;8.38;dsp_parametros_60.txt;1044;1010;40;31;56.9;40.6;61.7;22053;6.68;1510;628;53.2;185742;0;767;174;167;3.99;751;194;63;29.92;12.09;0.98;62;data;172;'-13;116;153;124;114;120;686;0;0;3.487;97.9;0.107;4.823;0;3;3300;3300
db_buhler_1_dsp;;1,5968E+18;16.9;1596.3;986; OK;0;1019;194536;34;2.8;2.9;2.8;2.5;09/07/2020 12:14;5.15;1.78;1.25;33;3.23;2.08;28.54;12.61;4.55;8.46;dsp_parametros_60.txt;1042;1008;40;31;58.8;40.3;64.1;22046;6.7;1461;626;53.2;185693;0;764;173;165;3.99;750;190;64;29.76;12.12;1;13;data;172;'-13;116;153;123;113;119;691;0;0;3.495;97.4;0.107;4.623;0;3;3300;3300
db_buhler_1_dsp;;1,5968E+18;16.58;1596.4;987; OK;0;1022;194413;34;2.7;2.6;2.5;2.2;08/07/2020 09:56;5.15;1.81;1.25;29;3.21;1.96;28.08;12.62;4.56;8.43;dsp_parametros_60.txt;1046;1012;39;30;56.8;41.5;62.6;22045;6.72;1338;630;53;185570;0;767;175;168;3.97;750;190;63;29.62;12.13;0.98;151;data;173;'-13;116;154;124;115;120;684;0;0;3.501;96.8;0.108;4.738;0;3;3300;3300
db_buhler_1_dsp;;1,5968E+18;17.09;1596.5;985; OK;0;1019;194676;33;2.7;2.7;2.6;2.3;09/07/2020 16:29;5.15;1.84;1.24;32;3.21;1.96;28.7;12.61;4.55;8.46;dsp_parametros_60.txt;1043;1010;42;33;57.5;41.8;61.3;22037;6.7;1601;628;53.2;185833;0;767;176;169;3.99;751;191;62;29.92;12.11;0.98;153;data;174;'-13;117;154;125;115;121;683;0;0;3.491;97.9;0.108;4.713;0;3;3300;3300
db_buhler_1_dsp;;1,5968E+18;16.36;1596.4;986; OK;0;1022;194276;34;2.7;2.8;2.6;2.6;08/07/2020 05:54;5.15;1.76;1.26;30;3.27;2.54;28.28;12.61;4.72;8.44;dsp_parametros_60.txt;1045;1011;26;18;55.2;41.7;63.4;22048;6.66;1201;629;53;185433;0;758;173;166;3.97;750;191;70;29.92;12.06;1.02;14;data;167;'-13;111;148;118;105;110;683;0;0;3.666;97.4;0.108;4.764;0;3;3300;3300
db_buhler_1_dsp;;1,5968E+18;17.24;1596.4;985; OK;0;1019;194701;34;2.6;2.6;2.5;2.2;09/07/2020 17:09;5.15;1.83;1.25;32;3.21;1.99;28.82;12.62;4.52;8.41;dsp_parametros_60.txt;1043;1009;40;31;56.3;41.1;62.9;22009;6.74;1626;627;53.2;185858;0;768;176;169;3.99;750;193;61;29.92;12.16;0.98;178;data;173;'-13;117;154;125;115;121;689;0;0;3.454;97.7;0.108;4.638;0;3;3300;3300
db_buhler_1_dsp;;1,5968E+18;17.03;1596.5;986; OK;0;1020;194647;34;2.6;2.7;2.6;2.4;09/07/2020 15:41;5.14;1.81;1.24;31;3.22;1.99;28.62;12.62;4.5;8.38;dsp_parametros_60.txt;1044;1010;40;31;57.3;40.2;63.2;22079;6.66;1572;628;53.1;185804;0;768;176;169;3.98;749;192;62;29.94;12.05;0.98;124;data;173;'-13;117;153;124;113;118;686;0;0;3.437;97.4;0.108;4.609;0;3;3300;3300
db_buhler_1_dsp;;1,5968E+18;16.66;1596.4;986; OK;0;1020;194162;33;2.8;2.9;2.7;2.5;07/07/2020 15:27;5.15;1.73;1.25;31;3.23;2.06;28.42;12.62;4.63;8.37;dsp_parametros_60.txt;1044;1011;39;29;57.2;40.9;62.9;22065;6.66;1087;629;53.1;185319;0;768;177;170;3.98;750;192;62;29.68;12.06;0.99;121;data;180;'-13;116;153;131;114;121;683;0;0;3.57;97.1;0.108;4.723;0;3;3300;3300
db_buhler_1_dsp;;1,5968E+18;15.77;1596.4;985; OK;0;1020;194498;33;2.8;2.9;2.8;2.8;09/07/2020 11:13;5.15;1.65;1.11;32;3.31;2.98;27.34;12.62;4.84;8.45;dsp_parametros_60.txt;1043;1010;39;31;55.4;41.7;64.4;22024;6.74;1423;628;53.1;185655;0;755;172;165;3.98;749;191;65;29.9;12.21;1.04;11;data;170;'-13;114;149;121;106;111;687;0;0;3.779;96.7;0.108;4.99;0;3;3300;3300
db_buhler_1_dsp;;1,5968E+18;13.65;1596.1;930;BAD;0;1012;194009;23;2.9;3.1;2.9;3.1;01/07/2020 11:20;5.15;1.53;1.14;42;3.33;3.99;26.8;12.62;5.49;8.9;dsp_parametros_60.txt;1033;1010;0;0;0;0;'-0.1;22007;10.28;934;628;25.7;185166;0;294;170;164;1.93;251;190;24;30.3;18.36;1.14;2;data;98;'-13;74;96;93;58;64;671;0;0;4.435;222.6;0.202;5.709;0;3;3300;3300
db_buhler_1_dsp;;1,5968E+18;15.2;1596.3;990;LOK;0;1026;194039;33;3.3;3.5;3.3;3.4;07/07/2020 11:49;5.15;1.63;1.12;27;3.34;3.11;27;12.62;4.96;8.52;dsp_parametros_60.txt;1048;1015;36;29;58.2;40.6;63.8;21983;6.98;964;633;52.4;185196;0;756;172;165;3.93;752;189;69;30.94;12.53;1.07;5;data;162;'-13;107;141;122;94;98;686;0;0;3.898;97.9;0.109;4.733;0;3;3300;3300
db_buhler_1_dsp;;1,5968E+18;16.53;1596.3;986; OK;0;1021;194347;34;2.9;2.8;2.7;2.4;08/07/2020 07:49;5.15;1.83;1.25;31;3.23;1.95;28.62;12.61;4.48;8.62;dsp_parametros_60.txt;1044;1010;36;28;57.4;41.3;63.1;22105;6.64;1272;628;53.4;185504;0;769;175;167;4;750;191;63;29.88;12.06;0.99;85;data;172;'-13;115;153;124;114;119;688;0;0;3.412;97.6;0.108;4.563;0;3;3300;3300
db_buhler_1_dsp;;1,5968E+18;16.75;1596.3;989;LOK;0;1021;194161;33;2.8;2.9;2.7;2.5;07/07/2020 15:26;5.14;1.77;1.24;31;3.23;2.07;27.24;12.61;4.68;8.36;dsp_parametros_60.txt;1044;1011;40;29;57.1;40.8;63.9;22024;6.68;1086;629;52.3;185318;0;768;177;169;3.92;749;194;62;29.68;12.08;0.99;120;data;187;'-13;116;155;140;115;124;684;0;0;3.629;96.1;0.108;4.869;0;3;3300;3300
db_buhler_1_dsp;;1,5968E+18;16.98;1596.4;986; OK;0;1019;194627;33;2.8;2.8;2.7;2.4;09/07/2020 14:44;5.14;1.81;1.25;33;3.22;1.95;28.7;12.62;4.44;8.6;dsp_parametros_60.txt;1042;1009;39;29;56.2;41.4;62.7;22016;6.68;1552;627;53.3;185784;0;768;176;168;4;750;194;63;29.96;12.09;0.99;104;data;174;'-13;116;154;125;115;121;688;0;0;3.383;97.7;0.107;4.393;0;3;3300;3300
db_buhler_1_dsp;;1,5968E+18;15.48;1596.3;986; OK;0;1020;194735;38;3.1;3.3;3.1;3.1;14/07/2020 05:58;5.15;1.63;1.13;31;3.32;2.97;27.36;12.62;4.8;8.54;dsp_parametros_60.txt;1044;1006;33;25;58.9;41.5;63.4;22017;6.7;1660;624;52.9;185892;0;755;173;166;3.97;751;190;70;29.66;12.14;1.05;11;data;167;'-13;111;148;119;103;108;686;0;0;3.739;96.5;0.106;4.933;0;3;3300;3300
db_buhler_1_dsp;;1,5968E+18;17.1;1596.4;986; OK;0;1018;194607;34;2.7;2.7;2.6;2.3;09/07/2020 14:11;5.15;1.84;1.24;33;3.22;1.96;28.94;12.61;4.49;8.67;dsp_parametros_60.txt;1042;1008;40;30;56.6;41.2;62.3;22042;6.84;1532;626;53.3;185764;0;767;175;168;3.99;751;193;63;29.88;12.25;0.99;84;data;173;'-13;116;154;125;115;120;691;0;0;3.426;98.1;0.107;4.871;0;3;3300;3300
db_buhler_1_dsp;;1,5968E+18;16.87;1596.3;985; OK;0;1019;194387;33;2.8;2.8;2.6;2.3;08/07/2020 08:54;5.15;1.82;1.25;33;3.22;1.96;28.56;12.62;4.54;8.39;dsp_parametros_60.txt;1042;1009;40;31;56.9;41.3;62.8;22065;6.68;1312;627;53.4;185544;0;767;175;168;4;750;190;63;29.92;12.1;0.99;125;data;174;'-13;116;155;125;115;121;688;0;0;3.472;97.5;0.107;4.554;0;3;3300;3300
db_buhler_1_dsp;;1,5968E+18;16.58;1596.5;986; OK;0;1022;194916;34;2.6;3;2.7;2.8;14/07/2020 15:44;5.15;1.78;1.25;29;3.26;2.43;28.3;12.61;4.61;8.44;dsp_parametros_60.txt;1046;1012;37;29;57.8;40.9;63.2;21994;6.68;1841;630;53.1;186073;0;762;175;169;3.98;750;192;67;29.66;12.1;1.02;7;data;170;'-13;115;148;122;106;110;686;0;0;3.542;97;0.108;4.439;0;3;3300;3300
db_buhler_1_dsp;;1,5968E+18;16.53;1596.6;986; OK;0;1024;194917;35;2.6;2.9;2.7;2.7;14/07/2020 15:46;5.14;1.79;1.26;27;3.27;2.37;28.4;12.61;4.61;8.43;dsp_parametros_60.txt;1048;1013;37;28;57.4;41.6;62.4;22059;6.62;1842;631;53.1;186074;0;763;175;169;3.98;751;190;66;29.7;12.04;1.01;8;data;170;'-13;116;149;121;107;112;685;0;0;3.548;97.1;0.108;4.677;0;3;3300;3300
db_buhler_1_dsp;;1,5968E+18;16.68;1596.5;986; OK;0;1022;194919;34;2.6;2.9;2.6;2.7;14/07/2020 15:49;5.15;1.78;1.26;29;3.25;2.33;28;12.62;4.59;8.46;dsp_parametros_60.txt;1046;1012;36;28;56.8;40;63.6;22062;6.68;1844;630;53.2;186076;0;762;175;169;3.99;750;190;67;29.62;12.09;1.01;10;data;170;'-13;116;150;121;109;114;685;0;0;3.523;96.7;0.108;4.587;0;3;3300;3300
db_buhler_1_dsp;;1,5968E+18;16.7;1596.5;986; OK;0;1022;194920;35;2.6;2.9;2.6;2.7;14/07/2020 15:51;5.15;1.69;1.19;29;3.25;2.31;28.84;12.62;4.6;8.47;dsp_parametros_60.txt;1046;1011;37;29;56.7;40;61.1;22068;6.66;1845;629;53.1;186077;0;764;175;169;3.98;751;191;74;29.66;12.08;1.01;11;data;170;'-13;116;150;121;109;114;686;0;0;3.539;97.6;0.108;4.64;0;3;3300;3300
db_buhler_1_dsp;;1,5968E+18;16.71;1596.4;987; OK;0;1022;194927;34;2.7;2.9;2.7;2.7;14/07/2020 16:02;5.15;1.8;1.24;30;3.24;2.13;28.46;12.61;4.67;8.46;dsp_parametros_60.txt;1045;1011;38;29;56.7;40.4;62.6;22076;6.68;1852;629;53.2;186084;0;766;175;169;3.99;750;191;71;29.94;12.1;1;18;data;171;'-13;117;152;122;112;117;684;0;0;3.613;97.5;0.108;4.678;0;3;3300;3300
db_buhler_1_dsp;;1,5968E+18;16.17;1596.6;987; OK;0;1024;194918;35;2.6;2.9;2.6;2.7;14/07/2020 15:48;5.15;1.79;1.25;27;3.26;2.33;28.32;12.62;4.6;8.73;dsp_parametros_60.txt;1048;1013;36;27;57.2;40.5;62.5;22071;6.66;1843;631;53.3;186075;0;762;175;169;3.99;750;192;65;29.66;12.06;1.01;9;data;170;'-13;116;149;121;108;113;684;0;0;3.54;97.3;0.108;4.743;0;3;3300;3300
db_buhler_1_dsp;;1,5968E+18;16.49;1596.5;986; OK;0;1022;194921;36;2.6;2.9;2.7;2.7;14/07/2020 15:52;5.15;1.69;1.19;29;3.25;2.21;28.8;12.61;4.63;8.45;dsp_parametros_60.txt;1046;1010;38;30;55.7;41.4;62.2;22052;6.84;1846;628;53.1;186078;0;763;175;169;3.98;749;191;75;30;12.27;1;12;data;170;'-13;116;150;121;110;115;686;0;0;3.574;98.1;0.108;4.694;0;3;3300;3300
db_buhler_1_dsp;;1,5968E+18;16.33;1596.5;988; OK;0;1022;194923;38;2.6;2.9;2.7;2.7;14/07/2020 15:56;5.15;1.82;1.25;29;3.26;2.2;28.62;12.62;4.74;8.44;dsp_parametros_60.txt;1046;1008;39;31;56.9;41;62.5;22030;6.68;1848;626;53;186080;0;764;175;168;3.97;749;190;85;29.98;12.1;1;14;data;171;'-13;117;151;122;110;116;686;0;0;3.677;97.9;0.107;4.568;0;3;3300;3300
db_buhler_1_dsp;;1,5968E+18;16.37;1596.5;988; OK;0;1022;194925;35;2.7;2.9;2.7;2.7;14/07/2020 15:59;5.15;1.82;1.25;29;3.25;2.19;28.4;12.62;4.76;8.51;dsp_parametros_60.txt;1046;1011;39;30;55.8;40.8;63.1;22032;6.72;1850;629;53;186082;0;764;175;168;3.98;750;192;81;29.96;12.13;1;16;data;171;'-13;117;151;122;111;117;686;0;0;3.7;97.7;0.107;4.863;0;3;3300;3300
db_buhler_1_dsp;;1,5968E+18;16.5;1596.4;987; OK;0;1022;194934;34;2.7;2.9;2.7;2.6;14/07/2020 16:14;5.15;1.81;1.25;29;3.24;2.08;28.4;12.61;4.46;8.49;dsp_parametros_60.txt;1046;1012;39;30;57.4;40.7;62;22039;6.68;1859;630;53.2;186091;0;768;175;168;3.99;749;192;64;30.2;12.11;0.99;25;data;172;'-13;117;153;123;114;119;685;0;0;3.407;97.6;0.108;4.609;0;3;3300;3300
db_buhler_1_dsp;;1,5968E+18;16.08;1596.5;987; OK;0;1023;194935;34;2.7;2.9;2.7;2.6;14/07/2020 16:15;5.15;1.82;1.24;28;3.24;2.11;28.3;12.61;4.49;8.46;dsp_parametros_60.txt;1047;1013;40;31;57.4;41;62.6;22066;6.74;1860;631;53.2;186092;0;765;175;168;3.99;750;192;63;29.9;12.15;0.99;26;data;172;'-13;117;153;123;114;119;688;0;0;3.43;97.4;0.108;4.597;0;3;3300;3300
db_buhler_1_dsp;;1,5968E+18;16.57;1596.4;986; OK;0;1021;194950;33;2.8;3;2.8;2.6;14/07/2020 16:40;5.15;1.82;1.24;31;3.25;2.06;28.5;12.61;4.49;8.48;dsp_parametros_60.txt;1044;1011;39;30;56.1;42.1;62.6;22621;6.64;1875;629;53.3;186107;0;765;176;168;3.99;750;191;61;29.94;12.06;1;41;data;173;'-11;118;154;124;115;121;680;0;0;3.439;97.4;0.108;4.342;0;3;3300;3300
db_buhler_1_dsp;;1,5968E+18;16.23;1596.4;987; OK;0;1023;194958;33;2.8;2.9;2.7;2.6;14/07/2020 16:52;5.14;1.85;1.26;29;3.23;2.01;28.36;12.6;4.52;8.46;dsp_parametros_60.txt;1046;1013;39;30;56.7;40.7;62.1;22249;6.66;1883;631;53.2;186115;0;765;176;168;3.99;751;193;60;29.94;12.07;0.99;49;data;173;'-13;118;153;124;115;121;685;0;0;3.452;97.3;0.108;4.383;0;3;3300;3300
db_buhler_1_dsp;;1,5968E+18;16.24;1596.4;986; OK;0;1022;194963;34;2.7;2.9;2.6;2.5;14/07/2020 17:01;5.15;1.85;1.25;29;3.23;2.02;28;12.62;4.48;8.43;dsp_parametros_60.txt;1046;1012;40;31;57.5;41.7;63;22037;6.76;1888;630;53.2;186120;0;765;176;168;3.99;751;192;62;29.7;12.18;0.98;54;data;173;'-13;118;154;125;116;122;688;0;0;3.428;96.8;0.108;4.412;0;3;3300;3300
db_buhler_1_dsp;;1,5968E+18;16.11;1596.2;986; OK;0;1022;195010;32;2.9;3;2.8;2.8;16/07/2020 07:19;5.15;1.78;1.26;31;3.26;2.24;27.52;12.61;4.65;8.47;dsp_parametros_60.txt;1044;1012;33;24;56.8;41;63;21987;6.86;1935;630;53.2;186167;0;760;169;162;3.99;749;194;62;29.58;12.27;1.01;45;data;169;'-13;116;151;121;112;117;684;0;0;3.584;96.6;0.108;4.554;0;3;3300;3300
db_buhler_1_dsp;;1,5968E+18;16.38;1596.4;986; OK;0;1021;195133;34;2.7;2.9;2.7;2.7;16/07/2020 14:14;5.15;1.79;1.24;31;3.25;2.15;27.9;12.61;4.6;8.44;dsp_parametros_60.txt;1044;1010;39;31;58.5;41.7;63.1;22062;6.7;2058;628;53.2;186290;0;764;172;166;3.99;750;190;71;30.2;12.11;1;21;data;170;'-13;116;152;122;112;118;686;0;0;3.538;97.4;0.108;4.582;0;3;3300;3300
db_buhler_1_dsp;;1,5968E+18;14.37;1596.1;988; OK;0;1022;195215;33;1.4;1.7;1.4;1.3;18/07/2020 07:28;5.13;1.73;1.24;31;3.2;2.23;26;12.62;4.66;8.37;dsp_parametros_60.txt;1044;1011;38;30;53.4;39.1;58.8;22085;6.78;2140;629;53;186372;0;762;171;163;3.97;750;192;72;29.94;12.14;3.08;48;data;165;'-13;135;42;'-6;122;116;680;0;0;3.605;97.2;0.108;4.602;0;3;3300;3300
db_buhler_1_dsp;;1,5968E+18;14.25;1596.2;987; OK;0;1022;195216;32;1.4;1.8;1.5;1.3;18/07/2020 07:30;5.15;1.65;1.25;31;3.21;2.27;26.42;12.62;4.67;8.41;dsp_parametros_60.txt;1044;1012;38;30;54.3;39.9;58.7;22082;6.7;2141;630;53;186373;0;763;171;163;3.98;752;191;70;29.68;12.06;3.12;49;data;165;'-12;135;42;'-6;122;117;680;0;0;3.607;97.5;0.108;4.355;0;3;3300;3300
db_buhler_1_dsp;;1,5968E+18;14.46;1596.2;987; OK;0;1021;195217;33;1.4;1.7;1.5;1.3;18/07/2020 07:32;5.15;1.74;1.25;31;3.21;2.27;25.9;12.61;4.66;8.35;dsp_parametros_60.txt;1044;1011;38;30;55;39.6;58.8;22022;6.8;2142;629;53;186374;0;764;171;164;3.98;750;193;73;29.7;12.14;3.08;50;data;165;'-13;135;42;'-6;122;117;680;0;0;3.608;97;0.107;4.859;0;3;3300;3300
db_buhler_1_dsp;;1,5968E+18;14.42;1596.4;987; OK;0;1021;195351;33;2.7;2.9;2.8;2.7;18/07/2020 14:23;5.15;1.81;1.25;31;3.19;2.09;26.22;12.61;4.54;8.32;dsp_parametros_60.txt;1044;1011;39;30;53.6;39.8;58.3;22092;6.74;2276;629;53;186508;0;767;177;170;3.97;750;191;70;29.92;12.1;3.03;90;data;168;'-13;135;54;'-6;125;120;678;0;0;3.475;97.3;0.108;4.27;0;3;3300;3300
db_buhler_1_dsp;;1,5968E+18;14.58;1596.5;987; OK;0;1023;195423;33;2.7;2.9;2.7;2.6;18/07/2020 16:30;5.14;1.8;1.25;29;3.19;2.09;26.06;12.62;4.46;8.33;dsp_parametros_60.txt;1046;1013;38;29;53.2;39.8;60.6;22014;6.62;2348;631;53;186580;0;768;178;171;3.98;749;191;70;29.56;11.97;3.03;162;data;167;'-13;135;56;'-6;126;120;673;0;0;3.4;96.4;0.108;4.31;0;3;3300;3300
db_buhler_1_dsp;;1,5968E+18;14.47;1596.5;987; OK;0;1024;195425;33;2.7;2.9;2.7;2.6;18/07/2020 16:34;5.15;1.82;1.25;28;3.18;2.07;26.1;12.62;4.47;8.34;dsp_parametros_60.txt;1047;1014;38;29;55.1;38.8;58.9;22010;6.66;2350;632;53.1;186582;0;769;178;171;3.98;750;190;69;29.92;12;3.07;164;data;167;'-13;135;56;'-6;125;120;673;0;0;3.403;97.1;0.109;4.253;0;3;3300;3300
db_buhler_1_dsp;;1,5968E+18;14.09;1596.5;930;BAD;0;1027;195572;16;3.1;3.5;3.2;3.4;20/07/2020 10:59;5.11;0;0;32;3.24;0;0;12.62;4.96;7.67;dsp_parametros_60.txt;1043;1027;26;30;0;0;'-0.1;22232;37.88;2497;645;25.8;186729;0;306;177;170;1.93;251;193;23;0;43.35;3.13;117;data;47;'-13;48;47;16;49;53;680;0;0;3.913;1923.9;0.201;4.698;0;3;3300;3300
db_buhler_1_dsp;;1,5968E+18;14.18;1596.3;987; OK;0;1022;195619;33;2.8;2.9;2.7;2.7;21/07/2020 06:10;5.11;1.65;1.18;30;3.22;2.49;26.14;12.61;4.69;8.59;dsp_parametros_60.txt;1045;1012;40;31;53.9;40.3;59.1;22031;6.66;2544;630;53;186776;0;750;172;165;3.98;738;192;72;29.56;12.03;3.07;19;data;166;'-13;135;35;'-6;126;116;686;0;0;3.621;97;0.108;4.594;0;3;3300;3300
db_buhler_1_dsp;;1,5968E+18;14.25;1596.3;987; OK;0;1022;195626;33;2.9;2.8;2.7;2.6;21/07/2020 06:21;5.11;1.66;1.19;30;3.21;2.35;26.3;12.61;4.65;8.37;dsp_parametros_60.txt;1045;1012;41;33;54.7;39.8;58.8;22087;6.72;2551;630;53.1;186783;0;751;172;164;3.98;740;192;73;29.64;12.07;3.04;26;data;167;'-13;134;37;'-6;128;117;688;0;0;3.585;97;0.108;4.501;0;3;3300;3300
db_buhler_1_dsp;;1,5968E+18;14.28;1596.2;987; OK;0;1022;195627;33;2.9;2.9;2.8;2.7;21/07/2020 06:23;5.11;1.65;1.18;30;3.22;2.35;26.22;12.61;4.63;8.58;dsp_parametros_60.txt;1045;1012;41;33;54.5;40.6;60;22043;6.72;2552;630;53;186784;0;751;172;164;3.98;740;192;73;29.62;12.08;3.08;27;data;167;'-13;134;37;'-6;128;117;687;0;0;3.566;97.2;0.108;4.468;0;3;3300;3300
db_buhler_1_dsp;;1,5968E+18;14.29;1596.2;987; OK;0;1023;195629;34;2.8;2.8;2.7;2.5;21/07/2020 06:26;5.11;1.65;1.24;29;3.22;2.33;26.16;12.6;4.65;8.36;dsp_parametros_60.txt;1046;1012;42;34;53.7;39.9;59.8;22067;6.68;2554;630;53.1;186786;0;752;172;164;3.98;740;191;71;29.96;12.04;3.13;29;data;167;'-13;135;38;'-6;128;118;688;0;0;3.591;97.2;0.108;4.558;0;3;3300;3300
db_buhler_1_dsp;;1,5968E+18;14.42;1596.2;988; OK;0;1023;195637;33;2.8;2.8;2.7;2.5;21/07/2020 06:39;5.11;1.78;1.25;29;3.2;2.25;26.34;12.62;4.6;8.36;dsp_parametros_60.txt;1046;1013;44;35;54.6;39.7;60.5;22069;6.72;2562;631;53.1;186794;0;754;172;164;3.98;740;193;72;29.9;12.08;3.1;37;data;168;'-13;134;39;'-6;129;119;678;0;0;3.539;97.4;0.108;4.691;0;3;3300;3300
db_buhler_1_dsp;;1,5968E+18;14.23;1596.2;988; OK;0;1024;195633;33;2.8;2.8;2.7;2.5;21/07/2020 06:33;5.11;1.66;1.19;28;3.22;2.27;26.22;12.61;4.63;8.67;dsp_parametros_60.txt;1047;1014;43;34;56.3;39.9;58.7;22077;6.72;2558;632;53.1;186790;0;752;172;164;3.98;740;192;72;29.68;12.07;3.04;33;data;168;'-13;135;38;'-6;129;119;689;0;0;3.571;97.2;0.108;4.623;0;3;3300;3300
db_buhler_1_dsp;;1,5968E+18;14.34;1596.3;988; OK;0;1023;195635;34;2.8;2.8;2.7;2.6;21/07/2020 06:36;5.11;1.76;1.24;28;3.21;2.25;26.08;12.61;4.6;8.38;dsp_parametros_60.txt;1047;1013;43;35;55.7;39.8;59.8;22062;6.68;2560;631;53.1;186792;0;753;172;164;3.98;740;193;71;29.94;12.04;3.1;35;data;168;'-13;135;39;'-6;129;119;686;0;0;3.539;97.1;0.108;4.813;0;3;3300;3300
db_buhler_1_dsp;;1,5968E+18;14.32;1596.2;988; OK;0;1024;195640;32;2.9;2.8;2.8;2.6;21/07/2020 06:44;5.11;1.76;1.24;29;3.2;2.22;25.98;12.61;4.58;8.62;dsp_parametros_60.txt;1046;1014;44;35;55.5;38.8;59.9;22011;6.68;2565;632;53.2;186797;0;753;172;164;3.99;738;190;70;29.88;12.04;3.08;40;data;167;'-13;135;40;'-6;129;119;680;0;0;3.512;97.1;0.108;4.375;0;3;3300;3300
db_buhler_1_dsp;;1,5968E+18;14.36;1596.2;987; OK;0;1022;195638;32;2.9;2.8;2.8;2.6;21/07/2020 06:41;5.11;1.77;1.25;31;3.2;2.24;26.2;12.61;4.6;8.46;dsp_parametros_60.txt;1044;1012;44;35;54.3;39.6;59.9;22012;6.72;2563;630;53.1;186795;0;754;172;164;3.98;741;191;73;29.64;12.06;3.12;38;data;167;'-13;135;40;'-6;130;119;680;0;0;3.539;97.1;0.108;4.284;0;3;3300;3300
db_buhler_1_dsp;;1,5968E+18;14.43;1596.3;987; OK;0;1022;195641;32;2.8;2.8;2.7;2.5;21/07/2020 06:46;5.11;1.76;1.25;31;3.21;2.22;26.06;12.62;4.59;8.35;dsp_parametros_60.txt;1044;1012;44;36;53.1;39.6;60.5;22044;6.66;2566;630;53.1;186798;0;753;172;164;3.98;740;191;72;30;12.02;3.09;41;data;167;'-13;135;40;'-6;129;119;681;0;0;3.523;97.2;0.108;4.454;0;3;3300;3300
db_buhler_1_dsp;;1,5968E+18;14.34;1596.3;988; OK;0;1022;195639;33;2.8;2.8;2.7;2.5;21/07/2020 06:42;5.11;1.76;1.24;30;3.21;2.22;26.02;12.61;4.58;8.56;dsp_parametros_60.txt;1045;1012;44;36;55.5;39.8;59.1;22024;6.64;2564;630;53.1;186796;0;753;172;164;3.98;740;192;71;29.66;11.99;3.11;39;data;167;'-13;135;40;'-6;130;119;680;0;0;3.519;97;0.108;4.574;0;3;3300;3300
db_buhler_1_dsp;;1,5968E+18;14.43;1596.3;988; OK;0;1023;195643;34;2.8;2.8;2.7;2.5;21/07/2020 06:49;5.11;1.77;1.25;29;3.21;2.2;26.12;12.61;4.57;8.41;dsp_parametros_60.txt;1046;1012;44;36;55.3;39.5;59.9;22057;6.62;2568;630;53.2;186800;0;754;172;164;3.99;740;189;76;29.96;11.98;3.07;43;data;167;'-13;135;41;'-6;130;119;680;0;0;3.51;97;0.108;4.581;0;3;3300;3300
db_buhler_1_dsp;;1,5968E+18;14.43;1596.2;988; OK;0;1022;195642;32;2.9;2.9;2.7;2.6;21/07/2020 06:47;5.11;1.76;1.24;31;3.21;2.2;26.08;12.62;4.55;8.36;dsp_parametros_60.txt;1044;1012;44;36;56.4;39.4;59.7;22041;6.62;2567;630;53.1;186799;0;753;172;164;3.98;739;192;74;29.92;11.98;3.09;42;data;167;'-13;135;41;'-6;130;119;680;0;0;3.486;97;0.108;4.289;0;3;3300;3300
db_buhler_1_dsp;;1,5968E+18;14.35;1596.3;988; OK;0;1023;195644;33;2.8;2.8;2.7;2.5;21/07/2020 06:50;5.11;1.77;1.24;29;3.21;2.2;26.1;12.61;4.54;8.36;dsp_parametros_60.txt;1046;1013;44;36;54.1;40.1;60;22076;6.7;2569;631;53.1;186801;0;754;172;164;3.98;739;189;71;29.6;12.05;3.1;44;data;168;'-13;135;41;'-6;130;119;680;0;0;3.491;96.7;0.108;4.667;0;3;3300;3300
db_buhler_1_dsp;;1,5968E+18;14.28;1596.3;988; OK;0;1023;195645;32;2.8;2.8;2.7;2.5;21/07/2020 06:52;5.11;1.78;1.23;31;3.2;2.2;26.04;12.61;4.59;8.36;dsp_parametros_60.txt;1044;1012;44;36;55.2;39.7;61.1;22117;6.64;2570;630;53.1;186802;0;753;172;164;3.98;740;191;70;29.6;11.99;3.07;45;data;168;'-13;135;41;'-7;130;119;680;0;0;3.528;96.9;0.108;4.192;0;3;3300;3300
db_buhler_1_dsp;;1,5968E+18;14.47;1596.3;988; OK;0;1023;195648;33;2.8;2.8;2.7;2.5;21/07/2020 06:57;5.11;1.79;1.24;29;3.2;2.18;26.12;12.61;4.53;8.37;dsp_parametros_60.txt;1046;1013;44;36;55.3;40.3;58.6;22032;6.68;2573;631;53.2;186805;0;754;172;164;3.99;740;191;69;30.16;12.04;3.05;48;data;167;'-13;133;42;'-6;130;119;681;0;0;3.473;97.2;0.108;4.435;0;3;3300;3300
db_buhler_1_dsp;;1,5968E+18;14.37;1596.3;987; OK;0;1023;195657;33;2.7;2.7;2.6;2.5;21/07/2020 07:19;5.11;1.79;1.24;29;3.21;2.19;26.06;12.61;4.61;8.36;dsp_parametros_60.txt;1046;1013;45;37;53.3;40.1;59.4;22071;6.64;2582;631;52.9;186814;0;754;173;165;3.97;740;195;72;29.92;12;3.08;57;data;167;'-13;136;44;'-6;128;117;682;0;0;3.541;97;0.108;4.562;0;3;3300;3300
db_buhler_1_dsp;;1,5968E+18;13.59;1596.3;930;BAD;0;1016;195651;23;2.7;2.7;2.6;2.4;21/07/2020 07:09;5.11;1.8;1.24;37;3.2;2.16;26.2;12.61;4.98;8.37;dsp_parametros_60.txt;1038;1015;47;36;0;0;'-0.1;22073;43.96;2576;633;25.8;186808;0;300;178;168;1.93;251;190;24;29.68;49.45;3.05;51;data;107;'-13;95;43;'-6;97;103;682;0;0;3.929;518.8;0.201;5.288;0;3;3300;3300
db_buhler_1_dsp;;1,5968E+18;13.61;1596.2;930;BAD;0;1021;195659;22;3;3.2;3;3.2;21/07/2020 09:36;5.11;1.48;1.09;34;3.25;3.37;26.06;12.61;5.14;8.45;dsp_parametros_60.txt;1041;1019;0;0;0.1;0;0;22155;24.8;2584;637;25.8;186816;0;282;177;170;1.93;251;191;25;29.84;30.29;3.18;59;data;67;'-13;55;30;65;43;49;680;0;0;4.087;686.3;0.201;4.94;0;3;3300;3300
db_buhler_1_dsp;;1,5968E+18;14.32;1596.3;988; OK;0;1024;195654;32;2.7;2.7;2.6;2.5;21/07/2020 07:14;5.11;1.76;1.25;29;3.19;2.22;25.92;12.6;4.64;8.32;dsp_parametros_60.txt;1046;1014;43;34;54.6;40.2;59.6;22075;6.62;2579;632;53;186811;0;753;173;165;3.98;739;191;70;29.92;11.98;3.11;54;data;162;'-13;135;44;'-6;124;115;681;0;0;3.571;96.9;0.108;4.478;0;3;3300;3300
db_buhler_1_dsp;;1,5968E+18;14.42;1596.3;987; OK;0;1022;195650;33;2.8;2.8;2.7;2.5;21/07/2020 07:00;5.11;1.8;1.24;30;3.21;2.17;26.22;12.62;4.55;8.34;dsp_parametros_60.txt;1045;1012;44;36;55.6;40.5;59.3;21997;6.68;2575;630;53.1;186807;0;753;172;164;3.98;741;192;71;29.9;12.03;3.07;50;data;167;'-13;135;42;'-6;130;120;681;0;0;3.49;97.2;0.108;4.658;0;3;3300;3300
db_buhler_1_dsp;;1,5968E+18;14.24;1596.3;991;LOK;0;1024;195653;31;2.8;2.8;2.7;2.5;21/07/2020 07:12;5.11;1.79;1.25;30;3.21;2.22;25.8;12.61;4.7;8.37;dsp_parametros_60.txt;1045;1014;43;33;54.2;39.7;59.9;22034;6.64;2578;632;52.4;186810;0;753;173;165;3.93;740;192;70;29.6;12.01;3.08;53;data;157;'-13;133;44;'-6;121;114;681;0;0;3.637;96.6;0.109;4.389;0;3;3300;3300
db_buhler_1_dsp;;1,5968E+18;13.99;1596.3;994;LOK;0;1024;195652;34;2.7;2.7;2.6;2.4;21/07/2020 07:10;5.11;1.58;1.24;29;3.2;2.26;25.16;12.61;4.98;8.65;dsp_parametros_60.txt;1046;1012;47;38;52.8;38.3;57.9;22042;8.48;2577;630;50.6;186809;0;752;173;165;3.79;740;189;70;29.96;13.84;3.03;52;data;144;'-13;114;44;'-6;114;111;683;0;0;3.913;98.7;0.109;4.809;0;3;3300;3300
db_buhler_1_dsp;;1,5968E+18;14.26;1596.3;987; OK;0;1022;195655;32;2.8;2.8;2.7;2.5;21/07/2020 07:15;5.11;1.77;1.24;31;3.2;2.2;25.98;12.6;4.58;8.57;dsp_parametros_60.txt;1044;1012;44;35;54.7;39.7;59.1;22040;6.68;2580;630;53;186812;0;754;173;165;3.97;740;193;72;29.96;12.03;3.04;55;data;164;'-13;135;44;'-7;126;116;683;0;0;3.512;97.1;0.108;4.285;0;3;3300;3300
db_buhler_1_dsp;;1,5968E+18;15.09;1596.1;986; OK;0;1021;195691;34;2.7;2.8;2.7;2.5;21/07/2020 10:28;5.11;1.66;1.24;31;3.22;2.29;27.04;12.61;4.58;8.38;dsp_parametros_60.txt;1044;1010;42;34;61.8;38.8;63.9;22072;6.68;2616;628;53.1;186848;0;755;173;166;3.98;740;190;67;29.96;12.03;3.05;91;data;165;'-13;142;51;121;119;117;681;0;0;3.521;98;0.108;4.617;0;3;3300;3300
db_buhler_1_dsp;;1,5968E+18;15.39;1596.1;987; OK;0;1021;195694;34;2.7;2.8;2.6;2.5;21/07/2020 10:33;5.11;1.8;1.24;31;3.22;2.24;27.12;12.61;4.51;8.43;dsp_parametros_60.txt;1044;1010;43;35;61.7;40.1;65.2;22036;6.68;2619;628;53.1;186851;0;755;174;167;3.98;740;190;70;30.16;12.04;3.09;94;data;165;'-13;141;51;121;119;118;683;0;0;3.444;98.5;0.108;4.552;0;3;3300;3300
db_buhler_1_dsp;;1,5968E+18;14.97;1596.1;986; OK;0;1020;195692;33;2.7;2.8;2.7;2.5;21/07/2020 10:30;5.11;1.68;1.19;33;3.22;2.24;27.14;12.62;4.58;8.4;dsp_parametros_60.txt;1042;1009;42;34;62.1;40.1;64;22029;6.66;2617;627;53.1;186849;0;756;173;167;3.98;740;190;68;29.64;12.03;3.03;92;data;165;'-12;143;51;121;119;118;681;0;0;3.513;98;0.108;4.283;0;3;3300;3300
db_buhler_1_dsp;;1,5968E+18;15.32;1596.1;986; OK;0;1020;195693;33;2.8;2.8;2.7;2.5;21/07/2020 10:32;5.11;1.76;1.23;32;3.22;2.24;26.66;12.61;4.55;8.37;dsp_parametros_60.txt;1043;1010;42;34;61.7;41.1;64.5;22034;6.74;2618;628;53.1;186850;0;754;173;166;3.98;740;190;69;29.86;12.11;3.1;93;data;165;'-13;142;51;121;119;118;683;0;0;3.493;97.6;0.108;4.54;0;3;3300;3300
db_buhler_1_dsp;;1,5968E+18;15.31;1596.1;986; OK;0;1020;195695;33;2.7;2.8;2.7;2.5;21/07/2020 10:35;5.11;1.79;1.25;33;3.21;2.25;27.26;12.61;4.5;8.43;dsp_parametros_60.txt;1042;1009;43;35;63.1;40.8;65.5;22033;6.74;2620;627;53;186852;0;756;174;167;3.98;740;191;70;29.9;12.09;3.1;95;data;165;'-13;142;51;122;119;118;676;0;0;3.439;98.2;0.108;4.26;0;3;3300;3300
db_buhler_1_dsp;;1,5968E+18;15.33;1596.1;986; OK;0;1020;195696;33;2.8;2.8;2.7;2.5;21/07/2020 10:36;5.11;1.66;1.19;33;3.22;2.23;27.28;12.62;4.53;8.37;dsp_parametros_60.txt;1042;1009;43;35;62.9;40.3;65.2;22098;6.66;2621;627;53.1;186853;0;755;173;167;3.98;739;189;69;29.9;12.02;3.07;96;data;165;'-13;142;51;121;119;118;673;0;0;3.477;98.2;0.107;4.313;0;3;3300;3300
db_buhler_1_dsp;;1,5968E+18;15.26;1596.2;986; OK;0;1021;195697;32;2.8;2.8;2.7;2.5;21/07/2020 10:38;5.11;1.81;1.25;33;3.21;2.23;27.1;12.61;4.54;8.66;dsp_parametros_60.txt;1042;1010;43;35;63.1;41.6;65.1;22007;6.62;2622;628;53;186854;0;756;174;167;3.98;740;192;69;29.68;11.99;3.11;97;data;165;'-13;145;51;121;119;118;676;0;0;3.473;98;0.108;4.21;0;3;3300;3300
db_buhler_1_dsp;;1,5968E+18;15.38;1596.1;986; OK;0;1021;195698;33;2.7;2.8;2.6;2.5;21/07/2020 10:40;5.11;1.64;1.19;32;3.21;2.23;27.24;12.61;4.52;8.41;dsp_parametros_60.txt;1043;1010;43;35;63.6;39.3;64.9;22038;6.66;2623;628;53;186855;0;755;173;167;3.98;740;189;69;30.24;12.02;3.03;98;data;165;'-13;142;51;121;119;118;676;0;0;3.464;98.5;0.107;4.487;0;3;3300;3300
db_buhler_1_dsp;;1,5968E+18;15.02;1596.1;986; OK;0;1021;195700;33;2.8;2.9;2.7;2.5;21/07/2020 10:43;5.11;1.67;1.18;32;3.22;2.27;27.44;12.61;4.52;8.62;dsp_parametros_60.txt;1043;1010;44;36;63.5;38.8;64.6;22073;6.7;2625;628;53.1;186857;0;756;174;167;3.98;740;191;69;30.18;12.05;3.08;100;data;165;'-13;141;51;121;119;118;676;0;0;3.454;99;0.108;4.432;0;3;3300;3300
db_buhler_1_dsp;;1,5968E+18;15.27;1596.2;986; OK;0;1020;195706;32;2.8;2.8;2.7;2.5;21/07/2020 10:54;5.11;1.77;1.24;33;3.21;2.21;26.44;12.62;4.57;8.57;dsp_parametros_60.txt;1042;1010;42;34;62.4;42.7;64.9;22064;6.66;2631;628;53.2;186863;0;755;174;167;3.99;741;191;68;29.64;12.01;3.04;106;data;163;'-13;143;51;121;118;117;676;0;0;3.502;97.2;0.107;4.303;0;3;3300;3300
db_buhler_1_dsp;;1,5968E+18;15.06;1596.1;987; OK;0;1022;195711;34;2.7;2.7;2.6;2.5;21/07/2020 11:02;5.11;1.76;1.23;31;3.21;2.18;26.72;12.62;4.58;8.39;dsp_parametros_60.txt;1044;1010;43;35;61.7;41;65.1;22091;6.66;2636;628;53.1;186868;0;755;174;167;3.98;740;189;69;29.92;12.01;3.04;111;data;166;'-13;142;51;122;120;118;676;0;0;3.516;97.9;0.108;4.505;0;3;3300;3300
db_buhler_1_dsp;;1,5968E+18;15.03;1596.1;986; OK;0;1020;195710;32;2.8;2.8;2.7;2.5;21/07/2020 11:01;5.11;1.78;1.23;33;3.21;2.18;26.88;12.61;4.51;8.4;dsp_parametros_60.txt;1042;1010;43;35;62.5;40;64.3;22069;6.66;2635;628;53.1;186867;0;756;174;167;3.98;740;190;69;29.9;12.03;3.07;110;data;166;'-13;143;51;121;120;118;676;0;0;3.448;97.7;0.107;4.231;0;3;3300;3300
db_buhler_1_dsp;;1,5968E+18;14.91;1596.2;987; OK;0;1022;195712;33;2.8;2.8;2.7;2.5;21/07/2020 11:04;5.11;1.87;1.24;31;3.21;2.19;26.9;12.61;4.55;8.62;dsp_parametros_60.txt;1044;1011;43;35;62.5;40;65.4;22064;6.78;2637;629;53.1;186869;0;756;174;167;3.98;739;192;68;29.66;12.13;3.08;112;data;166;'-13;144;51;122;120;119;678;0;0;3.489;97.9;0.108;4.369;0;3;3300;3300
db_buhler_1_dsp;;1,5968E+18;15.11;1596.2;986; OK;0;1020;195714;33;2.8;2.8;2.7;2.5;21/07/2020 11:07;5.11;1.79;1.25;32;3.21;2.19;27;12.61;4.55;8.62;dsp_parametros_60.txt;1043;1010;44;36;62.6;40.7;66.3;22054;6.72;2639;628;53.1;186871;0;758;174;167;3.98;739;190;69;29.32;12.08;3.07;114;data;166;'-13;144;51;122;120;119;678;0;0;3.483;97.6;0.107;4.481;0;3;3300;3300
db_buhler_1_dsp;;1,5968E+18;15.05;1596.1;986; OK;0;1021;195715;33;2.7;2.7;2.6;2.4;21/07/2020 11:09;5.11;1.79;1.23;32;3.21;2.19;26.94;12.61;4.54;8.35;dsp_parametros_60.txt;1043;1010;44;36;63.8;40.6;65;22059;6.72;2640;628;53.1;186872;0;757;174;167;3.98;741;192;70;29.8;12.08;3.07;115;data;166;'-13;142;51;122;120;119;678;0;0;3.481;97.7;0.108;4.419;0;3;3300;3300
db_buhler_1_dsp;;1,5968E+18;15.22;1596.2;987; OK;0;1021;195713;34;2.8;2.8;2.7;2.5;21/07/2020 11:06;5.11;1.67;1.25;31;3.22;2.2;26.88;12.62;4.48;8.59;dsp_parametros_60.txt;1044;1010;44;35;62.9;40.4;65;22024;6.7;2638;628;53.1;186870;0;757;174;167;3.98;740;190;69;29.96;12.06;3.05;113;data;166;'-13;143;51;122;120;119;678;0;0;3.414;97.9;0.108;4.443;0;3;3300;3300
db_buhler_1_dsp;;1,5968E+18;15.14;1596.1;987; OK;0;1021;195716;34;2.7;2.7;2.6;2.4;21/07/2020 11:10;5.11;1.79;1.25;31;3.21;2.19;26.74;12.62;4.54;8.41;dsp_parametros_60.txt;1044;1010;44;36;62;40.3;64.7;22064;6.7;2641;628;53.1;186873;0;756;174;167;3.98;740;190;69;29.94;12.05;3.09;116;data;166;'-13;143;51;122;121;119;678;0;0;3.474;97.7;0.108;4.515;0;3;3300;3300
db_buhler_1_dsp;;1,5968E+18;14.86;1596.1;986; OK;0;1020;195717;32;2.7;2.7;2.6;2.4;21/07/2020 11:12;5.11;1.8;1.24;33;3.21;2.19;26.84;12.62;4.58;8.39;dsp_parametros_60.txt;1042;1010;45;36;61.5;41.3;63.8;22071;6.74;2642;628;53.1;186874;0;755;174;167;3.98;743;192;69;29.9;12.08;3.07;117;data;167;'-13;143;51;122;121;120;678;0;0;3.513;97.8;0.108;4.183;0;3;3300;3300
db_buhler_1_dsp;;1,5968E+18;15.28;1596.2;986; OK;0;1020;195718;34;2.8;2.8;2.6;2.5;21/07/2020 11:14;5.11;1.64;1.18;32;3.2;2.2;26.84;12.61;4.56;8.4;dsp_parametros_60.txt;1043;1009;44;36;61.2;40.6;64.5;22036;6.7;2643;627;53;186875;0;757;174;168;3.98;740;191;71;29.46;12.05;3.08;118;data;167;'-13;143;51;122;121;120;678;0;0;3.501;97.5;0.108;4.623;0;3;3300;3300
db_buhler_1_dsp;;1,5968E+18;15.24;1596.1;986; OK;0;1021;195719;33;2.7;2.7;2.6;2.4;21/07/2020 11:15;5.11;1.82;1.24;32;3.21;2.19;27.12;12.61;4.55;8.4;dsp_parametros_60.txt;1043;1010;45;36;62.3;41.6;65.7;22065;6.66;2644;628;53.1;186876;0;759;175;168;3.98;740;190;68;29.4;12;3.01;119;data;167;'-13;143;51;122;121;120;678;0;0;3.484;97.4;0.108;4.348;0;3;3300;3300
db_buhler_1_dsp;;1,5968E+18;15.22;1596.2;986; OK;0;1020;195720;34;2.8;2.8;2.6;2.5;21/07/2020 11:17;5.11;1.66;1.24;32;3.21;2.17;27.24;12.62;4.49;8.41;dsp_parametros_60.txt;1043;1009;45;37;62.7;40.4;64.9;22064;6.68;2645;627;53.1;186877;0;757;174;168;3.98;740;190;70;29.6;12.03;3.01;120;data;167;'-13;144;51;122;121;120;678;0;0;3.425;97.9;0.107;4.554;0;3;3300;3300
db_buhler_1_dsp;;1,5968E+18;15.01;1596.2;986; OK;0;1020;195721;32;2.8;2.8;2.6;2.5;21/07/2020 11:19;5.11;1.83;1.25;33;3.2;2.19;27.16;12.61;4.5;8.38;dsp_parametros_60.txt;1042;1010;45;37;63.2;41.1;65.1;22044;6.7;2646;628;53.1;186878;0;756;174;168;3.98;740;190;69;29.64;12.06;3.05;121;data;167;'-13;143;51;122;121;120;678;0;0;3.439;97.7;0.108;4.159;0;3;3300;3300
db_buhler_1_dsp;;1,5968E+18;15.21;1596.2;986; OK;0;1020;195722;34;2.7;2.7;2.6;2.5;21/07/2020 11:20;5.11;1.79;1.24;32;3.2;2.19;26.72;12.62;4.5;8.38;dsp_parametros_60.txt;1043;1009;45;37;63;40.3;65.4;22035;6.68;2647;627;53.1;186879;0;755;175;168;3.98;740;190;69;29.64;12.04;3.03;122;data;167;'-13;143;51;122;121;120;680;0;0;3.44;97.3;0.107;4.541;0;3;3300;3300
db_buhler_1_dsp;;1,5968E+18;15.47;1596.2;986; OK;0;1021;195723;34;2.7;2.7;2.6;2.4;21/07/2020 11:22;5.11;1.79;1.24;31;3.21;2.16;26.88;12.61;4.49;8.41;dsp_parametros_60.txt;1044;1010;46;37;60.9;40.8;64.2;22030;6.74;2648;628;53.1;186880;0;758;174;167;3.98;740;190;70;29.48;12.1;3.04;123;data;167;'-13;143;51;123;122;120;678;0;0;3.427;97.6;0.108;4.391;0;3;3300;3300
db_buhler_1_dsp;;1,5968E+18;14.74;1596.1;986; OK;0;1020;195726;32;2.8;2.8;2.7;2.5;21/07/2020 11:27;5.11;1.79;1.24;34;3.2;2.18;27.04;12.61;4.5;8.56;dsp_parametros_60.txt;1041;1009;45;37;60.8;40.7;65;22037;6.68;2651;627;53.2;186883;0;757;175;168;3.99;739;190;69;29.44;12.04;3.03;126;data;167;'-13;143;51;122;122;120;673;0;0;3.433;97.7;0.107;4.166;0;3;3300;3300
db_buhler_1_dsp;;1,5968E+18;14.82;1596.2;986; OK;0;1020;195727;31;2.7;2.7;2.6;2.4;21/07/2020 11:28;5.11;1.77;1.25;34;3.2;2.16;26.4;12.62;4.51;8.38;dsp_parametros_60.txt;1041;1010;45;37;62.8;40.8;65.7;22053;6.68;2652;628;53.1;186884;0;757;175;168;3.98;740;190;68;29.84;12.03;3.02;127;data;167;'-13;143;51;122;122;120;673;0;0;3.451;97.3;0.107;4.113;0;3;3300;3300
db_buhler_1_dsp;;1,5968E+18;15.12;1596.2;987; OK;0;1022;195728;33;2.7;2.7;2.6;2.4;21/07/2020 11:30;5.11;1.76;1.24;31;3.23;2.18;26.5;12.61;4.48;8.35;dsp_parametros_60.txt;1044;1011;46;37;62.3;40.2;65.8;22057;6.84;2653;629;53.1;186885;0;757;175;168;3.98;740;192;69;29.96;12.21;3.07;128;data;166;'-13;143;51;122;122;120;673;0;0;3.421;97.7;0.108;4.262;0;3;3300;3300
db_buhler_1_dsp;;1,5968E+18;15.37;1596.1;986; OK;0;1021;195730;33;2.8;2.8;2.7;2.5;21/07/2020 11:33;5.11;1.66;1.25;32;3.2;2.17;27.04;12.62;4.48;8.57;dsp_parametros_60.txt;1043;1010;46;38;62.8;40.1;64.4;22060;6.72;2655;628;53.1;186887;0;756;175;168;3.98;739;192;69;29.92;12.09;3.09;130;data;167;'-13;143;51;122;122;120;673;0;0;3.417;98.2;0.108;4.273;0;3;3300;3300
db_buhler_1_dsp;;1,5968E+18;14.92;1596.2;986; OK;0;1021;195729;33;2.7;2.7;2.6;2.4;21/07/2020 11:32;5.11;1.81;1.24;32;3.2;2.17;26.96;12.62;4.47;8.32;dsp_parametros_60.txt;1043;1010;46;38;62.6;40.6;65.3;22054;6.7;2654;628;53.1;186886;0;758;175;168;3.98;741;191;69;29.64;12.07;3.02;129;data;167;'-13;143;51;122;122;120;673;0;0;3.405;97.4;0.108;4.303;0;3;3300;3300
db_buhler_1_dsp;;1,5968E+18;15.41;1596.1;986; OK;0;1021;195732;33;2.8;2.8;2.7;2.5;21/07/2020 11:37;5.11;1.8;1.25;32;3.2;2.17;27.02;12.62;4.48;8.37;dsp_parametros_60.txt;1043;1010;46;38;61.5;41.2;65;22019;6.72;2657;628;53.1;186889;0;756;175;168;3.98;741;189;69;29.94;12.07;3.01;132;data;166;'-12;142;51;122;122;120;673;0;0;3.42;97.9;0.107;4.407;0;3;3300;3300
db_buhler_1_dsp;;1,5968E+18;15.19;1596.2;986; OK;0;1021;195731;33;2.7;2.7;2.6;2.4;21/07/2020 11:35;5.11;1.68;1.18;32;3.2;2.17;27.34;12.61;4.49;8.4;dsp_parametros_60.txt;1043;1010;47;38;63.5;39.9;63.7;22051;6.76;2656;628;53.1;186888;0;757;175;168;3.98;741;192;70;30.26;12.11;3.04;131;data;166;'-13;142;51;122;121;120;673;0;0;3.424;98.8;0.108;4.313;0;3;3300;3300
db_buhler_1_dsp;;1,5968E+18;15.35;1596.1;987; OK;0;1022;195733;33;2.8;2.8;2.7;2.5;21/07/2020 11:38;5.11;1.66;1.19;31;3.2;2.16;27.38;12.61;4.5;8.42;dsp_parametros_60.txt;1044;1011;47;38;61.4;41.5;65.5;22047;6.64;2658;629;53.2;186890;0;756;175;168;3.99;740;190;68;29.62;11.99;3.02;133;data;166;'-13;143;51;122;122;120;673;0;0;3.438;98;0.108;4.269;0;3;3300;3300
db_buhler_1_dsp;;1,5968E+18;14.95;1596.1;987; OK;0;1021;195734;34;2.8;2.8;2.7;2.4;21/07/2020 11:40;5.11;1.83;1.25;31;3.2;2.18;27.12;12.61;4.48;8.38;dsp_parametros_60.txt;1044;1010;47;38;62.5;41.6;65.2;22066;6.74;2659;628;53.1;186891;0;759;175;168;3.98;740;190;69;29.66;12.09;3.04;134;data;167;'-13;144;51;123;122;120;673;0;0;3.419;97.7;0.108;4.462;0;3;3300;3300
db_buhler_1_dsp;;1,5968E+18;15.16;1596.1;986; OK;0;1021;195735;33;2.8;2.8;2.7;2.4;21/07/2020 11:41;5.11;1.79;1.25;32;3.2;2.17;26.76;12.61;4.47;8.61;dsp_parametros_60.txt;1043;1010;47;38;62.4;40.2;64.7;22112;6.76;2660;628;53.2;186892;0;757;175;168;3.99;740;191;69;30.14;12.12;3.02;135;data;167;'-13;143;52;122;122;120;673;0;0;3.404;98.1;0.108;4.237;0;3;3300;3300
db_buhler_1_dsp;;1,5968E+18;15.04;1596.2;987; OK;0;1022;195736;32;2.7;2.7;2.6;2.4;21/07/2020 11:43;5.11;1.8;1.24;31;3.2;2.17;27;12.62;4.49;8.51;dsp_parametros_60.txt;1044;1012;47;38;62.2;41.4;64.7;22019;6.72;2661;630;53.2;186893;0;758;175;168;3.99;740;190;67;29.94;12.08;3.08;136;data;167;'-13;142;52;122;122;120;673;0;0;3.422;98;0.108;4.178;0;3;3300;3300
db_buhler_1_dsp;;1,5968E+18;15.29;1596.2;987; OK;0;1021;195737;33;2.8;2.8;2.7;2.4;21/07/2020 11:45;5.11;1.79;1.23;32;3.21;2.19;26.72;12.61;4.5;8.41;dsp_parametros_60.txt;1043;1010;47;38;63;41;64.9;22046;6.72;2662;628;53.1;186894;0;758;175;168;3.98;740;192;70;29.62;12.08;3.06;137;data;167;'-13;143;52;122;122;120;673;0;0;3.431;97.3;0.108;4.44;0;3;3300;3300
db_buhler_1_dsp;;1,5968E+18;15.2;1596.2;987; OK;0;1022;195738;33;2.8;2.8;2.7;2.4;21/07/2020 11:46;5.11;1.81;1.24;31;3.2;2.18;27.08;12.61;4.5;8.39;dsp_parametros_60.txt;1044;1011;47;39;62;40.7;64.7;22050;6.64;2663;629;53.1;186895;0;757;175;168;3.98;740;190;69;29.86;11.99;3.05;138;data;167;'-13;143;52;123;122;121;673;0;0;3.44;97.9;0.108;4.392;0;3;3300;3300
db_buhler_1_dsp;;1,5968E+18;15.01;1596.2;987; OK;0;1021;195739;34;2.7;2.7;2.6;2.4;21/07/2020 11:48;5.11;1.76;1.24;31;3.2;2.18;26.88;12.6;4.48;8.35;dsp_parametros_60.txt;1044;1010;47;39;61.1;40.9;65.9;22017;6.68;2664;628;53.1;186896;0;758;175;168;3.98;741;191;70;29.9;12.02;3.04;139;data;167;'-13;144;52;123;122;121;673;0;0;3.411;97.6;0.108;4.539;0;3;3300;3300
db_buhler_1_dsp;;1,5968E+18;15;1596.2;987; OK;0;1021;195740;34;2.8;2.8;2.7;2.4;21/07/2020 11:50;5.11;1.84;1.25;31;3.2;2.13;26.8;12.62;4.46;8.43;dsp_parametros_60.txt;1044;1010;47;39;61.3;42.1;65.2;22076;6.92;2665;628;53.2;186897;0;759;175;168;3.99;740;192;69;29.86;12.27;3.05;140;data;168;'-13;143;52;123;122;121;673;0;0;3.397;97.8;0.108;4.449;0;3;3300;3300
db_buhler_1_dsp;;1,5968E+18;14.85;1596.2;986; OK;0;1020;195741;32;2.8;2.8;2.7;2.4;21/07/2020 11:51;5.11;1.81;1.25;33;3.2;2.13;26.74;12.62;4.51;8.34;dsp_parametros_60.txt;1042;1010;47;39;62.6;40;65.4;22026;6.74;2666;628;53.1;186898;0;758;175;168;3.98;739;190;69;29.86;12.1;3.08;141;data;168;'-13;144;52;123;122;121;673;0;0;3.444;97.7;0.107;4.215;0;3;3300;3300
db_buhler_1_dsp;;1,5968E+18;15.3;1596.2;986; OK;0;1020;195742;35;2.8;2.8;2.7;2.4;21/07/2020 11:53;5.11;1.73;1.24;31;3.2;2.17;26.52;12.62;4.49;8.42;dsp_parametros_60.txt;1044;1009;47;39;62.7;40.8;66.1;22074;6.7;2667;627;53.1;186899;0;757;175;168;3.98;740;189;67;29.9;12.05;3.06;142;data;167;'-13;142;52;123;122;121;673;0;0;3.429;97.5;0.107;4.652;0;3;3300;3300
db_buhler_1_dsp;;1,5968E+18;14.97;1596.2;986; OK;0;1020;195743;33;2.8;2.7;2.6;2.4;21/07/2020 11:54;5.11;1.8;1.25;32;3.2;2.17;27;12.62;4.49;8.46;dsp_parametros_60.txt;1043;1010;47;39;62.9;41.4;64.2;22044;6.68;2668;628;53.1;186900;0;757;175;168;3.98;740;191;69;29.62;12.03;3.08;144;data;168;'-13;145;52;123;122;121;676;0;0;3.422;97.6;0.107;4.382;0;3;3300;3300
db_buhler_1_dsp;;1,5968E+18;14.97;1596.2;986; OK;0;1020;195743;33;2.8;2.7;2.6;2.4;21/07/2020 11:54;5.11;1.8;1.25;32;3.2;2.17;27;12.62;4.49;8.46;dsp_parametros_60.txt;1043;1010;47;39;62.9;41.4;64.2;22044;6.68;2668;628;53.1;186900;0;757;175;168;3.98;740;191;69;29.62;12.03;3.08;144;data;168;'-13;145;52;123;122;121;673;0;0;3.422;97.6;0.107;4.382;0;3;3300;3300
db_buhler_1_dsp;;1,5968E+18;16.34;1596.5;987; OK;0;1022;194929;35;2.7;2.9;2.7;2.7;14/07/2020 16:05;5.14;1.78;1.25;29;3.23;2.1;28.38;12.61;4.57;8.48;dsp_parametros_60.txt;1046;1011;38;29;58;41.6;62.2;22093;6.76;1854;629;53.2;186086;0;764;176;168;3.99;750;191;70;29.5;12.19;0.99;20;data;171;'-13;118;152;122;112;118;688;0;0;3.506;97;0.108;4.608;0;3;3300;3300
db_buhler_1_dsp;;1,5968E+18;14.39;1596.1;988; OK;0;1022;195503;32;2.9;2.9;2.8;2.6;20/07/2020 07:09;5.14;1.69;1.18;31;3.21;2.25;26.64;12.62;4.58;8.53;dsp_parametros_60.txt;1044;1012;37;28;53;39.3;59.4;22063;6.7;2428;630;53;186660;0;762;171;163;3.97;751;191;72;29.68;12.05;3.1;48;data;165;'-13;134;40;'-6;128;116;678;0;0;3.528;97.5;0.108;4.314;0;3;3300;3300
db_buhler_1_dsp;;1,5968E+18;14.26;1596.5;988; OK;0;1025;195582;32;2.8;3.1;2.8;3;20/07/2020 11:20;5.11;1.8;1.24;28;3.2;2.24;25.96;12.62;4.58;8.62;dsp_parametros_60.txt;1047;1015;37;29;55.5;38.9;59.8;22044;6.82;2507;633;53;186739;0;755;173;167;3.98;740;190;69;29.8;12.17;3.05;127;data;166;'-13;134;49;'-6;125;114;678;0;0;3.513;97.2;0.109;4.389;0;3;3300;3300
db_buhler_1_dsp;;1,5968E+18;14.53;1596.2;988; OK;0;1022;195531;33;2.9;2.9;2.7;2.5;20/07/2020 07:54;5.15;1.85;1.25;30;3.2;2.17;26.18;12.62;4.54;8.5;dsp_parametros_60.txt;1045;1012;37;29;55.7;39.8;59.5;22035;6.68;2456;630;53;186688;0;763;171;164;3.98;750;193;72;29.54;12.04;3.04;76;data;166;'-13;135;44;'-6;130;117;675;0;0;3.487;96.8;0.108;4.537;0;3;3300;3300
db_buhler_1_dsp;;1,5968E+18;16.41;1596.4;986; OK;0;1022;194960;35;2.7;2.9;2.7;2.5;14/07/2020 16:56;5.15;1.82;1.24;28;3.23;1.99;27.96;12.62;4.48;8.41;dsp_parametros_60.txt;1047;1012;38;29;56.5;41.2;63.3;22128;6.7;1885;630;53.3;186117;0;767;176;168;4;750;196;61;29.92;12.1;0.99;51;data;173;'-13;118;154;124;116;121;686;0;0;3.413;96.9;0.108;4.857;0;3;3300;3300
db_buhler_1_dsp;;1,5968E+18;16.66;1596.5;986; OK;0;1020;194928;34;2.7;2.9;2.7;2.7;14/07/2020 16:04;5.15;1.82;1.24;31;3.23;2.14;28.5;12.61;4.66;8.47;dsp_parametros_60.txt;1044;1010;38;29;58.1;40.9;62.6;22079;6.66;1853;628;53.2;186085;0;766;176;168;3.99;750;191;75;29.88;12.07;0.99;19;data;171;'-13;117;152;122;112;118;685;0;0;3.602;97.5;0.107;4.556;0;3;3300;3300
db_buhler_1_dsp;;1,5968E+18;16.57;1596.4;986; OK;0;1022;194938;34;2.7;2.9;2.7;2.6;14/07/2020 16:20;5.15;1.82;1.24;30;3.23;2.07;27.94;12.62;4.47;8.48;dsp_parametros_60.txt;1045;1011;38;29;58;42.2;63.9;22030;6.72;1863;629;53.3;186095;0;767;176;168;4;750;192;61;29.64;12.14;0.99;29;data;172;'-13;118;153;123;114;120;688;0;0;3.41;96.8;0.108;4.464;0;3;3300;3300
db_buhler_1_dsp;;1,5968E+18;16.55;1596.4;986; OK;0;1022;194961;35;2.7;2.9;2.7;2.5;14/07/2020 16:57;5.15;1.82;1.25;28;3.23;2.03;28.18;12.6;4.49;8.43;dsp_parametros_60.txt;1047;1012;39;30;57.6;40.1;63.9;22107;6.68;1886;630;53.2;186118;0;766;176;168;3.99;750;190;62;29.96;12.08;0.98;52;data;173;'-13;118;154;124;116;121;688;0;0;3.422;97;0.108;4.891;0;3;3300;3300
db_buhler_1_dsp;;1,5968E+18;16.1;1596.2;986; OK;0;1022;195012;32;2.9;3;2.8;2.8;16/07/2020 07:22;5.15;1.8;1.26;31;3.25;2.21;28.14;12.62;4.64;8.46;dsp_parametros_60.txt;1044;1012;34;25;58.3;41.5;62.2;22070;6.64;1937;630;53.2;186169;0;761;170;162;3.99;750;192;63;29.62;12.05;1.01;47;data;170;'-13;117;151;122;112;118;685;0;0;3.576;97;0.108;4.528;0;3;3300;3300
db_buhler_1_dsp;;1,5968E+18;16.24;1596.5;986; OK;0;1022;194937;34;2.8;3;2.8;2.7;14/07/2020 16:18;5.15;1.82;1.24;29;3.23;2.08;28.02;12.61;4.5;8.66;dsp_parametros_60.txt;1046;1012;40;31;58.6;41;62.4;22064;6.68;1862;630;53.3;186094;0;765;176;169;4;750;195;61;29.66;12.1;0.99;28;data;172;'-13;118;153;123;114;120;688;0;0;3.441;97;0.108;4.722;0;3;3300;3300
db_buhler_1_dsp;;1,5968E+18;16.23;1596.4;987; OK;0;1024;194962;34;2.7;2.9;2.7;2.6;14/07/2020 16:59;5.15;1.83;1.24;27;3.23;2.02;28.36;12.62;4.49;8.63;dsp_parametros_60.txt;1048;1014;40;30;56.8;40.2;63.4;22077;6.66;1887;632;53.2;186119;0;766;176;168;3.99;751;194;60;29.86;12.07;0.99;53;data;173;'-13;118;154;124;116;121;688;0;0;3.427;97.3;0.108;4.703;0;3;3300;3300
db_buhler_1_dsp;;1,5968E+18;16.36;1596.5;986; OK;0;1022;194945;34;2.7;2.8;2.6;2.5;14/07/2020 16:31;5.15;1.85;1.24;29;3.22;2.06;28.18;12.62;4.48;8.73;dsp_parametros_60.txt;1046;1012;39;30;57.1;42.1;62.6;22096;6.72;1870;630;53.3;186102;0;766;176;168;4;749;191;61;29.94;12.13;0.99;36;data;172;'-13;117;153;124;115;120;688;0;0;3.416;97.4;0.108;4.774;0;3;3300;3300
db_buhler_1_dsp;;1,5968E+18;16.38;1596.4;986; OK;0;1022;194953;34;2.7;2.9;2.7;2.6;14/07/2020 16:44;5.15;1.84;1.25;29;3.24;2.05;28.2;12.61;4.54;8.65;dsp_parametros_60.txt;1046;1012;38;29;56.7;41.8;63.4;22120;6.66;1878;630;53.3;186110;0;766;176;168;4;750;191;61;29.62;12.09;0.99;44;data;172;'-13;118;153;124;115;121;683;0;0;3.489;97;0.108;4.699;0;3;3300;3300
db_buhler_1_dsp;;1,5968E+18;15.99;1596.2;986; OK;0;1022;194993;33;2.9;3.1;2.8;2.9;16/07/2020 06:51;5.15;1.66;1.2;30;3.29;2.49;27.64;12.62;4.77;8.44;dsp_parametros_60.txt;1045;1012;30;21;55.6;41.1;63.1;22012;6.76;1918;630;53.2;186150;0;756;169;162;3.99;751;190;62;30.2;12.2;1.03;28;data;168;'-13;115;150;119;110;115;688;0;0;3.709;97.2;0.108;4.937;0;3;3300;3300
db_buhler_1_dsp;;1,5968E+18;16.47;1596.4;986; OK;0;1022;194954;34;2.7;2.9;2.7;2.6;14/07/2020 16:46;5.15;1.86;1.25;29;3.23;2.04;28.14;12.61;4.47;8.42;dsp_parametros_60.txt;1046;1012;39;30;57.3;42.1;61.7;22071;6.7;1879;630;53.3;186111;0;766;176;168;4;750;192;61;29.86;12.1;0.99;45;data;172;'-13;117;153;124;115;121;683;0;0;3.407;97.2;0.108;4.64;0;3;3300;3300
db_buhler_1_dsp;;1,5968E+18;16.46;1596.4;986; OK;0;1022;194948;33;2.7;2.9;2.7;2.6;14/07/2020 16:36;5.15;1.83;1.25;31;3.22;2.05;28.28;12.62;4.46;8.44;dsp_parametros_60.txt;1044;1011;41;32;57.7;41.1;63.2;22027;6.7;1873;629;53.3;186105;0;766;176;168;4;750;190;62;30.22;12.12;0.99;39;data;172;'-13;118;154;124;115;121;682;0;0;3.408;97.5;0.108;4.292;0;3;3300;3300
db_buhler_1_dsp;;1,5968E+18;16.62;1596.4;986; OK;0;1022;194955;34;2.6;2.8;2.6;2.5;14/07/2020 16:48;5.15;1.84;1.25;29;3.23;2.02;28.22;12.62;4.48;8.41;dsp_parametros_60.txt;1046;1012;40;31;58.4;40;63.8;22057;6.66;1880;630;53.3;186112;0;766;176;168;4;750;190;62;29.66;12.07;0.99;46;data;172;'-13;118;153;124;115;121;684;0;0;3.422;96.9;0.108;4.53;0;3;3300;3300
db_buhler_1_dsp;;1,5968E+18;16.58;1596.4;986; OK;0;1021;194957;34;2.8;3;2.7;2.6;14/07/2020 16:51;5.15;1.84;1.25;30;3.23;2.04;28.2;12.61;4.56;8.51;dsp_parametros_60.txt;1045;1011;39;30;57.9;39.4;62.6;22560;6.78;1882;629;53.3;186114;0;765;176;168;4;750;195;60;30.26;12.21;1;48;data;172;'-13;118;153;124;115;121;685;0;0;3.499;97.9;0.108;4.665;0;3;3300;3300
db_buhler_1_dsp;;1,5968E+18;13.54;1596.3;930;BAD;0;1020;194968;23;2.9;3;3;3;16/07/2020 04:59;5.15;1.52;1.16;33;3.36;3.77;26.24;12.61;5.46;7.81;dsp_parametros_60.txt;1042;1019;0;0;0;0;0;21903;16.78;1893;637;25.7;186125;0;291;169;161;1.93;250;191;50;29.54;22.33;1.1;3;data;86;'-13;58;90;75;54;60;685;0;0;4.405;105.7;0.202;5.48;0;3;3300;3300
db_buhler_1_dsp;;1,5968E+18;15.86;1596.2;986; OK;0;1021;194997;33;2.9;3;2.8;2.8;16/07/2020 06:58;5.15;1.73;1.25;31;3.28;2.44;27.46;12.62;4.76;8.42;dsp_parametros_60.txt;1044;1011;31;22;56.9;40.3;64.5;22123;6.72;1922;629;53.2;186154;0;757;169;162;3.99;751;190;62;29.94;12.14;1.02;32;data;168;'-13;115;150;120;110;115;682;0;0;3.708;96.7;0.108;4.696;0;3;3300;3300
db_buhler_1_dsp;;1,5968E+18;16.75;1596.5;987; OK;0;1020;194926;37;2.8;3;2.7;2.7;14/07/2020 16:01;5.15;1.82;1.24;31;3.25;2.15;28.26;12.61;4.74;8.45;dsp_parametros_60.txt;1044;1007;38;29;56.5;41.6;62.6;22060;6.68;1851;625;53;186083;0;764;175;168;3.98;751;190;84;29.6;12.11;1;17;data;171;'-13;117;152;122;112;117;685;0;0;3.68;97.2;0.107;4.812;0;3;3300;3300
db_buhler_1_dsp;;1,5968E+18;16.68;1596.5;986; OK;0;1020;194943;33;2.8;3;2.8;2.7;14/07/2020 16:28;5.14;1.84;1.24;31;3.24;2.07;28.22;12.61;4.48;8.67;dsp_parametros_60.txt;1044;1011;38;29;56.1;41.4;62.7;22054;6.68;1868;629;53.4;186100;0;767;176;168;4;750;193;61;29.68;12.09;0.99;34;data;172;'-13;118;153;124;115;120;688;0;0;3.414;97.1;0.108;4.524;0;3;3300;3300
db_buhler_1_dsp;;1,5968E+18;16.6;1596.4;986; OK;0;1022;194965;34;2.7;2.9;2.6;2.5;14/07/2020 17:04;5.15;1.84;1.24;29;3.23;2.02;28.3;12.61;4.45;8.41;dsp_parametros_60.txt;1046;1012;40;31;57.8;39.4;63.3;22002;6.66;1890;630;53.3;186122;0;767;176;168;4;750;189;61;29.62;12.06;0.99;56;data;173;'-13;118;155;125;116;122;688;0;0;3.387;96.7;0.108;4.56;0;3;3300;3300
db_buhler_1_dsp;;1,5968E+18;16.35;1596.5;986; OK;0;1022;194944;35;2.7;2.9;2.7;2.6;14/07/2020 16:30;5.15;1.82;1.24;29;3.23;2.03;28.46;12.61;4.45;8.47;dsp_parametros_60.txt;1046;1011;38;29;58;41.5;62;22020;6.72;1869;629;53.3;186101;0;767;176;168;3.99;750;191;63;29.7;12.12;0.99;35;data;172;'-13;118;153;124;115;120;689;0;0;3.396;97.3;0.108;4.661;0;3;3300;3300
db_buhler_1_dsp;;1,5968E+18;14.38;1596.4;987; OK;0;1022;195340;34;2.7;2.9;2.7;2.6;18/07/2020 14:05;5.15;1.82;1.25;29;3.19;2.09;26.2;12.62;4.53;8.34;dsp_parametros_60.txt;1046;1012;38;29;55.3;39;58.6;22044;6.66;2265;630;52.9;186497;0;766;176;169;3.97;750;190;70;29.88;12.01;3.03;79;data;168;'-13;136;53;'-6;126;120;683;0;0;3.469;96.9;0.108;4.435;0;3;3300;3300
db_buhler_1_dsp;;1,5968E+18;14.48;1596.4;987; OK;0;1022;195334;34;2.7;2.9;2.8;2.7;18/07/2020 13:56;5.15;1.82;1.24;29;3.19;2.12;26.04;12.62;4.5;8.47;dsp_parametros_60.txt;1046;1012;38;30;53.7;39.9;59.7;21980;6.66;2259;630;53;186491;0;767;176;169;3.98;750;192;70;29.92;12;3.09;73;data;167;'-13;135;53;'-6;125;119;683;0;0;3.44;97;0.108;4.529;0;3;3300;3300
db_buhler_1_dsp;;1,5968E+18;14.14;1596.2;986; OK;0;1021;195194;33;1.4;1.7;1.4;1.3;18/07/2020 06:54;5.15;1.62;1.11;32;3.23;2.59;26.36;12.62;4.76;8.3;dsp_parametros_60.txt;1043;1010;34;26;54.3;39.6;57.5;22091;6.88;2119;628;52.9;186351;0;757;171;163;3.97;748;189;75;29.92;12.27;3.14;27;data;165;'-13;135;38;'-6;120;114;683;0;0;3.7;97.7;0.108;4.661;0;3;3300;3300
db_buhler_1_dsp;;1,5968E+18;14.38;1596.2;987; OK;0;1021;195203;33;1.5;1.8;1.5;1.4;18/07/2020 07:09;5.15;1.63;1.19;32;3.22;2.37;26.28;12.62;4.72;8.32;dsp_parametros_60.txt;1043;1010;36;28;55;39.2;58;22173;6.7;2128;628;52.9;186360;0;760;171;163;3.96;751;191;73;29.88;12.08;3.1;36;data;165;'-13;135;40;'-6;121;115;680;0;0;3.67;97.5;0.108;4.696;0;3;3300;3300
db_buhler_1_dsp;;1,5968E+18;14.29;1596.1;987; OK;0;1021;195220;33;1.4;1.6;1.4;1.2;18/07/2020 07:36;5.15;1.76;1.25;31;3.22;2.26;26.02;12.61;4.66;8.45;dsp_parametros_60.txt;1044;1011;37;29;54.6;40.1;58.6;22061;6.82;2145;629;53.1;186377;0;762;171;164;3.98;752;192;72;29.92;12.17;3.12;53;data;166;'-13;136;43;'-6;122;117;680;0;0;3.607;97.3;0.107;4.64;0;3;3300;3300
db_buhler_1_dsp;;1,5968E+18;14.34;1596.2;987; OK;0;1021;195238;33;1.5;1.7;1.5;1.3;18/07/2020 08:06;5.15;1.76;1.24;32;3.19;2.18;25.92;12.62;4.6;8.75;dsp_parametros_60.txt;1043;1010;38;30;54.4;38.8;58.5;22072;6.84;2163;628;53;186395;0;763;172;164;3.97;750;192;73;29.64;12.19;3.12;71;data;165;'-13;135;47;'-6;123;117;676;0;0;3.537;97.2;0.108;4.448;0;3;3300;3300
db_buhler_1_dsp;;1,5968E+18;15.29;1596.5;990;LOK;0;1024;195117;34;2.6;2.9;2.6;2.7;16/07/2020 13:48;5.15;1.77;1.26;29;3.27;2.44;26.28;12.62;4.81;8.65;dsp_parametros_60.txt;1046;1012;36;28;57.5;40.7;62.9;22017;6.82;2042;630;52.4;186274;0;758;172;165;3.93;750;189;67;30.16;12.23;1.03;5;data;169;'-13;112;147;128;102;108;686;0;0;3.756;96.2;0.108;4.492;0;3;3300;3300
db_buhler_1_dsp;;1,5968E+18;14.24;1596.4;986; OK;0;1022;195297;34;2.9;3.1;3;3;18/07/2020 12:56;5.15;1.69;1.24;29;3.21;2.16;26.36;12.62;4.58;8.35;dsp_parametros_60.txt;1046;1012;37;29;55.2;39;59.2;22076;6.68;2222;630;52.9;186454;0;766;175;168;3.97;751;192;69;29.58;12.02;3.1;36;data;168;'-13;136;51;'-6;124;118;683;0;0;3.521;97.1;0.108;4.66;0;3;3300;3300
db_buhler_1_dsp;;1,5968E+18;14.38;1596.2;987; OK;0;1021;195249;33;1.4;1.7;1.5;1.3;18/07/2020 08:24;5.15;1.79;1.25;31;3.19;2.17;26.14;12.6;4.57;8.63;dsp_parametros_60.txt;1044;1011;38;29;54.7;39.6;58.7;22080;6.72;2174;629;53;186406;0;764;172;164;3.98;749;191;72;29.88;12.08;3.05;82;data;165;'-13;135;48;'-6;123;118;675;0;0;3.501;97.5;0.107;4.456;0;3;3300;3300
db_buhler_1_dsp;;1,5968E+18;14.43;1596.4;987; OK;0;1022;195296;34;2.7;2.9;2.8;2.8;18/07/2020 12:54;5.15;1.81;1.25;29;3.2;2.15;26.02;12.61;4.59;8.39;dsp_parametros_60.txt;1046;1012;37;28;52.6;40.5;59.5;22023;6.6;2221;630;53;186453;0;764;175;168;3.97;750;191;70;29.94;11.96;3.05;35;data;168;'-13;136;51;'-6;124;118;683;0;0;3.531;96.9;0.108;4.581;0;3;3300;3300
db_buhler_1_dsp;;1,5968E+18;16.59;1596.2;986; OK;0;1021;195082;34;2.9;2.9;2.7;2.6;16/07/2020 09:29;5.15;1.85;1.25;31;3.23;2.05;28.2;12.61;4.54;7.88;dsp_parametros_60.txt;1044;1010;39;30;58.2;41.6;62.8;20893;6.66;2007;628;53.2;186239;0;764;172;165;3.99;750;195;62;29.96;12.08;1;117;data;172;'-13;118;153;123;115;121;687;0;0;3.481;97;0.108;4.64;0;3;3300;3300
db_buhler_1_dsp;;1,5968E+18;16.43;1596.2;987; OK;0;1022;195072;34;2.9;3;2.8;2.6;16/07/2020 09:13;5.15;1.83;1.24;29;3.23;2.08;28.54;12.62;4.57;7.91;dsp_parametros_60.txt;1046;1012;38;29;57.2;41.2;62.9;21428;6.68;1997;630;53.1;186229;0;764;172;164;3.98;749;192;64;29.9;12.09;1.01;107;data;172;'-13;118;153;123;115;120;683;0;0;3.52;97.2;0.108;4.694;0;3;3300;3300
db_buhler_1_dsp;;1,5968E+18;16.62;1596.2;986; OK;0;1020;195076;34;2.9;3;2.8;2.7;16/07/2020 09:19;5.15;1.85;1.25;31;3.24;2.04;28.38;12.61;4.6;7.89;dsp_parametros_60.txt;1044;1010;39;30;57;41.2;62.9;20941;6.72;2001;628;53.2;186233;0;763;172;164;3.99;749;192;63;30.18;12.13;1;111;data;172;'-13;118;153;123;115;121;685;0;0;3.537;97.4;0.107;4.803;0;3;3300;3300
db_buhler_1_dsp;;1,5968E+18;16.72;1596.4;985; OK;0;1020;195143;34;2.7;2.9;2.6;2.6;16/07/2020 14:30;5.14;1.81;1.25;32;3.24;2.11;28.24;12.61;4.58;8.43;dsp_parametros_60.txt;1043;1009;39;30;56.5;40.8;63.2;22047;6.74;2068;627;53.2;186300;0;764;173;166;3.99;750;190;64;29.9;12.17;1;31;data;172;'-13;117;152;123;114;119;686;0;0;3.518;97.5;0.107;4.774;0;3;3300;3300
db_buhler_1_dsp;;1,5968E+18;13.9;1596.2;986; OK;0;1020;195176;33;1.2;1.7;1.4;1.5;18/07/2020 06:25;5.15;1.6;1.13;32;3.31;3.33;26.14;12.62;4.88;8.25;dsp_parametros_60.txt;1043;1010;29;22;54.2;39.6;58.5;22006;6.64;2101;628;52.9;186333;0;755;171;164;3.96;747;191;76;29.62;12.09;3.17;9;data;155;'-13;136;34;'-6;110;105;685;0;0;3.812;97.1;0.108;4.759;0;3;3300;3300
db_buhler_1_dsp;;1,5968E+18;14.39;1596.2;988; OK;0;1022;195231;32;1.5;1.8;1.5;1.3;18/07/2020 07:54;5.15;1.76;1.25;31;3.2;2.2;25.98;12.62;4.63;8.39;dsp_parametros_60.txt;1044;1012;37;29;55.5;40.3;58.5;22089;6.72;2156;630;53;186388;0;762;171;164;3.97;750;196;74;30.16;12.06;3.14;64;data;166;'-13;135;46;'-6;123;117;681;0;0;3.576;97.3;0.108;4.457;0;3;3300;3300
db_buhler_1_dsp;;1,5968E+18;14.27;1596.1;987; OK;0;1022;195211;33;1.4;1.7;1.5;1.3;18/07/2020 07:22;5.15;1.64;1.2;31;3.21;2.31;26.32;12.61;4.7;8.37;dsp_parametros_60.txt;1044;1011;37;29;53.1;39.3;59.5;22089;6.82;2136;629;53;186368;0;761;171;163;3.97;750;189;72;29.94;12.17;3.05;44;data;165;'-13;135;41;'-6;122;116;680;0;0;3.63;97.5;0.108;4.47;0;3;3300;3300
db_buhler_1_dsp;;1,5968E+18;14.25;1596.5;987; OK;0;1022;195276;34;2.6;2.8;2.7;2.7;18/07/2020 12:22;5.14;1.77;1.24;29;3.22;2.24;25.88;12.61;4.63;8.69;dsp_parametros_60.txt;1046;1012;37;28;54.5;40.3;58.7;21997;6.66;2201;630;52.9;186433;0;763;174;168;3.97;749;192;72;29.9;12;3.13;15;data;166;'-13;135;49;'-6;120;115;684;0;0;3.57;97.2;0.108;4.585;0;3;3300;3300
db_buhler_1_dsp;;1,5968E+18;14.52;1596.5;987; OK;0;1023;195412;33;2.7;2.9;2.7;2.6;18/07/2020 16:13;5.14;1.81;1.25;29;3.2;2.1;26.14;12.61;4.48;8.34;dsp_parametros_60.txt;1046;1013;39;30;53.6;38.1;60.6;22114;6.66;2337;631;53;186569;0;766;178;171;3.97;750;195;71;29.6;12.01;3.06;151;data;167;'-13;135;56;'-6;126;120;672;0;0;3.426;96.8;0.108;4.362;0;3;3300;3300
db_buhler_1_dsp;;1,5968E+18;16.55;1596.4;986; OK;0;1021;195157;33;2.8;3;2.7;2.6;16/07/2020 14:53;5.15;1.83;1.25;31;3.23;2.03;28.46;12.62;4.58;8.65;dsp_parametros_60.txt;1044;1011;37;28;56.9;40.8;62.6;22114;6.72;2082;629;53.2;186314;0;765;173;166;3.99;750;190;62;29.34;12.14;0.99;45;data;171;'-13;117;152;123;114;120;681;0;0;3.515;97.3;0.108;4.499;0;3;3300;3300
db_buhler_1_dsp;;1,5968E+18;14.42;1596.5;987; OK;0;1022;195378;33;2.7;2.9;2.7;2.6;18/07/2020 15:07;5.15;1.83;1.24;30;3.19;2.07;26.1;12.62;4.45;8.36;dsp_parametros_60.txt;1045;1012;39;30;53.7;39.2;59.4;22027;6.7;2303;630;53.1;186535;0;767;177;170;3.98;750;191;70;29.62;12.04;3.06;117;data;168;'-13;136;55;'-6;125;120;673;0;0;3.401;96.7;0.108;4.341;0;3;3300;3300
db_buhler_1_dsp;;1,5968E+18;14.38;1596.1;986; OK;0;1021;195205;33;1.4;1.7;1.5;1.3;18/07/2020 07:12;5.15;1.65;1.2;32;3.23;2.36;26.24;12.61;4.7;8.39;dsp_parametros_60.txt;1043;1010;36;28;55;39.4;59.5;22109;6.72;2130;628;53;186362;0;760;171;163;3.97;750;193;72;29.92;12.08;3.11;38;data;165;'-13;136;40;'-6;121;115;680;0;0;3.648;97.4;0.108;4.614;0;3;3300;3300
db_buhler_1_dsp;;1,5968E+18;14.19;1596.1;986; OK;0;1019;195197;33;1.4;1.8;1.5;1.4;18/07/2020 06:59;5.15;1.59;1.19;33;3.24;2.52;26.2;12.62;4.78;8.4;dsp_parametros_60.txt;1042;1009;35;27;52.9;39.4;59.3;22148;6.74;2122;627;52.9;186354;0;758;170;163;3.96;751;193;75;29.64;12.12;3.13;30;data;165;'-13;135;39;'-6;120;115;683;0;0;3.715;97.2;0.107;4.648;0;3;3300;3300
db_buhler_1_dsp;;1,5968E+18;14.53;1596.4;987; OK;0;1021;195298;33;2.9;3.1;2.9;2.9;18/07/2020 12:57;5.15;1.81;1.25;31;3.19;2.12;25.96;12.62;4.56;8.34;dsp_parametros_60.txt;1044;1011;38;30;53.7;41.1;59.3;22125;6.7;2223;629;53;186455;0;766;175;168;3.97;750;191;69;29.56;12.03;3.09;37;data;168;'-13;135;51;'-6;125;119;683;0;0;3.498;96.5;0.108;4.432;0;3;3300;3300
db_buhler_1_dsp;;1,5968E+18;14.28;1596.4;986; OK;0;1020;195352;33;2.7;2.9;2.7;2.7;18/07/2020 14:25;5.15;1.83;1.24;32;3.18;2.1;26.16;12.62;4.54;8.34;dsp_parametros_60.txt;1043;1010;39;30;55.5;40;59;22009;6.7;2277;628;53.1;186509;0;767;177;170;3.98;749;192;72;29.54;12.05;3.03;91;data;168;'-13;135;54;'-6;126;120;678;0;0;3.479;96.6;0.108;4.356;0;3;3300;3300
db_buhler_1_dsp;;1,5968E+18;14.25;1596.5;987; OK;0;1022;195370;33;2.8;3;2.9;2.7;18/07/2020 14:54;5.15;1.77;1.24;30;3.19;2.1;25.84;12.62;4.55;8.35;dsp_parametros_60.txt;1045;1012;39;30;55.1;39.4;60.5;22039;6.66;2295;630;53;186527;0;766;177;170;3.98;752;190;70;29.6;12.02;3.07;109;data;168;'-13;136;55;'-6;126;120;681;0;0;3.482;96.4;0.108;4.35;0;3;3300;3300
db_buhler_1_dsp;;1,5968E+18;14.48;1596.2;988; OK;0;1023;195649;33;2.8;2.7;2.6;2.4;21/07/2020 06:59;5.11;1.8;1.24;29;3.2;2.17;26.16;12.62;4.54;8.66;dsp_parametros_60.txt;1046;1013;45;36;54.7;40.4;58.1;22024;6.68;2574;631;53.1;186806;0;755;172;164;3.98;740;193;71;30.22;12.03;3.05;49;data;167;'-13;135;42;'-6;130;120;681;0;0;3.477;97.7;0.108;4.657;0;3;3300;3300
db_buhler_1_dsp;;1,5968E+18;15.81;1596.5;986; OK;0;1023;195118;35;2.6;2.9;2.6;2.8;16/07/2020 13:50;5.15;1.64;1.25;28;3.27;2.41;27.28;12.62;4.7;8.46;dsp_parametros_60.txt;1047;1012;37;29;57.4;41;62.9;22072;6.7;2043;630;53;186275;0;758;172;165;3.97;750;191;65;29.92;12.13;1.03;6;data;168;'-11;114;147;123;104;109;686;0;0;3.639;96.6;0.108;4.768;0;3;3300;3300
db_buhler_1_dsp;;1,5968E+18;16.46;1596.4;986; OK;0;1022;195164;32;2.7;2.9;2.7;2.6;16/07/2020 15:04;5.15;1.84;1.25;31;3.23;2.04;28.42;12.62;4.51;8.44;dsp_parametros_60.txt;1044;1012;38;29;58.3;39.7;62.3;22050;6.72;2089;630;53.2;186321;0;767;173;166;3.99;750;190;63;30.2;12.12;0.99;52;data;171;'-13;117;153;123;115;120;681;0;0;3.461;97.7;0.108;4.297;0;3;3300;3300
db_buhler_1_dsp;;1,5968E+18;14.09;1596.3;986; OK;0;1023;195618;33;2.8;2.9;2.7;2.7;21/07/2020 06:08;5.11;1.64;1.25;29;3.23;2.51;26.26;12.61;4.7;8.58;dsp_parametros_60.txt;1046;1013;40;32;54.4;40;58.7;22036;6.68;2543;631;53;186775;0;749;172;164;3.97;740;192;72;29.9;12.05;3.08;18;data;165;'-13;133;35;'-6;126;115;686;0;0;3.644;97.5;0.109;4.637;0;3;3300;3300
db_buhler_1_dsp;;1,5968E+18;14.2;1596.5;987; OK;0;1022;195585;33;2.8;3.1;2.8;2.9;20/07/2020 11:25;5.11;1.78;1.24;30;3.19;2.22;25.94;12.62;4.54;8.34;dsp_parametros_60.txt;1045;1012;36;27;53.3;39.5;59.3;22071;6.7;2510;630;52.9;186742;0;755;174;167;3.97;740;190;71;29.92;12.06;3.02;130;data;165;'-13;134;49;'-6;126;115;678;0;0;3.484;96.8;0.108;4.536;0;3;3300;3300
db_buhler_1_dsp;;1,5968E+18;14.4;1596.4;987; OK;0;1022;195323;33;2.7;2.9;2.8;2.7;18/07/2020 13:38;5.15;1.81;1.24;30;3.19;2.13;26.2;12.61;4.55;8.35;dsp_parametros_60.txt;1045;1012;38;29;54.8;40.2;58.5;22069;6.64;2248;630;53;186480;0;767;176;169;3.98;751;190;70;29.9;11.99;3.11;62;data;168;'-13;135;52;'-6;125;119;681;0;0;3.493;97.3;0.108;4.327;0;3;3300;3300
db_buhler_1_dsp;;1,5968E+18;14.36;1596.3;988; OK;0;1022;195564;32;2.8;2.9;2.6;2.5;20/07/2020 08:48;5.15;1.81;1.24;31;3.19;2.17;26.4;12.62;4.51;8.42;dsp_parametros_60.txt;1044;1012;39;31;54.6;40.6;60.8;22075;6.72;2489;630;53.1;186721;0;764;172;165;3.98;750;193;73;29.56;12.07;3.05;109;data;167;'-13;135;48;'-6;130;118;673;0;0;3.451;97;0.108;4.305;0;3;3300;3300
db_buhler_1_dsp;;1,5968E+18;14.21;1596.5;987; OK;0;1023;195384;34;2.7;2.9;2.7;2.7;18/07/2020 15:27;5.15;1.8;1.25;29;3.19;2.12;25.84;12.62;4.54;8.36;dsp_parametros_60.txt;1046;1012;39;30;54.2;39.5;58.2;21990;6.72;2309;630;53;186541;0;766;178;171;3.97;750;192;69;29.84;12.08;3.09;123;data;168;'-13;135;56;'-6;123;119;673;0;0;3.473;96.7;0.109;4.45;0;3;3300;3300
db_buhler_1_dsp;;1,5968E+18;13.99;1596.2;986; OK;0;1020;195180;32;1.3;1.7;1.4;1.4;18/07/2020 06:32;5.15;1.6;1.13;33;3.28;3.22;26.04;12.62;4.87;8.24;dsp_parametros_60.txt;1042;1010;31;23;55.5;38.9;58.4;21963;6.64;2105;628;53;186337;0;755;171;163;3.97;751;190;73;29.94;12.05;3.13;13;data;155;'-13;135;36;'-6;115;109;684;0;0;3.804;97.2;0.108;4.486;0;3;3300;3300
db_buhler_1_dsp;;1,5968E+18;14.21;1596.3;987; OK;0;1023;195621;33;2.8;2.8;2.7;2.6;21/07/2020 06:13;5.11;1.58;1.25;29;3.23;2.42;25.92;12.61;4.7;8.38;dsp_parametros_60.txt;1046;1013;40;32;54;40.5;59.7;22039;6.64;2546;631;52.9;186778;0;750;172;165;3.97;740;191;74;29.88;12;3.11;21;data;166;'-13;133;36;'-6;127;116;686;0;0;3.631;96.9;0.108;4.672;0;3;3300;3300
db_buhler_1_dsp;;1,5968E+18;14.26;1596.3;987; OK;0;1022;195623;32;2.8;2.8;2.7;2.6;21/07/2020 06:16;5.11;1.71;1.26;31;3.23;2.38;25.96;12.61;4.67;8.35;dsp_parametros_60.txt;1044;1012;41;32;54.6;40.3;59.8;22046;6.64;2548;630;53;186780;0;749;172;165;3.97;740;194;72;29.92;12.02;3.08;23;data;167;'-13;134;36;'-6;127;117;688;0;0;3.607;97;0.108;4.414;0;3;3300;3300
db_buhler_1_dsp;;1,5968E+18;15.45;1596.2;986; OK;0;1021;194995;33;2.8;3;2.8;2.8;16/07/2020 06:54;5.15;1.74;1.25;31;3.29;2.5;27.64;12.62;4.78;8.42;dsp_parametros_60.txt;1044;1011;30;22;55.9;40;63.8;22019;6.7;1920;629;53.2;186152;0;755;169;162;3.99;750;191;63;29.94;12.12;1.02;30;data;168;'-13;115;150;120;110;115;685;0;0;3.716;96.9;0.108;4.842;0;3;3300;3300
db_buhler_1_dsp;;1,5968E+18;14.48;1596.5;987; OK;0;1024;195443;33;2.7;2.9;2.8;2.6;18/07/2020 17:03;5.15;1.83;1.25;28;3.19;2.1;26.16;12.62;4.46;8.38;dsp_parametros_60.txt;1047;1014;40;31;54.4;39.6;60;22038;6.68;2368;632;53.1;186600;0;768;178;170;3.98;750;192;70;29.62;12.02;3.03;182;data;168;'-13;136;57;'-6;126;120;672;0;0;3.398;96.6;0.109;4.421;0;3;3300;3300
db_buhler_1_dsp;;1,5968E+18;14.32;1596.2;987; OK;0;1021;195201;33;1.4;1.8;1.5;1.4;18/07/2020 07:06;5.15;1.61;1.1;31;3.22;2.42;26.26;12.62;4.74;8.56;dsp_parametros_60.txt;1044;1011;35;27;53.1;38.9;60.1;22034;6.64;2126;629;52.9;186358;0;759;171;163;3.97;751;192;73;29.92;12.03;3.09;34;data;165;'-13;135;40;'-6;121;115;680;0;0;3.678;97.6;0.108;4.72;0;3;3300;3300
db_buhler_1_dsp;;1,5968E+18;14.34;1596.4;987; OK;0;1022;195355;34;2.8;3;2.8;2.7;18/07/2020 14:30;5.15;1.81;1.25;29;3.19;2.11;26.12;12.62;4.45;8.39;dsp_parametros_60.txt;1046;1012;38;29;54.8;40.2;59.1;22028;6.78;2280;630;53;186512;0;768;177;170;3.98;750;191;69;30.18;12.14;3.03;94;data;168;'-13;135;54;'-7;126;119;678;0;0;3.386;97.3;0.108;4.493;0;3;3300;3300
db_buhler_1_dsp;;1,5968E+18;14.33;1596.2;987; OK;0;1021;195214;32;1.3;1.7;1.4;1.2;18/07/2020 07:27;5.15;1.75;1.24;33;3.21;2.28;26.08;12.61;4.66;8.67;dsp_parametros_60.txt;1042;1010;38;30;53.5;39;58.9;22070;6.76;2139;628;53;186371;0;762;171;163;3.97;750;190;73;29.92;12.11;3.11;47;data;165;'-13;134;41;'-6;122;116;680;0;0;3.601;97.6;0.107;4.231;0;3;3300;3300
db_buhler_1_dsp;;1,5968E+18;14.47;1596.5;987; OK;0;1023;195433;34;2.7;2.9;2.8;2.6;18/07/2020 16:46;5.15;1.82;1.25;28;3.18;2.05;26.24;12.61;4.49;8.32;dsp_parametros_60.txt;1047;1013;40;31;54.8;39.4;59.8;22037;6.64;2358;631;53;186590;0;770;178;171;3.98;750;190;70;29.58;11.97;3.04;172;data;168;'-13;135;56;'-6;126;120;675;0;0;3.423;96.7;0.108;4.552;0;3;3300;3300
db_buhler_1_dsp;;1,5968E+18;16.53;1596.2;985; OK;0;1020;195018;34;2.9;2.9;2.8;2.7;16/07/2020 07:32;5.15;1.83;1.25;32;3.26;2.19;28.18;12.62;4.57;8.47;dsp_parametros_60.txt;1043;1009;35;26;56.8;41.8;63.2;22084;6.66;1943;627;53.3;186175;0;762;170;162;4;751;190;62;29.62;12.07;1;53;data;170;'-13;116;152;122;113;118;688;0;0;3.519;97;0.108;4.775;0;3;3300;3300
db_buhler_1_dsp;;1,5968E+18;14.2;1596.2;986; OK;0;1022;195478;32;2.8;2.9;2.7;2.7;20/07/2020 06:28;5.15;1.66;1.19;31;3.25;2.6;26.22;12.6;4.76;8.35;dsp_parametros_60.txt;1044;1012;35;27;53.3;38.5;59.9;22070;6.66;2403;630;53;186635;0;757;170;163;3.98;750;193;71;29.96;12.06;3.09;23;data;164;'-13;135;34;'-6;119;113;686;0;0;3.691;97.5;0.108;4.534;0;3;3300;3300
db_buhler_1_dsp;;1,5968E+18;14.03;1596.3;987; OK;0;1023;195608;33;2.7;2.8;2.7;2.6;21/07/2020 05:52;5.11;1.64;1.2;29;3.25;2.72;26.24;12.61;4.78;8.35;dsp_parametros_60.txt;1046;1013;39;31;55.6;39.5;59.8;21998;6.66;2533;631;53;186765;0;746;171;165;3.97;733;192;73;29.96;12.07;3.07;8;data;164;'-13;132;33;'-6;121;111;686;0;0;3.718;97.4;0.109;4.661;0;3;3300;3300
db_buhler_1_dsp;;1,5968E+18;14.7;1596.2;986; OK;0;1020;195544;33;2.8;2.8;2.5;2.4;20/07/2020 08:15;5.15;1.8;1.24;32;3.2;2.15;25.92;12.62;4.53;8.33;dsp_parametros_60.txt;1043;1010;37;28;55.4;41.2;60;21998;6.68;2469;628;53.1;186701;0;764;172;164;3.98;750;190;70;29.7;12.03;3.11;89;data;166;'-13;135;46;'-6;130;118;675;0;0;3.466;96.8;0.108;4.706;0;3;3300;3300
db_buhler_1_dsp;;1,5968E+18;14.45;1596.2;987; OK;0;1022;195501;32;2.8;2.9;2.7;2.6;20/07/2020 07:06;5.15;1.76;1.24;31;3.21;2.29;26.12;12.61;4.66;8.36;dsp_parametros_60.txt;1044;1012;37;29;54.7;39.7;59.8;22070;6.66;2426;630;53;186658;0;762;171;163;3.97;751;194;70;29.66;12;3.07;46;data;166;'-13;135;39;'-6;128;116;678;0;0;3.6;96.8;0.108;4.404;0;3;3300;3300
db_buhler_1_dsp;;1,5968E+18;16.48;1596.4;986; OK;0;1018;195145;34;2.8;3;2.7;2.6;16/07/2020 14:33;5.15;1.81;1.25;33;3.23;2.05;28.2;12.62;4.59;8.51;dsp_parametros_60.txt;1042;1008;38;29;56.7;41.5;63.6;22056;6.74;2070;626;53.1;186302;0;766;173;166;3.98;749;193;71;29.88;12.14;1;33;data;172;'-13;117;153;123;114;120;688;0;0;3.524;97.2;0.107;4.711;0;3;3300;3300
db_buhler_1_dsp;;1,5968E+18;16.24;1596.2;986; OK;0;1021;195029;34;2.9;3;2.8;2.7;16/07/2020 08:03;5.15;1.82;1.25;31;3.24;2.14;28.12;12.61;4.58;8.42;dsp_parametros_60.txt;1044;1010;36;27;57.4;41;63.1;22073;6.68;1954;628;53.1;186186;0;765;171;163;3.98;750;190;63;29.86;12.09;1;64;data;170;'-13;117;152;123;113;118;681;0;0;3.511;97;0.108;4.702;0;3;3300;3300
db_buhler_1_dsp;;1,5968E+18;16.61;1596.2;986; OK;0;1020;195034;33;2.8;2.9;2.7;2.6;16/07/2020 08:11;5.15;1.82;1.24;32;3.24;2.11;28.24;12.61;4.57;8.4;dsp_parametros_60.txt;1043;1010;37;28;57.5;40.8;62.5;22031;6.7;1959;628;53.1;186191;0;764;171;163;3.98;750;192;63;29.86;12.11;1;69;data;170;'-13;117;152;123;114;118;683;0;0;3.515;97.1;0.107;4.701;0;3;3300;3300
db_buhler_1_dsp;;1,5968E+18;16.54;1596.2;987; OK;0;1023;195045;34;2.8;2.9;2.7;2.6;16/07/2020 08:29;5.15;1.82;1.25;29;3.24;2.07;28.46;12.62;4.61;8.42;dsp_parametros_60.txt;1046;1012;39;30;56.7;39.9;63.2;22005;6.66;1970;630;53.1;186202;0;764;171;164;3.98;750;191;62;29.66;12.07;1;80;data;172;'-13;118;153;123;115;120;688;0;0;3.545;97.4;0.108;4.59;0;3;3300;3300
db_buhler_1_dsp;;1,5968E+18;13.92;1596.5;995;LOK;0;1024;195452;33;2.8;3;2.8;2.7;18/07/2020 17:53;5.15;1.58;1.24;29;3.19;2.1;25;12.61;4.81;8.64;dsp_parametros_60.txt;1046;1013;52;34;53.8;38.9;58.2;21987;8.76;2377;631;50.8;186609;0;767;177;168;3.81;750;189;64;29.54;14.12;3.05;191;data;188;'-13;136;68;'-6;129;133;673;0;0;3.748;98.4;0.109;4.675;0;3;3300;3300
db_buhler_1_dsp;;1,5968E+18;49.81;1596.1;930;BAD;0;1023;195658;22;3.2;2.9;3.3;2.9;21/07/2020 09:24;5.11;1.78;1.25;31;3.24;2.19;26.04;12.62;5.12;16.17;dsp_parametros_60.txt;1044;1022;46;35;0;17.3;17.2;22743;29.78;2583;640;25.8;186815;0;288;183;167;1.93;250;190;22;29.64;35.48;3.16;58;data;23;'-13;24;23;24;23;24;681;0;0;4.068;7553.4;0.201;4.992;0;3;3300;3300
db_buhler_1_dsp;;1,5968E+18;13.46;1596.2;930;BAD;0;1017;195660;23;2.8;3;2.8;2.9;21/07/2020 09:38;5.11;1.48;1.09;36;3.23;3.22;25.54;12.61;5.17;7.89;dsp_parametros_60.txt;1039;1016;0;0;0;0;'-0.1;21979;17.08;2585;634;25.8;186817;0;296;173;165;1.93;250;190;35;29.96;22.48;3.17;60;data;117;'-13;94;39;107;74;79;680;0;0;4.116;107.1;0.201;5.331;0;3;3300;3300
db_buhler_1_dsp;;1,5968E+18;15.12;1596.2;987; OK;0;1021;195707;33;2.8;2.8;2.7;2.5;21/07/2020 10:56;5.11;1.81;1.24;31;3.21;2.21;27.16;12.62;4.57;8.34;dsp_parametros_60.txt;1044;1011;42;34;62.8;40.7;65.6;22014;6.68;2632;629;53.1;186864;0;756;174;167;3.98;740;191;69;29.84;12.04;3.08;107;data;164;'-13;142;51;121;119;117;676;0;0;3.506;98.2;0.107;4.403;0;3;3300;3300
db_buhler_1_dsp;;1,5968E+18;14.28;1596.3;987; OK;0;1022;195656;33;2.7;2.7;2.6;2.4;21/07/2020 07:17;5.11;1.76;1.24;30;3.21;2.22;26.06;12.62;4.56;8.37;dsp_parametros_60.txt;1045;1012;45;36;54.7;39.2;58.6;22038;6.68;2581;630;52.9;186813;0;754;173;165;3.97;741;191;73;30.18;12.02;3.05;56;data;166;'-13;135;44;'-6;127;117;681;0;0;3.493;97.3;0.108;4.547;0;3;3300;3300
db_buhler_1_dsp;;1,5968E+18;14.94;1596.1;987; OK;0;1021;195702;33;2.8;2.9;2.7;2.5;21/07/2020 10:46;5.11;1.79;1.25;32;3.21;2.21;26.98;12.61;4.53;8.63;dsp_parametros_60.txt;1043;1010;44;36;61.4;40.8;64.5;22036;6.76;2627;628;53.1;186859;0;756;174;167;3.98;740;190;68;29.92;12.12;3.1;102;data;166;'-13;142;51;121;120;119;676;0;0;3.465;98.4;0.108;4.353;0;3;3300;3300
db_buhler_1_dsp;;1,5968E+18;15.14;1596.2;986; OK;0;1021;195704;33;2.8;2.8;2.7;2.5;21/07/2020 10:51;5.11;1.56;1.17;32;3.22;2.24;27;12.62;4.56;8.37;dsp_parametros_60.txt;1043;1010;41;32;63.1;39.2;64.4;22024;6.76;2629;628;53.1;186861;0;758;174;168;3.98;741;191;68;29.34;12.12;3.05;104;data;157;'-13;142;50;121;116;115;678;0;0;3.505;97.4;0.108;4.418;0;3;3300;3300
db_buhler_1_dsp;;1,5968E+18;15.24;1596.1;987; OK;0;1021;195701;34;2.8;2.9;2.7;2.6;21/07/2020 10:45;5.11;1.77;1.24;31;3.21;2.22;26.86;12.61;4.53;8.4;dsp_parametros_60.txt;1044;1010;44;35;61.7;39.7;63.8;22109;6.68;2626;628;53.2;186858;0;755;174;167;3.99;740;190;68;30.2;12.04;3.02;101;data;165;'-13;142;51;121;120;118;676;0;0;3.462;98.2;0.108;4.426;0;3;3300;3300
db_buhler_1_dsp;;1,5968E+18;15.38;1596.1;986; OK;0;1020;195699;34;2.7;2.8;2.6;2.5;21/07/2020 10:41;5.11;1.79;1.24;33;3.23;2.21;27.18;12.62;4.51;8.6;dsp_parametros_60.txt;1042;1008;44;35;61.5;41.5;64.7;22038;6.74;2624;626;53.1;186856;0;757;174;167;3.98;740;190;69;29.94;12.11;3.03;99;data;165;'-13;142;51;121;119;118;676;0;0;3.444;98.3;0.107;4.381;0;3;3300;3300
db_buhler_1_dsp;;1,5968E+18;15.33;1596.3;986; OK;0;1022;194981;38;2.8;3.1;2.9;3;16/07/2020 06:32;5.15;1.65;1.13;29;3.33;3.02;27.94;12.61;5.06;8.44;dsp_parametros_60.txt;1046;1008;26;18;57.2;40.4;63.6;22062;6.7;1906;626;53.1;186138;0;754;169;162;3.98;751;190;79;29.7;12.13;1.05;16;data;165;'-13;113;147;117;105;110;684;0;0;4.003;97.3;0.107;5.216;0;3;3300;3300
db_buhler_1_dsp;;1,5968E+18;15.42;1596.3;986; OK;0;1023;194982;35;2.8;3;2.8;2.9;16/07/2020 06:33;5.15;1.65;1.13;29;3.32;3.02;27.58;12.62;4.88;8.44;dsp_parametros_60.txt;1046;1011;27;18;56.1;40.2;63;22013;6.66;1907;629;53.2;186139;0;754;169;162;3.99;750;191;74;29.9;12.1;1.04;17;data;166;'-13;113;148;118;106;110;684;0;0;3.811;96.9;0.108;4.88;0;3;3300;3300
db_buhler_1_dsp;;1,5968E+18;16.33;1596.2;986; OK;0;1021;195027;34;2.8;2.9;2.7;2.6;16/07/2020 08:00;5.15;1.8;1.24;31;3.24;2.16;27.94;12.62;4.6;8.38;dsp_parametros_60.txt;1044;1010;36;27;56.7;40.8;63.4;22095;6.66;1952;628;53;186184;0;763;170;163;3.98;749;190;63;29.94;12.06;1;62;data;170;'-13;117;151;123;112;117;689;0;0;3.54;96.8;0.108;4.686;0;3;3300;3300
db_buhler_1_dsp;;1,5968E+18;16.24;1596.2;986; OK;0;1020;195026;33;2.8;2.9;2.7;2.7;16/07/2020 07:58;5.15;1.79;1.25;32;3.25;2.16;28.14;12.61;4.64;8.41;dsp_parametros_60.txt;1043;1010;36;27;56.2;40.5;62.9;22112;6.68;1951;628;53.1;186183;0;762;171;163;3.98;750;189;63;29.9;12.11;1.01;61;data;169;'-13;117;150;123;112;116;688;0;0;3.575;97.3;0.107;4.642;0;3;3300;3300
db_buhler_1_dsp;;1,5968E+18;16.41;1596.3;986; OK;0;1020;195028;34;2.8;2.9;2.7;2.7;16/07/2020 08:01;5.15;1.8;1.24;31;3.25;2.14;28;12.61;4.59;8.43;dsp_parametros_60.txt;1044;1010;36;27;57.1;41.2;63.2;22057;6.68;1953;628;53.2;186185;0;763;171;163;3.99;750;190;62;29.62;12.09;1;63;data;170;'-13;118;152;123;113;118;685;0;0;3.525;96.7;0.108;4.698;0;3;3300;3300
db_buhler_1_dsp;;1,5968E+18;16.42;1596.3;986; OK;0;1020;195025;35;2.8;2.9;2.7;2.7;16/07/2020 07:57;5.15;1.78;1.24;31;3.25;2.18;27.62;12.61;4.66;8.44;dsp_parametros_60.txt;1044;1009;35;26;57.7;41;62.9;22065;6.78;1950;627;53;186182;0;762;170;163;3.97;750;191;65;29.64;12.21;1.01;60;data;169;'-13;117;150;123;111;116;688;0;0;3.592;96.5;0.107;4.897;0;3;3300;3300
db_buhler_1_dsp;;1,5968E+18;16.68;1596.2;986; OK;0;1021;195085;33;2.9;2.9;2.7;2.6;16/07/2020 09:34;5.15;1.82;1.25;31;3.23;2.07;28.4;12.61;4.57;7.95;dsp_parametros_60.txt;1044;1011;38;29;55.3;41.9;62.5;20900;6.64;2010;629;53.1;186242;0;765;172;165;3.98;750;191;64;30.24;12.05;1.01;120;data;172;'-13;118;153;123;115;121;686;0;0;3.503;97.4;0.107;4.486;0;3;3300;3300
db_buhler_1_dsp;;1,5968E+18;16.66;1596.2;987; OK;0;1021;195084;33;2.9;2.9;2.7;2.6;16/07/2020 09:32;5.15;1.84;1.24;31;3.23;2.07;28.84;12.62;4.6;8.2;dsp_parametros_60.txt;1044;1011;38;29;57.4;41.9;63.1;21052;6.72;2009;629;53.1;186241;0;765;172;165;3.98;750;188;62;29.6;12.14;1.01;119;data;173;'-13;118;153;123;115;121;686;0;0;3.536;97.6;0.107;4.446;0;3;3300;3300
db_buhler_1_dsp;;1,5968E+18;16.94;1596.2;986; OK;0;1020;195083;33;2.9;2.9;2.7;2.6;16/07/2020 09:31;5.15;1.83;1.25;32;3.23;2.05;28.3;12.61;4.58;7.9;dsp_parametros_60.txt;1043;1010;38;30;57.6;41.1;62.7;20863;6.66;2008;628;53.2;186240;0;764;172;165;3.99;749;194;63;29.9;12.08;1;118;data;172;'-13;118;154;123;115;121;687;0;0;3.517;97;0.107;4.726;0;3;3300;3300
db_buhler_1_dsp;;1,5968E+18;16.99;1596.4;986; OK;0;1021;194931;33;2.7;2.9;2.7;2.7;14/07/2020 16:09;5.14;1.81;1.24;31;3.23;2.1;28.1;12.61;4.51;8.6;dsp_parametros_60.txt;1044;1011;38;29;54.9;41.7;63;22012;6.62;1856;629;53.2;186088;0;764;176;168;3.99;750;194;62;29.94;12.04;1;22;data;172;'-13;118;152;123;113;118;686;0;0;3.448;97.4;0.108;4.43;0;3;3300;3300
db_buhler_1_dsp;;1,5968E+18;16.62;1596.4;986; OK;0;1022;194933;34;2.7;3;2.7;2.7;14/07/2020 16:12;5.14;1.83;1.25;29;3.24;2.08;28.28;12.61;4.49;8.46;dsp_parametros_60.txt;1046;1012;39;30;58.1;40.4;63.9;22031;6.66;1858;630;53.2;186090;0;766;176;168;3.99;750;192;64;29.88;12.09;0.99;24;data;172;'-13;118;153;123;113;119;683;0;0;3.421;97.1;0.108;4.68;0;3;3300;3300
db_buhler_1_dsp;;1,5968E+18;15.21;1596.3;986; OK;0;1025;194976;34;2.7;3;2.8;3;16/07/2020 06:24;5.15;1.65;1.14;27;3.34;3.14;27.34;12.62;4.9;8.43;dsp_parametros_60.txt;1048;1014;25;16;57.8;40.5;64.6;21977;6.7;1901;632;52.9;186133;0;753;169;162;3.97;750;191;70;29.66;12.17;1.06;11;data;164;'-13;111;145;119;100;105;687;0;0;3.835;96.5;0.109;4.807;0;3;3300;3300
db_buhler_1_dsp;;1,5968E+18;13.6;1596.3;930;BAD;0;1017;194972;23;2.9;3.1;2.9;3.2;16/07/2020 06:17;5.15;1.54;1.14;36;3.34;3.38;25.58;12.61;5.42;8.44;dsp_parametros_60.txt;1039;1016;0;0;0.1;0;0;21835;12.78;1897;634;25.7;186129;0;303;169;160;1.93;250;192;24;29.96;18.31;1.08;7;data;142;'-13;89;134;142;87;97;682;0;0;4.369;101.9;0.202;6.221;0;3;3300;3300
db_buhler_1_dsp;;1,5968E+18;16.3;1596.5;985; OK;0;1019;194936;35;2.7;3;2.7;2.7;14/07/2020 16:17;5.15;1.82;1.25;31;3.24;2.08;27.8;12.61;4.5;8.46;dsp_parametros_60.txt;1044;1009;40;31;54.9;41.6;62.9;22060;6.72;1861;627;53.4;186093;0;765;176;168;4;750;190;62;30.28;12.14;0.99;27;data;172;'-13;118;153;123;114;120;688;0;0;3.436;97.1;0.107;4.864;0;3;3300;3300
db_buhler_1_dsp;;1,5968E+18;15.2;1596.3;986; OK;0;1024;194975;34;2.7;3;2.7;3;16/07/2020 06:22;5.15;1.61;1.14;28;3.34;3.17;27.02;12.61;4.9;8.44;dsp_parametros_60.txt;1047;1013;24;16;58.1;41.3;63.3;21896;6.62;1900;631;53.1;186132;0;753;169;162;3.98;750;191;69;29.6;12.1;1.07;10;data;164;'-13;110;143;122;99;104;688;0;0;3.84;96.2;0.109;4.88;0;3;3300;3300
db_buhler_1_dsp;;1,5968E+18;16.54;1596.4;985; OK;0;1020;194932;33;2.8;3;2.8;2.7;14/07/2020 16:10;5.15;1.83;1.25;31;3.23;2.07;28.8;12.62;4.5;8.44;dsp_parametros_60.txt;1044;1011;38;29;56.9;40.6;62.4;21994;6.68;1857;629;53.2;186089;0;765;175;168;3.99;750;196;62;29.96;12.1;0.99;23;data;172;'-13;118;152;123;113;119;684;0;0;3.436;97.9;0.108;4.512;0;3;3300;3300
db_buhler_1_dsp;;1,5968E+18;16.19;1596.4;986; OK;0;1022;194946;34;2.7;2.9;2.7;2.6;14/07/2020 16:33;5.15;1.82;1.24;29;3.23;2.04;28.1;12.62;4.49;8.38;dsp_parametros_60.txt;1046;1012;39;30;57.6;41.8;63.1;22018;6.66;1871;630;53.2;186103;0;765;176;168;3.99;751;192;61;29.9;12.08;0.99;37;data;172;'-13;118;153;124;115;121;687;0;0;3.426;97;0.108;4.462;0;3;3300;3300
db_buhler_1_dsp;;1,5968E+18;15.43;1596.3;986; OK;0;1022;194985;35;2.8;3;2.9;2.9;16/07/2020 06:38;5.15;1.64;1.12;30;3.31;2.97;27.34;12.61;4.94;8.47;dsp_parametros_60.txt;1045;1010;27;19;56.2;40.2;63.2;22054;6.68;1910;628;53.2;186142;0;754;169;162;3.99;750;192;78;29.96;12.12;1.04;20;data;166;'-13;113;148;118;107;112;687;0;0;3.877;96.9;0.108;4.943;0;3;3300;3300
db_buhler_1_dsp;;1,5968E+18;14.39;1596.4;994;LOK;0;1024;194973;32;2.8;3;2.9;3.1;16/07/2020 06:19;5.15;1.54;1.14;29;3.35;3.29;25.6;12.62;5.26;8.46;dsp_parametros_60.txt;1046;1014;27;16;57.1;40.1;63.4;21907;8.8;1898;632;50.8;186130;0;753;170;161;3.81;750;192;62;29.66;14.28;1.07;8;data;166;'-13;100;145;151;96;103;684;0;0;4.199;97.3;0.111;5.081;0;3;3300;3300
db_buhler_1_dsp;;1,5968E+18;16.43;1596.4;986; OK;0;1022;194939;34;2.7;2.9;2.7;2.6;14/07/2020 16:22;5.15;1.84;1.25;29;3.24;2.05;28.32;12.61;4.47;8.46;dsp_parametros_60.txt;1046;1012;38;29;57.9;42;62.9;22074;6.68;1864;630;53.3;186096;0;767;176;168;3.99;751;193;63;29.64;12.11;0.99;30;data;172;'-12;118;153;123;115;120;685;0;0;3.402;96.9;0.108;4.693;0;3;3300;3300
db_buhler_1_dsp;;1,5968E+18;16.55;1596.4;985; OK;0;1020;194947;34;2.7;2.9;2.7;2.6;14/07/2020 16:35;5.15;1.83;1.25;31;3.22;2.04;27.96;12.61;4.48;8.43;dsp_parametros_60.txt;1044;1010;40;31;57.5;40.7;63.8;22042;6.7;1872;628;53.4;186104;0;764;176;168;4;750;193;61;29.92;12.13;0.99;38;data;172;'-13;118;154;124;115;121;685;0;0;3.423;97.1;0.108;4.512;0;3;3300;3300
db_buhler_1_dsp;;1,5968E+18;15.48;1596.3;986; OK;0;1020;194983;36;2.8;3;2.8;2.9;16/07/2020 06:35;5.15;1.66;1.14;31;3.31;3;27.64;12.62;4.87;8.45;dsp_parametros_60.txt;1044;1008;27;19;55.8;40.8;63;22008;6.74;1908;626;53.2;186140;0;754;170;162;3.99;750;192;78;29.92;12.17;1.04;18;data;166;'-13;113;148;118;106;111;685;0;0;3.806;97;0.108;5.158;0;3;3300;3300
db_buhler_1_dsp;;1,5968E+18;15.25;1596.2;986; OK;0;1022;194984;37;2.8;3;2.7;2.9;16/07/2020 06:37;5.15;1.66;1.13;30;3.31;2.97;27.72;12.62;5.07;8.44;dsp_parametros_60.txt;1045;1008;27;19;56.6;40.6;63.9;22009;6.68;1909;626;53.2;186141;0;755;169;162;3.99;752;191;80;29.88;12.11;1.04;19;data;166;'-13;113;148;118;107;112;686;0;0;4.006;97.5;0.108;5;0;3;3300;3300
db_buhler_1_dsp;;1,5968E+18;15.12;1596.3;986; OK;0;1023;194977;34;2.8;3;2.8;3;16/07/2020 06:25;5.15;1.65;1.14;29;3.33;3.13;27.32;12.62;4.9;8.42;dsp_parametros_60.txt;1046;1012;25;17;56.3;41.2;64;22059;6.66;1902;630;53.2;186134;0;754;169;162;3.99;751;191;69;29.6;12.11;1.06;12;data;165;'-13;112;145;118;102;107;688;0;0;3.832;96.4;0.108;4.796;0;3;3300;3300
db_buhler_1_dsp;;1,5968E+18;15.86;1596.2;986; OK;0;1023;195004;33;2.9;3;2.8;2.8;16/07/2020 07:09;5.15;1.73;1.25;30;3.27;2.33;27.42;12.62;4.73;8.44;dsp_parametros_60.txt;1045;1012;32;23;58.5;40.4;63.4;22081;6.68;1929;630;53;186161;0;759;169;162;3.97;750;193;66;29.9;12.1;1.01;39;data;168;'-13;115;151;121;111;116;681;0;0;3.667;96.5;0.109;4.682;0;3;3300;3300
db_buhler_1_dsp;;1,5968E+18;16.75;1596.2;986; OK;0;1020;195093;34;2.9;2.9;2.8;2.6;16/07/2020 09:47;5.15;1.82;1.24;31;3.23;2.05;28.5;12.62;4.57;7.97;dsp_parametros_60.txt;1044;1010;37;28;56;41.3;63.9;21010;6.76;2018;628;53.2;186250;0;764;172;165;3.99;750;191;63;30;12.17;1;128;data;173;'-11;118;153;123;115;121;688;0;0;3.503;97.4;0.107;4.708;0;3;3300;3300
db_buhler_1_dsp;;1,5968E+18;16.63;1596.2;986; OK;0;1021;195075;33;2.9;2.9;2.8;2.6;16/07/2020 09:18;5.14;1.83;1.24;31;3.23;2.07;28.18;12.62;4.55;7.95;dsp_parametros_60.txt;1044;1011;39;31;57.7;41.5;63.9;20985;6.68;2000;629;53.1;186232;0;764;172;164;3.98;751;192;63;29.9;12.09;1.01;110;data;172;'-13;118;153;123;115;121;685;0;0;3.499;96.8;0.107;4.551;0;3;3300;3300
db_buhler_1_dsp;;1,5968E+18;16.56;1596.4;986; OK;0;1021;194940;33;2.7;2.9;2.7;2.6;14/07/2020 16:23;5.15;1.82;1.25;31;3.23;2.04;28.18;12.62;4.49;8.74;dsp_parametros_60.txt;1044;1011;38;29;56.6;41.2;63.2;22106;6.74;1865;629;53.4;186097;0;766;176;168;4;750;193;61;29.88;12.16;0.99;31;data;172;'-13;118;153;123;115;120;683;0;0;3.423;97.4;0.108;4.41;0;3;3300;3300
db_buhler_1_dsp;;1,5968E+18;15.75;1596.2;986; OK;0;1021;194991;35;2.8;3;2.8;2.8;16/07/2020 06:48;5.15;1.73;1.26;31;3.29;2.55;27.46;12.61;4.85;8.47;dsp_parametros_60.txt;1044;1009;29;21;57.1;41.8;63.4;21992;6.66;1916;627;53.2;186148;0;755;169;162;3.99;750;191;76;29.3;12.1;1.03;26;data;168;'-13;115;150;120;109;114;687;0;0;3.784;96.1;0.108;4.816;0;3;3300;3300
db_buhler_1_dsp;;1,5968E+18;15.9;1596.2;986; OK;0;1022;195005;33;2.9;3;2.8;2.8;16/07/2020 07:11;5.14;1.78;1.25;30;3.28;2.3;27.64;12.62;4.69;8.47;dsp_parametros_60.txt;1045;1012;32;24;58.8;40.1;63.1;22051;6.76;1930;630;53.1;186162;0;759;170;162;3.98;750;190;65;29.9;12.19;1.01;40;data;168;'-13;116;151;121;111;117;681;0;0;3.63;96.9;0.108;4.767;0;3;3300;3300
db_buhler_1_dsp;;1,5968E+18;15.63;1596.2;985; OK;0;1020;194999;32;2.9;3.1;2.9;2.9;16/07/2020 07:01;5.15;1.67;1.2;33;3.29;2.42;27.84;12.62;4.76;8.53;dsp_parametros_60.txt;1042;1010;31;22;56.6;40.6;62.3;21963;6.66;1924;628;53.1;186156;0;757;169;162;3.98;751;194;64;29.58;12.09;1.02;34;data;168;'-13;116;151;121;111;116;681;0;0;3.693;96.7;0.108;4.57;0;3;3300;3300
db_buhler_1_dsp;;1,5968E+18;16.28;1596.4;986; OK;0;1021;195136;34;2.7;2.9;2.7;2.6;16/07/2020 14:19;5.15;1.8;1.25;31;3.24;2.14;27.88;12.62;4.73;8.44;dsp_parametros_60.txt;1044;1010;38;30;56.9;41.8;63.6;22044;6.72;2061;628;53;186293;0;762;172;166;3.98;749;193;73;29.48;12.13;1;24;data;171;'-13;117;152;123;113;119;686;0;0;3.661;96.8;0.108;4.745;0;3;3300;3300
db_buhler_1_dsp;;1,5968E+18;16.17;1596.4;987; OK;0;1022;195135;35;2.7;2.9;2.7;2.7;16/07/2020 14:17;5.15;1.8;1.24;30;3.25;2.12;27.96;12.61;4.73;8.42;dsp_parametros_60.txt;1045;1010;39;30;57.2;40.4;63.1;22077;6.76;2060;628;53.2;186292;0;764;172;166;3.99;750;191;72;29.68;12.18;1;23;data;171;'-13;117;152;123;113;118;686;0;0;3.664;96.9;0.108;4.856;0;3;3300;3300
db_buhler_1_dsp;;1,5968E+18;16.85;1596.5;986; OK;0;1021;194922;36;2.6;2.9;2.6;2.7;14/07/2020 15:54;5.15;1.69;1.2;30;3.25;2.2;28.5;12.62;4.73;8.8;dsp_parametros_60.txt;1045;1009;39;31;56.5;39.8;63.3;22029;6.96;1847;627;53;186079;0;764;175;168;3.97;750;192;81;29.96;12.37;1;13;data;170;'-13;116;150;122;110;115;688;0;0;3.669;98.5;0.107;4.8;0;3;3300;3300
db_buhler_1_dsp;;1,5968E+18;16.64;1596.2;986; OK;0;1022;195080;34;2.9;2.9;2.7;2.6;16/07/2020 09:26;5.15;1.83;1.25;30;3.23;2.06;28.16;12.62;4.54;8.4;dsp_parametros_60.txt;1045;1011;39;31;56.3;40.6;62.5;22847;6.64;2005;629;53.2;186237;0;765;172;165;3.99;750;191;62;30.24;12.03;1;115;data;172;'-13;118;153;123;115;121;688;0;0;3.473;97.5;0.108;4.76;0;3;3300;3300
db_buhler_1_dsp;;1,5968E+18;15.77;1596.2;986; OK;0;1022;194986;35;2.9;3.1;2.9;3;16/07/2020 06:40;5.15;1.65;1.13;30;3.32;2.95;27.68;12.62;4.85;8.53;dsp_parametros_60.txt;1045;1010;28;19;56.9;41.8;63.3;22115;6.7;1911;628;53.2;186143;0;755;169;162;3.99;751;191;74;29.86;12.14;1.04;21;data;166;'-13;113;148;118;107;112;687;0;0;3.786;97;0.108;4.959;0;3;3300;3300
db_buhler_1_dsp;;1,5968E+18;16.54;1596.4;986; OK;0;1020;195142;34;2.8;3;2.7;2.7;16/07/2020 14:28;5.15;1.82;1.25;31;3.24;2.1;28.52;12.62;4.56;8.44;dsp_parametros_60.txt;1044;1010;38;30;57;41.2;63.8;22072;6.68;2067;628;53.2;186299;0;763;173;166;3.99;750;193;65;29.52;12.09;0.99;30;data;172;'-13;117;153;123;114;119;686;0;0;3.497;97.1;0.108;4.71;0;3;3300;3300
db_buhler_1_dsp;;1,5968E+18;16.62;1596.2;986; OK;0;1020;195064;34;2.8;2.9;2.7;2.5;16/07/2020 09:00;5.15;1.82;1.24;31;3.23;2.08;28.34;12.61;4.58;8.47;dsp_parametros_60.txt;1044;1010;38;29;56.4;41;63.2;22041;6.7;1989;628;53.1;186221;0;764;172;164;3.98;749;193;63;29.62;12.12;0.99;99;data;172;'-13;118;153;123;115;121;688;0;0;3.526;97;0.108;4.76;0;3;3300;3300
db_buhler_1_dsp;;1,5968E+18;14.25;1596.2;987; OK;0;1020;195202;33;1.4;1.8;1.5;1.4;18/07/2020 07:07;5.15;1.61;1.2;32;3.24;2.42;26.3;12.62;4.74;8.29;dsp_parametros_60.txt;1043;1010;36;27;54.6;39.6;59.2;22020;6.68;2127;628;52.9;186359;0;759;170;163;3.96;750;190;75;29.66;12.06;3.13;35;data;165;'-13;135;39;'-5;121;115;681;0;0;3.676;97.3;0.108;4.848;0;3;3300;3300
db_buhler_1_dsp;;1,5968E+18;15.36;1596.2;986; OK;0;1022;194988;34;2.9;3.1;2.8;2.9;16/07/2020 06:43;5.15;1.63;1.13;31;3.3;2.94;27.8;12.62;4.84;8.45;dsp_parametros_60.txt;1044;1010;28;20;57.5;40.8;63;22065;6.9;1913;628;53.1;186145;0;755;169;162;3.98;751;190;71;29.3;12.34;1.03;23;data;167;'-13;114;149;119;108;113;684;0;0;3.772;97;0.108;4.75;0;3;3300;3300
db_buhler_1_dsp;;1,5968E+18;16.54;1596.3;986; OK;0;1021;195068;34;2.8;2.8;2.7;2.5;16/07/2020 09:06;5.14;1.84;1.24;31;3.23;2.08;28.44;12.62;4.58;8.43;dsp_parametros_60.txt;1044;1010;38;29;57.2;41.6;63.8;22044;6.64;1993;628;53.1;186225;0;763;172;164;3.98;749;189;63;29.98;12.06;1;103;data;172;'-13;118;153;123;115;120;682;0;0;3.523;97.4;0.108;4.548;0;3;3300;3300
db_buhler_1_dsp;;1,5968E+18;16.72;1596.2;986; OK;0;1021;195103;33;2.9;2.9;2.8;2.6;16/07/2020 10:03;5.15;1.84;1.24;31;3.23;2.09;28.42;12.62;4.54;7.91;dsp_parametros_60.txt;1044;1011;39;30;57.9;41.3;62.1;20899;6.82;2028;629;53.1;186260;0;764;172;165;3.98;749;193;63;29.96;12.23;1;138;data;172;'-13;118;154;123;115;121;682;0;0;3.474;97.2;0.108;4.598;0;3;3300;3300
db_buhler_1_dsp;;1,5968E+18;16.63;1596.2;987; OK;0;1021;195067;33;2.8;2.9;2.7;2.5;16/07/2020 09:05;5.14;1.83;1.25;31;3.24;2.05;28.18;12.62;4.58;8.37;dsp_parametros_60.txt;1044;1011;38;29;57.1;41.6;62.5;22066;6.7;1992;629;53.1;186224;0;764;172;164;3.98;750;191;64;29.92;12.12;1;102;data;172;'-13;118;153;123;115;120;683;0;0;3.512;97.1;0.107;4.587;0;3;3300;3300
db_buhler_1_dsp;;1,5968E+18;16.91;1596.2;986; OK;0;1020;195110;34;2.9;2.9;2.8;2.6;16/07/2020 10:14;5.15;1.84;1.25;31;3.24;2.06;28.66;12.62;4.58;7.94;dsp_parametros_60.txt;1044;1010;40;31;57.2;40.5;61.9;21131;6.7;2035;628;53.2;186267;0;765;172;165;3.99;749;191;63;29.86;12.12;1;145;data;173;'-13;118;154;123;115;121;685;0;0;3.527;97.4;0.107;4.65;0;3;3300;3300
db_buhler_1_dsp;;1,5968E+18;16.85;1596.2;986; OK;0;1019;195109;33;2.9;2.9;2.8;2.6;16/07/2020 10:13;5.15;1.82;1.25;32;3.23;2.06;28.64;12.62;4.59;7.9;dsp_parametros_60.txt;1043;1010;40;31;58.4;42;62.4;21938;6.72;2034;628;53.2;186266;0;764;173;165;3.99;751;194;62;29.96;12.14;1;144;data;173;'-13;118;154;123;115;121;685;0;0;3.528;97.4;0.107;4.828;0;3;3300;3300
db_buhler_1_dsp;;1,5968E+18;14.32;1596.2;987; OK;0;1021;195210;33;1.5;1.7;1.5;1.4;18/07/2020 07:20;5.15;1.62;1.2;32;3.22;2.31;26.18;12.62;4.69;8.58;dsp_parametros_60.txt;1043;1010;37;28;54.3;39.9;58.6;22059;6.68;2135;628;53;186367;0;762;171;163;3.97;749;189;73;29.66;12.04;3.07;43;data;165;'-13;135;41;'-6;122;116;680;0;0;3.63;97.3;0.107;4.487;0;3;3300;3300
db_buhler_1_dsp;;1,5968E+18;16.78;1596.3;986; OK;0;1020;195100;33;2.9;2.9;2.7;2.5;16/07/2020 09:58;5.15;1.84;1.24;32;3.23;2.06;28.28;12.62;4.49;7.92;dsp_parametros_60.txt;1043;1010;39;30;57.1;42.1;62;21982;6.76;2025;628;53.2;186257;0;766;172;165;3.99;750;194;63;29.92;12.17;1;135;data;173;'-13;118;154;123;115;121;681;0;0;3.438;96.9;0.107;4.63;0;3;3300;3300
db_buhler_1_dsp;;1,5968E+18;16.6;1596.3;986; OK;0;1020;195162;34;2.8;2.9;2.7;2.6;16/07/2020 15:01;5.15;1.83;1.25;31;3.24;2.07;28.66;12.61;4.57;8.68;dsp_parametros_60.txt;1044;1010;40;30;57.3;40.4;62.2;22052;6.7;2087;628;53.3;186319;0;764;173;166;4;750;192;60;29.92;12.13;0.99;50;data;172;'-13;117;153;123;115;120;681;0;0;3.508;97.9;0.108;4.729;0;3;3300;3300
db_buhler_1_dsp;;1,5968E+18;16.52;1596.5;988; OK;0;1022;194924;35;2.7;3;2.7;2.7;14/07/2020 15:57;5.15;1.79;1.25;29;3.25;2.2;28.08;12.62;4.72;8.64;dsp_parametros_60.txt;1046;1011;39;30;56.8;40.9;63.4;22039;6.62;1849;629;53.2;186081;0;764;175;168;3.99;749;191;77;29.66;12.03;1;15;data;171;'-13;117;151;122;111;116;688;0;0;3.651;97.1;0.107;4.601;0;3;3300;3300
db_buhler_1_dsp;;1,5968E+18;13.61;1596.3;930;BAD;0;1018;194969;22;2.7;2.9;2.8;2.8;16/07/2020 05:01;5.15;1.52;1.15;35;3.36;3.48;25.52;12.62;5.47;8.2;dsp_parametros_60.txt;1040;1018;0;0;0.1;0;'-0.1;21755;31;1894;636;25.8;186126;0;291;169;160;1.93;250;191;25;29.92;36.56;1.09;4;data;132;'-13;81;123;119;80;88;684;0;0;4.418;120;0.202;5.592;0;3;3300;3300
db_buhler_1_dsp;;1,5968E+18;16.1;1596.4;986; OK;0;1020;195128;34;2.7;2.9;2.7;2.7;16/07/2020 14:06;5.15;1.79;1.24;31;3.25;2.19;27.5;12.62;4.64;8.49;dsp_parametros_60.txt;1044;1010;36;28;57.1;40.5;64.6;22108;6.66;2053;628;53.2;186285;0;762;172;165;3.99;750;193;70;29.64;12.08;1.01;16;data;170;'-13;117;151;121;111;116;685;0;0;3.58;96.4;0.107;4.697;0;3;3300;3300
db_buhler_1_dsp;;1,5968E+18;15.79;1596.4;987; OK;0;1022;195127;34;2.7;2.9;2.7;2.7;16/07/2020 14:04;5.15;1.79;1.26;29;3.25;2.21;27.72;12.61;4.8;8.43;dsp_parametros_60.txt;1046;1012;37;28;57;41.7;62.9;22065;6.66;2052;630;53;186284;0;762;172;166;3.98;750;191;72;29.94;12.07;1.01;15;data;170;'-13;117;151;121;111;116;685;0;0;3.731;97;0.108;4.824;0;3;3300;3300
db_buhler_1_dsp;;1,5968E+18;14.3;1596.4;988; OK;0;1023;195277;33;2.6;2.8;2.7;2.7;18/07/2020 12:23;5.15;1.66;1.25;29;3.22;2.26;26.22;12.61;4.63;8.73;dsp_parametros_60.txt;1046;1013;37;29;54;39.1;59.4;21994;6.82;2202;631;52.9;186434;0;764;175;168;3.97;750;192;71;29.7;12.17;3.08;16;data;167;'-13;135;49;'-6;121;115;683;0;0;3.568;97.6;0.108;4.468;0;3;3300;3300
db_buhler_1_dsp;;1,5968E+18;16.65;1596.4;986; OK;0;1020;194949;34;2.6;2.8;2.6;2.5;14/07/2020 16:38;5.15;1.82;1.25;30;3.24;2.03;28.22;12.62;4.48;7.96;dsp_parametros_60.txt;1045;1011;40;31;56.4;41.4;64;21063;6.66;1874;629;53.3;186106;0;767;176;168;4;749;193;62;29.68;12.06;1;40;data;173;'-13;118;154;125;115;121;681;0;0;3.412;96.7;0.108;4.802;0;3;3300;3300
db_buhler_1_dsp;;1,5968E+18;15.82;1596.2;986; OK;0;1022;194994;33;2.9;3.1;2.8;2.9;16/07/2020 06:53;5.15;1.75;1.27;31;3.29;2.51;27.78;12.62;4.81;8.41;dsp_parametros_60.txt;1044;1011;30;21;56;42;63.5;22053;6.72;1919;629;53.3;186151;0;756;169;162;3.99;750;188;63;29.88;12.15;1.03;29;data;168;'-13;115;150;120;110;115;687;0;0;3.747;97;0.108;4.666;0;3;3300;3300
db_buhler_1_dsp;;1,5968E+18;14.33;1596.4;988; OK;0;1023;195295;33;2.8;3;2.9;2.8;18/07/2020 12:52;5.16;1.66;1.25;28;3.2;2.15;26.36;12.61;4.58;8.41;dsp_parametros_60.txt;1047;1014;37;28;53.5;40.4;59;22040;6.66;2220;632;53.1;186452;0;764;175;168;3.98;750;192;68;29.88;12;3.07;34;data;168;'-13;135;51;'-6;124;118;683;0;0;3.525;97.5;0.108;4.657;0;3;3300;3300
db_buhler_1_dsp;;1,5968E+18;16.54;1596.4;986; OK;0;1021;195158;34;2.7;2.8;2.6;2.5;16/07/2020 14:55;5.15;1.81;1.25;31;3.23;2.05;28.2;12.61;4.54;8.62;dsp_parametros_60.txt;1044;1010;38;30;57.6;41.4;64.1;21970;6.64;2083;628;53.3;186315;0;765;173;166;4;750;191;63;29.94;12.05;0.99;46;data;171;'-13;117;152;123;114;120;681;0;0;3.475;97.3;0.108;4.487;0;3;3300;3300
db_buhler_1_dsp;;1,5968E+18;14.51;1596.2;988; OK;0;1022;195250;33;1.4;1.7;1.4;1.3;18/07/2020 08:25;5.15;1.78;1.25;30;3.19;2.18;26.08;12.61;4.59;8.54;dsp_parametros_60.txt;1045;1012;37;29;54.8;40.2;59.2;22069;6.68;2175;630;53.1;186407;0;763;172;164;3.98;750;193;72;30.2;12.04;3.04;83;data;166;'-13;135;49;'-6;123;118;676;0;0;3.527;97.4;0.108;4.631;0;3;3300;3300
db_buhler_1_dsp;;1,5968E+18;14.81;1596.4;986; OK;0;1020;195303;33;2.8;3;2.8;2.8;18/07/2020 13:05;5.15;1.84;1.25;31;3.21;2.12;26.64;12.6;4.56;8.38;dsp_parametros_60.txt;1044;1011;38;29;55;39.4;59.5;22048;6.74;2228;629;53;186460;0;767;176;169;3.97;750;193;70;29.94;12.1;3.1;42;data;168;'-13;135;51;'-6;124;119;684;0;0;3.502;97.8;0.108;4.645;0;3;3300;3300
db_buhler_1_dsp;;1,5968E+18;14.22;1596.5;988; OK;0;1023;195278;33;2.6;2.8;2.7;2.7;18/07/2020 12:25;5.14;1.76;1.25;29;3.21;2.22;26.02;12.62;4.61;8.52;dsp_parametros_60.txt;1046;1013;36;28;54.7;39.8;58.8;22049;6.68;2203;631;53;186435;0;765;175;168;3.97;750;190;72;29.78;12.02;3.04;17;data;166;'-13;135;49;'-6;121;115;683;0;0;3.546;97.1;0.108;4.327;0;3;3300;3300
db_buhler_1_dsp;;1,5968E+18;16.47;1596.2;986; OK;0;1020;195097;34;2.9;2.9;2.8;2.6;16/07/2020 09:53;5.15;1.83;1.25;31;3.24;2.06;28.38;12.62;4.52;7.93;dsp_parametros_60.txt;1044;1010;40;31;57.6;40.8;62.2;20898;6.78;2022;628;53.2;186254;0;764;172;165;3.99;750;190;64;29.98;12.19;1;132;data;173;'-13;118;154;123;115;121;682;0;0;3.46;97.2;0.107;4.573;0;3;3300;3300
db_buhler_1_dsp;;1,5968E+18;16.26;1596.4;987; OK;0;1023;194959;35;2.7;2.9;2.7;2.5;14/07/2020 16:54;5.15;1.82;1.25;27;3.23;1.99;27.98;12.62;4.51;8.46;dsp_parametros_60.txt;1048;1013;38;29;58.3;40.6;62.6;22138;6.68;1884;631;53.3;186116;0;767;176;168;3.99;750;192;61;29.78;12.09;0.99;50;data;172;'-11;118;153;124;116;121;686;0;0;3.447;97;0.108;4.761;0;3;3300;3300
db_buhler_1_dsp;;1,5968E+18;15.69;1596.2;986; OK;0;1021;194996;33;2.9;3;2.8;2.8;16/07/2020 06:56;5.15;1.66;1.2;32;3.29;2.44;27.52;12.62;4.78;8.43;dsp_parametros_60.txt;1043;1010;30;22;55.5;40.9;63.6;22050;6.7;1921;628;53.1;186153;0;756;169;162;3.98;752;189;63;29.88;12.12;1.02;31;data;168;'-13;115;150;120;110;115;683;0;0;3.719;96.9;0.108;4.783;0;3;3300;3300
db_buhler_1_dsp;;1,5968E+18;16.71;1596.3;987; OK;0;1022;195096;34;3;3;2.8;2.7;16/07/2020 09:52;5.14;1.83;1.24;29;3.24;2.06;28.64;12.62;4.54;8;dsp_parametros_60.txt;1046;1012;39;30;56.5;40.8;62;20861;6.72;2021;630;53.1;186253;0;765;172;165;3.98;748;193;62;29.64;12.14;1;131;data;172;'-13;118;153;123;115;121;684;0;0;3.481;97;0.108;4.861;0;3;3300;3300
db_buhler_1_dsp;;1,5968E+18;14.46;1596.4;988; OK;0;1023;195331;34;2.8;3;2.8;2.7;18/07/2020 13:51;5.15;1.82;1.24;28;3.19;2.12;26.04;12.61;4.54;8.44;dsp_parametros_60.txt;1047;1013;38;29;53.8;39.8;58.3;22064;6.7;2256;631;53;186488;0;767;176;169;3.98;750;194;69;29.9;12.04;3.12;70;data;168;'-13;135;53;'-6;125;119;683;0;0;3.473;97;0.108;4.611;0;3;3300;3300
db_buhler_1_dsp;;1,5968E+18;14.39;1596.4;988; OK;0;1024;195332;33;2.7;2.9;2.7;2.7;18/07/2020 13:52;5.15;1.81;1.25;28;3.19;2.11;26.16;12.62;4.52;8.36;dsp_parametros_60.txt;1047;1014;37;29;53.4;40.8;59.5;22037;6.66;2257;632;53.1;186489;0;768;176;169;3.98;751;193;67;29.6;12.02;3.08;71;data;168;'-13;135;53;'-6;126;120;683;0;0;3.465;96.7;0.108;4.455;0;3;3300;3300
db_buhler_1_dsp;;1,5968E+18;15.51;1596.2;989;LOK;0;1021;195022;34;2.7;2.9;2.7;2.7;16/07/2020 07:52;5.15;1.8;1.24;31;3.25;2.25;27;12.61;4.74;8.37;dsp_parametros_60.txt;1044;1010;35;25;56.3;41.5;64.3;21962;6.64;1947;628;52.4;186179;0;761;170;163;3.93;750;192;61;29.58;12.07;1.01;57;data;164;'-13;115;147;132;108;114;684;0;0;3.675;95.7;0.108;4.881;0;3;3300;3300
db_buhler_1_dsp;;1,5968E+18;14.21;1596.1;985; OK;0;1018;195189;34;1.4;1.8;1.5;1.4;18/07/2020 06:46;5.15;1.61;1.11;34;3.26;2.7;26.24;12.62;4.8;8.3;dsp_parametros_60.txt;1041;1007;33;25;55.6;40.1;59.7;22051;6.66;2114;625;53.1;186346;0;756;171;163;3.98;750;192;82;29.6;12.05;3.17;22;data;164;'-13;136;37;'-6;119;113;683;0;0;3.731;97.1;0.107;4.802;0;3;3300;3300
db_buhler_1_dsp;;1,5968E+18;14.35;1596.2;986; OK;0;1020;195222;33;1.4;1.7;1.5;1.3;18/07/2020 07:40;5.15;1.76;1.24;33;3.21;2.24;26.16;12.6;4.64;8.55;dsp_parametros_60.txt;1042;1009;37;28;53.1;38;58.5;22055;6.76;2147;627;53.1;186379;0;763;171;164;3.98;749;189;72;29.6;12.11;3.12;55;data;166;'-13;135;44;'-6;123;117;680;0;0;3.581;97.4;0.107;4.381;0;3;3300;3300
db_buhler_1_dsp;;1,5968E+18;14.43;1596.4;987; OK;0;1022;195360;33;2.7;2.9;2.7;2.6;18/07/2020 14:38;5.15;1.84;1.24;30;3.19;2.11;26.14;12.61;4.48;8.31;dsp_parametros_60.txt;1045;1012;38;30;55.5;41.7;59.9;22049;6.7;2285;630;53;186517;0;766;177;170;3.98;750;191;69;29.9;12.04;3.07;99;data;168;'-13;136;54;'-6;125;120;678;0;0;3.414;96.9;0.108;4.545;0;3;3300;3300
db_buhler_1_dsp;;1,5968E+18;16.45;1596.2;986; OK;0;1022;195015;33;2.9;3;2.8;2.7;16/07/2020 07:27;5.14;1.79;1.25;31;3.25;2.21;28.04;12.61;4.61;8.46;dsp_parametros_60.txt;1044;1011;34;26;57.6;40.9;62.6;22073;6.68;1940;629;53.2;186172;0;762;170;162;3.99;750;190;63;29.96;12.11;1.01;50;data;169;'-13;117;151;122;112;118;686;0;0;3.551;97.2;0.108;4.604;0;3;3300;3300
db_buhler_1_dsp;;1,5968E+18;14.4;1596.2;988; OK;0;1022;195515;32;2.9;2.9;2.7;2.6;20/07/2020 07:28;5.15;1.81;1.25;31;3.21;2.2;26.3;12.62;4.61;8.32;dsp_parametros_60.txt;1044;1012;37;29;55.1;39.7;58.8;22070;6.72;2440;630;53;186672;0;763;171;163;3.98;751;195;71;29.64;12.06;3.1;60;data;166;'-13;136;42;'-6;129;117;681;0;0;3.542;97;0.108;4.307;0;3;3300;3300
db_buhler_1_dsp;;1,5968E+18;14.35;1596.2;987; OK;0;1023;195664;35;2.7;2.8;2.7;2.7;21/07/2020 09:44;5.11;1.6;1.09;29;3.3;3.01;26.66;12.61;4.65;8.44;dsp_parametros_60.txt;1046;1011;36;29;62.6;41.2;64.6;22000;6.76;2589;629;53;186821;0;753;173;166;3.98;740;192;69;29.62;12.12;3.13;64;data;165;'-13;138;46;122;105;104;680;0;0;3.586;97.5;0.108;4.547;0;3;3300;3300
db_buhler_1_dsp;;1,5968E+18;14.42;1596.2;988; OK;0;1023;195665;34;2.7;2.8;2.6;2.7;21/07/2020 09:46;5.11;1.61;1.09;29;3.29;2.96;26.48;12.62;4.63;8.65;dsp_parametros_60.txt;1046;1012;37;30;62.2;41.5;64.5;22051;6.72;2590;630;53;186822;0;753;173;166;3.98;740;192;71;29.64;12.08;3.07;65;data;163;'-13;138;47;119;107;106;680;0;0;3.563;97.5;0.108;4.415;0;3;3300;3300
db_buhler_1_dsp;;1,5968E+18;14.55;1596.1;986; OK;0;1021;195673;33;2.7;2.9;2.7;2.6;21/07/2020 09:59;5.11;1.64;1.09;32;3.27;2.5;26.6;12.61;4.6;8.42;dsp_parametros_60.txt;1043;1010;38;30;62.3;41.4;64.9;22032;6.72;2598;628;53;186830;0;753;173;166;3.97;740;192;69;30.22;12.08;3.12;73;data;162;'-13;140;48;118;114;113;678;0;0;3.535;98;0.108;4.275;0;3;3300;3300
db_buhler_1_dsp;;1,5968E+18;14.41;1596.2;990;LOK;0;1023;195663;34;2.7;2.9;2.7;2.8;21/07/2020 09:43;5.11;1.6;1.09;30;3.34;2.93;26.34;12.61;4.71;8.43;dsp_parametros_60.txt;1045;1011;37;29;61.9;41.1;64.9;21961;6.8;2588;629;52.4;186820;0;753;173;166;3.93;739;190;68;29.88;12.16;3.1;63;data;169;'-13;135;46;130;102;103;680;0;0;3.646;97.5;0.108;4.53;0;3;3300;3300
db_buhler_1_dsp;;1,5968E+18;14.72;1596.1;986; OK;0;1021;195682;34;2.7;2.8;2.7;2.6;21/07/2020 10:14;5.11;1.64;1.17;31;3.25;2.34;27.02;12.62;4.57;8.59;dsp_parametros_60.txt;1044;1010;40;32;60.6;39.9;65.6;22027;6.72;2607;628;53.1;186839;0;755;173;166;3.98;740;190;67;29.76;12.09;3.09;82;data;164;'-13;141;49;119;117;115;680;0;0;3.503;98.3;0.108;4.537;0;3;3300;3300
db_buhler_1_dsp;;1,5968E+18;14.55;1596.2;987; OK;0;1022;195678;34;2.7;2.8;2.6;2.6;21/07/2020 10:07;5.11;1.66;1.18;31;3.25;2.43;26.72;12.61;4.58;8.41;dsp_parametros_60.txt;1044;1010;40;32;62.8;40.5;64.8;22083;6.72;2603;628;53;186835;0;754;173;166;3.98;742;190;68;29.86;12.09;3.07;78;data;163;'-12;141;49;119;116;115;678;0;0;3.512;97.9;0.108;4.417;0;3;3300;3300
db_buhler_1_dsp;;1,5968E+18;14.83;1596.1;986; OK;0;1021;195676;33;2.7;2.9;2.7;2.6;21/07/2020 10:04;5.11;1.66;1.09;32;3.27;2.42;26.84;12.61;4.63;8.43;dsp_parametros_60.txt;1043;1010;39;31;62.1;40.9;63.9;22075;6.66;2601;628;53;186833;0;754;173;166;3.97;740;191;69;29.34;12.03;3.11;76;data;163;'-13;141;49;119;115;114;678;0;0;3.562;97.3;0.108;4.429;0;3;3300;3300
db_buhler_1_dsp;;1,5968E+18;14.98;1596.2;986; OK;0;1021;195681;34;2.8;2.9;2.7;2.6;21/07/2020 10:12;5.11;1.78;1.25;31;3.24;2.32;26.62;12.62;4.57;8.42;dsp_parametros_60.txt;1044;1010;40;32;62;40.7;64.9;22055;6.64;2606;628;53.1;186838;0;754;173;166;3.98;740;192;68;29.62;11.99;3.06;81;data;164;'-13;142;49;120;117;115;680;0;0;3.506;97.4;0.108;4.645;0;3;3300;3300
db_buhler_1_dsp;;1,5968E+18;14.85;1596.1;986; OK;0;1022;195684;32;2.7;2.8;2.7;2.5;21/07/2020 10:17;5.11;1.68;1.09;33;3.24;2.28;27.26;12.62;4.54;8.43;dsp_parametros_60.txt;1042;1010;41;33;62.2;40.4;64.3;21989;6.72;2609;628;53.2;186841;0;756;174;166;3.99;740;191;68;29.64;12.06;3.04;84;data;164;'-13;142;50;120;117;116;680;0;0;3.472;97.9;0.108;3.936;0;3;3300;3300
db_buhler_1_dsp;;1,5968E+18;14.74;1596.1;986; OK;0;1021;195687;33;2.7;2.8;2.7;2.5;21/07/2020 10:22;5.11;1.65;1.19;32;3.22;2.32;26.76;12.61;4.55;8.43;dsp_parametros_60.txt;1043;1010;41;33;62.5;41;64.3;22069;6.66;2612;628;53.1;186844;0;755;173;166;3.98;739;190;69;30.18;12.03;3.1;87;data;164;'-13;142;50;121;118;117;681;0;0;3.487;98;0.108;4.362;0;3;3300;3300
db_buhler_1_dsp;;1,5968E+18;14.62;1596.1;987; OK;0;1022;195677;34;2.7;2.9;2.7;2.6;21/07/2020 10:05;5.11;1.65;1.08;31;3.26;2.42;26.86;12.62;4.57;8.41;dsp_parametros_60.txt;1044;1010;39;32;63.5;40.6;63.9;22085;6.7;2602;628;53;186834;0;754;173;166;3.97;740;191;71;29.92;12.06;3.1;77;data;163;'-13;141;49;119;115;114;678;0;0;3.517;97.8;0.108;4.426;0;3;3300;3300
db_buhler_1_dsp;;1,5968E+18;15.07;1596.1;986; OK;0;1021;195683;34;2.7;2.8;2.7;2.5;21/07/2020 10:15;5.11;1.64;1.17;31;3.25;2.38;26.8;12.61;4.57;8.59;dsp_parametros_60.txt;1044;1010;41;33;62.3;40.1;65.3;22018;6.64;2608;628;53.1;186840;0;754;173;166;3.98;740;191;70;29.9;12;3.09;83;data;164;'-13;142;50;119;117;116;680;0;0;3.509;97.9;0.108;4.519;0;3;3300;3300
db_buhler_1_dsp;;1,5968E+18;14.89;1596.1;986; OK;0;1021;195685;34;2.7;2.8;2.7;2.5;21/07/2020 10:18;5.11;1.61;1.09;31;3.3;2.28;26.8;12.62;4.53;8.42;dsp_parametros_60.txt;1044;1010;41;33;61.8;39.9;65.3;22028;6.72;2610;628;53.1;186842;0;756;173;166;3.98;740;190;67;29.68;12.08;3.05;85;data;164;'-13;142;50;120;118;116;681;0;0;3.468;97.5;0.108;4.604;0;3;3300;3300
db_buhler_1_dsp;;1,5968E+18;14.8;1596.1;986; OK;0;1021;195688;34;2.7;2.8;2.7;2.5;21/07/2020 10:23;5.11;1.66;1.19;31;3.23;2.32;26.88;12.62;4.59;8.36;dsp_parametros_60.txt;1044;1010;41;33;62;41.8;65.7;22093;6.66;2613;628;53.1;186845;0;754;173;166;3.98;740;191;69;29.34;12.01;3.02;88;data;165;'-13;144;51;121;118;117;681;0;0;3.527;97.4;0.108;4.668;0;3;3300;3300
db_buhler_1_dsp;;1,5968E+18;14.77;1596.2;987; OK;0;1022;195675;34;2.8;2.9;2.7;2.7;21/07/2020 10:02;5.11;1.65;1.18;31;3.27;2.48;26.74;12.61;4.54;8.43;dsp_parametros_60.txt;1044;1010;39;31;62.2;41.6;65.2;22018;6.68;2600;628;53;186832;0;755;173;166;3.98;739;191;69;29.94;12.05;3.09;75;data;162;'-13;141;48;118;115;113;678;0;0;3.48;98;0.108;4.362;0;3;3300;3300
db_buhler_1_dsp;;1,5968E+18;14.8;1596.2;987; OK;0;1022;195680;32;2.7;2.8;2.6;2.5;21/07/2020 10:10;5.11;1.65;1.09;31;3.25;2.41;26.68;12.62;4.52;8.41;dsp_parametros_60.txt;1044;1012;40;32;61.6;41.2;64.6;22029;6.74;2605;630;53.1;186837;0;755;173;166;3.98;740;191;67;29.86;12.1;3.06;80;data;163;'-13;142;49;119;116;115;680;0;0;3.468;97.9;0.108;4.333;0;3;3300;3300
db_buhler_1_dsp;;1,5968E+18;14.64;1596.1;986; OK;0;1021;195686;33;2.8;2.8;2.7;2.5;21/07/2020 10:20;5.11;1.66;1.18;32;3.25;2.3;26.96;12.62;4.57;8.47;dsp_parametros_60.txt;1043;1010;41;33;61.7;40;64.6;22109;6.68;2611;628;53.1;186843;0;754;173;166;3.98;740;190;67;29.88;12.04;3.06;86;data;164;'-13;142;50;120;118;116;680;0;0;3.504;98;0.108;4.484;0;3;3300;3300
db_buhler_1_dsp;;1,5968E+18;15.02;1596.1;987; OK;0;1022;195690;34;2.7;2.8;2.7;2.5;21/07/2020 10:27;5.11;1.68;1.24;31;3.22;2.26;27.26;12.61;4.53;8.4;dsp_parametros_60.txt;1044;1010;42;34;62.5;41.2;65;22051;6.74;2615;628;53.1;186847;0;756;173;167;3.98;740;189;68;29.6;12.11;3.05;90;data;165;'-13;142;51;121;119;117;681;0;0;3.468;97.9;0.108;4.362;0;3;3300;3300
db_buhler_1_dsp;;1,5968E+18;15.13;1596.1;986; OK;0;1021;195689;34;2.7;2.8;2.7;2.5;21/07/2020 10:25;5.11;1.67;1.18;31;3.23;2.3;26.8;12.62;4.55;8.54;dsp_parametros_60.txt;1044;1010;42;34;62.5;40.2;64.7;22075;6.72;2614;628;53.1;186846;0;755;173;166;3.98;741;190;69;29.62;12.08;3.05;89;data;165;'-13;142;51;121;118;117;681;0;0;3.481;97.8;0.108;4.44;0;3;3300;3300
db_buhler_1_dsp;;1,5968E+18;14.46;1596.4;988; OK;0;1023;195290;33;2.8;3;2.8;2.8;18/07/2020 12:44;5.15;1.8;1.25;28;3.2;2.15;26.1;12.62;4.58;8.39;dsp_parametros_60.txt;1047;1014;39;30;54.4;40.4;59.2;22051;6.7;2215;632;53;186447;0;765;175;168;3.97;750;194;68;29.94;12.05;3.04;29;data;168;'-13;136;51;'-6;123;118;683;0;0;3.515;97;0.108;4.689;0;3;3300;3300
db_buhler_1_dsp;;1,5968E+18;14.32;1596.4;988; OK;0;1022;195288;35;2.8;3;2.9;2.8;18/07/2020 12:41;5.15;1.76;1.24;29;3.2;2.15;25.94;12.61;4.53;8.36;dsp_parametros_60.txt;1046;1011;37;29;55.4;40.6;60.4;22040;6.68;2213;629;52.9;186445;0;765;175;168;3.96;750;190;78;29.68;12.02;3.1;27;data;167;'-12;136;51;'-6;123;117;683;0;0;3.472;96.6;0.108;4.644;0;3;3300;3300
db_buhler_1_dsp;;1,5968E+18;14.38;1596.4;987; OK;0;1022;195292;34;2.7;3;2.8;2.8;18/07/2020 12:48;5.15;1.79;1.25;29;3.19;2.16;26.04;12.62;4.57;8.55;dsp_parametros_60.txt;1046;1012;39;30;52.9;39.4;59;21970;6.66;2217;630;53;186449;0;766;175;168;3.97;749;191;71;29.64;12.01;3.12;31;data;168;'-13;136;51;'-6;124;118;683;0;0;3.508;96.9;0.108;4.41;0;3;3300;3300
db_buhler_1_dsp;;1,5968E+18;14.75;1596.1;987; OK;0;1021;195705;33;2.7;2.8;2.6;2.4;21/07/2020 10:53;5.11;1.71;1.24;32;3.21;2.2;26.76;12.62;4.58;8.49;dsp_parametros_60.txt;1043;1010;41;33;61.7;40.9;64.3;22085;6.64;2630;628;53.1;186862;0;756;174;167;3.98;740;189;69;30.2;12.01;3.06;105;data;161;'-13;142;51;120;117;116;678;0;0;3.516;98.3;0.108;4.338;0;3;3300;3300
db_buhler_1_dsp;;1,5968E+18;15.17;1596.1;987; OK;0;1021;195709;35;2.7;2.7;2.6;2.4;21/07/2020 10:59;5.11;1.77;1.23;30;3.22;2.19;26.9;12.61;4.5;8.4;dsp_parametros_60.txt;1045;1010;43;34;63;40.7;65.5;22016;6.64;2634;628;53.1;186866;0;756;174;167;3.98;738;190;69;29.84;11.99;3.05;109;data;165;'-11;143;51;121;119;118;678;0;0;3.434;97.6;0.108;4.718;0;3;3300;3300
db_buhler_1_dsp;;1,5968E+18;15.22;1596.2;987; OK;0;1021;195708;33;2.8;2.8;2.7;2.5;21/07/2020 10:57;5.11;1.67;1.18;32;3.21;2.22;27.1;12.62;4.49;8.6;dsp_parametros_60.txt;1043;1010;43;34;62;40.4;65.6;21999;6.74;2633;628;53.1;186865;0;757;174;167;3.98;741;189;69;29.6;12.08;3.02;108;data;165;'-13;143;51;121;119;118;676;0;0;3.424;97.8;0.108;4.363;0;3;3300;3300
db_buhler_1_dsp;;1,5968E+18;15.04;1596.2;987; OK;0;1024;195703;34;2.7;2.7;2.6;2.4;21/07/2020 10:49;5.11;1.76;1.24;29;3.22;2.21;26.68;12.62;4.49;8.27;dsp_parametros_60.txt;1046;1012;54;40;0.1;0;'-0.1;22025;7.48;2628;630;53.2;186860;0;756;176;173;3.99;740;190;68;29.62;13.16;3.11;103;data;142;'-13;118;49;117;115;115;676;0;0;3.435;178.1;0.109;4.347;0;3;3300;3300
db_buhler_1_dsp;;1,5968E+18;16.25;1596.4;987; OK;0;1021;195131;35;2.7;2.9;2.7;2.7;16/07/2020 14:11;5.15;1.81;1.25;30;3.25;2.15;27.7;12.61;4.67;8.45;dsp_parametros_60.txt;1045;1010;37;29;57.9;40.7;63.8;22008;6.76;2056;628;53.1;186288;0;763;172;166;3.98;750;191;72;29.86;12.17;1;19;data;170;'-13;116;152;122;112;117;686;0;0;3.61;97;0.108;4.775;0;3;3300;3300
db_buhler_1_dsp;;1,5968E+18;14.33;1596.4;986; OK;0;1021;195373;33;2.9;3.1;2.9;2.8;18/07/2020 14:59;5.15;1.83;1.24;31;3.19;2.08;26.26;12.61;4.51;8.38;dsp_parametros_60.txt;1044;1011;39;31;55;38.7;59.1;22067;6.66;2298;629;53;186530;0;768;177;170;3.98;750;190;70;29.84;11.99;3.04;112;data;169;'-13;136;55;'-6;126;120;678;0;0;3.45;97;0.108;4.353;0;3;3300;3300
db_buhler_1_dsp;;1,5968E+18;16.92;1596.3;987; OK;0;1021;195108;33;2.8;2.9;2.7;2.5;16/07/2020 10:11;5.14;1.84;1.25;31;3.23;2.05;28.54;12.61;4.59;7.88;dsp_parametros_60.txt;1044;1011;39;31;57.4;41.4;63.6;21198;6.72;2033;629;53.2;186265;0;764;172;165;3.99;750;190;64;29.6;12.12;1;143;data;172;'-13;118;154;122;115;121;684;0;0;3.54;97;0.107;4.555;0;3;3300;3300
db_buhler_1_dsp;;1,5968E+18;14.82;1596.3;990;LOK;0;1025;194974;33;2.8;3;2.8;3.1;16/07/2020 06:21;5.14;1.65;1.14;28;3.34;3.2;26.56;12.61;5.02;8.44;dsp_parametros_60.txt;1047;1014;24;15;55.3;41.4;64.4;21926;6.74;1899;632;52.2;186131;0;754;169;162;3.92;751;190;67;29.96;12.22;1.07;9;data;165;'-13;108;143;130;97;103;686;0;0;3.95;96.2;0.109;4.777;0;3;3300;3300
db_buhler_1_dsp;;1,5968E+18;15.6;1596.2;986; OK;0;1022;194992;34;2.8;3;2.8;2.8;16/07/2020 06:50;5.14;1.74;1.25;30;3.29;2.53;27.56;12.62;4.8;8.42;dsp_parametros_60.txt;1045;1011;29;21;57.1;41.4;63.7;22081;6.66;1917;629;53;186149;0;756;169;162;3.98;749;191;65;29.88;12.1;1.03;27;data;168;'-13;115;150;119;109;115;689;0;0;3.735;96.8;0.108;5.065;0;3;3300;3300
db_buhler_1_dsp;;1,5968E+18;16.79;1596.2;987; OK;0;1022;195092;33;3;3;2.8;2.7;16/07/2020 09:45;5.15;1.81;1.24;30;3.23;2.05;28.32;12.62;4.59;8.12;dsp_parametros_60.txt;1045;1012;39;30;56.6;41.7;62.9;21236;6.68;2017;630;53.1;186249;0;765;172;165;3.98;750;193;63;29.86;12.07;1;127;data;173;'-13;118;154;123;115;121;688;0;0;3.528;97;0.108;4.642;0;3;3300;3300
db_buhler_1_dsp;;1,5968E+18;16.73;1596.3;986; OK;0;1021;195098;33;2.9;2.9;2.7;2.5;16/07/2020 09:55;5.15;1.82;1.24;31;3.23;2.03;28.2;12.62;4.56;8.22;dsp_parametros_60.txt;1044;1011;40;31;57.2;41.1;62.5;20929;6.68;2023;629;53.2;186255;0;764;172;165;3.99;749;192;61;30.24;12.1;1;133;data;173;'-13;118;154;123;115;121;684;0;0;3.494;97.4;0.108;4.517;0;3;3300;3300
db_buhler_1_dsp;;1,5968E+18;16.6;1596.3;986; OK;0;1020;195102;33;2.8;2.9;2.7;2.5;16/07/2020 10:01;5.15;1.85;1.24;32;3.23;2.06;28.42;12.62;4.54;7.87;dsp_parametros_60.txt;1043;1010;39;30;57.7;41.8;62.6;20780;6.72;2027;628;53.2;186259;0;764;172;165;3.99;750;192;64;29.94;12.13;1;137;data;172;'-12;118;154;123;115;121;682;0;0;3.487;97;0.107;4.694;0;3;3300;3300
db_buhler_1_dsp;;1,5968E+18;16.69;1596.4;986; OK;0;1020;195156;33;2.7;2.9;2.7;2.6;16/07/2020 14:51;5.15;1.82;1.24;32;3.23;2.05;28.26;12.62;4.58;8.69;dsp_parametros_60.txt;1043;1010;36;27;56.7;41.7;61.6;22004;6.74;2081;628;53.3;186313;0;765;173;166;4;750;191;61;30.16;12.16;0.99;44;data;171;'-13;117;152;123;114;120;681;0;0;3.515;97.7;0.108;4.557;0;3;3300;3300
db_buhler_1_dsp;;1,5968E+18;14.47;1596.4;987; OK;0;1022;195348;33;2.7;2.9;2.7;2.6;18/07/2020 14:18;5.15;1.81;1.25;30;3.19;2.09;26.24;12.62;4.52;8.33;dsp_parametros_60.txt;1045;1012;41;32;54.1;39.6;59;22080;6.72;2273;630;53;186505;0;768;177;170;3.97;750;191;71;30.18;12.08;3.07;87;data;168;'-13;136;53;'-6;125;120;678;0;0;3.459;97.5;0.108;4.418;0;3;3300;3300
db_buhler_1_dsp;;1,5968E+18;16.42;1596.2;988; OK;0;1023;195079;33;2.9;2.9;2.8;2.6;16/07/2020 09:24;5.15;1.87;1.24;29;3.23;2.07;28.38;12.61;4.57;7.93;dsp_parametros_60.txt;1046;1013;39;30;56.3;40.8;63.2;21368;6.82;2004;631;53.1;186236;0;764;172;165;3.98;751;192;63;29.68;12.23;1;114;data;173;'-13;118;154;123;115;121;686;0;0;3.514;97;0.108;4.522;0;3;3300;3300
db_buhler_1_dsp;;1,5968E+18;16.58;1596.4;986; OK;0;1021;195151;33;2.8;2.9;2.7;2.6;16/07/2020 14:43;5.15;1.83;1.25;31;3.23;2.05;28.36;12.62;4.52;8.45;dsp_parametros_60.txt;1044;1011;42;32;56.4;37.9;56.5;22137;23.14;2076;629;53.3;186308;0;764;173;166;3.99;751;193;63;29.9;28.6;1;39;data;164;'-13;111;146;118;111;118;681;0;0;3.453;113.9;0.108;4.481;0;3;3300;3300
db_buhler_1_dsp;;1,5968E+18;43.86;1596.3;930;BAD;0;1023;194970;19;2.9;2.5;3;2.5;16/07/2020 06:14;5.15;1.55;1.15;34;3.37;3.41;25.68;12.62;5.41;42.93;dsp_parametros_60.txt;1041;1022;28;20;0.1;0;'-0.1;22108;16.44;1895;640;25.7;186127;0;312;171;163;1.93;250;191;29;29.92;22.27;1.11;5;data;40;'-13;39;47;55;34;40;685;0;0;4.363;4382.8;0.202;5.211;0;3;3300;3300
db_buhler_1_dsp;;1,5968E+18;16.81;1596.3;986; OK;0;1021;195111;34;2.9;3;2.8;2.6;16/07/2020 10:16;5.15;1.85;1.24;31;3.24;2.05;28.72;12.61;4.56;7.88;dsp_parametros_60.txt;1044;1010;40;31;56.8;42.3;63.5;20936;6.72;2036;628;53.1;186268;0;766;172;165;3.98;751;191;64;29.66;12.12;1;146;data;173;'-13;118;154;123;115;121;685;0;0;3.497;97.2;0.108;4.501;0;3;3300;3300
db_buhler_1_dsp;;1,5968E+18;16.63;1596.5;986; OK;0;1020;194941;34;2.7;2.9;2.7;2.6;14/07/2020 16:25;5.14;1.82;1.24;31;3.23;2.04;28.42;12.62;4.5;8.48;dsp_parametros_60.txt;1044;1010;38;30;56.6;42;63.4;22053;6.72;1866;628;53.4;186098;0;765;176;168;4;750;194;62;29.66;12.15;0.99;32;data;172;'-13;118;153;123;115;120;683;0;0;3.441;97.2;0.108;4.542;0;3;3300;3300
db_buhler_1_dsp;;1,5968E+18;16.71;1596.2;986; OK;0;1020;195073;34;2.9;3;2.8;2.7;16/07/2020 09:14;5.15;1.82;1.24;31;3.23;2.06;28.08;12.61;4.62;7.93;dsp_parametros_60.txt;1044;1010;39;30;57.8;40.5;63.4;21266;6.66;1998;628;53.1;186230;0;762;172;164;3.98;750;192;63;29.94;12.07;1.01;108;data;172;'-13;118;153;123;115;121;684;0;0;3.562;97;0.108;4.805;0;3;3300;3300
db_buhler_1_dsp;;1,5968E+18;15.42;1596.3;986; OK;0;1024;194978;34;2.8;3.1;2.9;3;16/07/2020 06:27;5.15;1.63;1.13;29;3.33;3.1;27.38;12.62;4.89;8.43;dsp_parametros_60.txt;1046;1012;25;17;57.4;41.1;64.8;22072;6.68;1903;630;53;186135;0;753;170;162;3.98;750;194;72;29.9;12.13;1.06;13;data;165;'-12;112;146;117;103;107;687;0;0;3.829;96.7;0.109;4.759;0;3;3300;3300
db_buhler_1_dsp;;1,5968E+18;16.49;1596.3;986; OK;0;1021;195066;34;2.8;2.8;2.7;2.5;16/07/2020 09:03;5.15;1.85;1.24;31;3.23;2.08;28.24;12.61;4.59;8.39;dsp_parametros_60.txt;1044;1010;38;29;57.3;41.4;63.6;22066;6.7;1991;628;53.1;186223;0;764;172;164;3.98;750;190;62;29.88;12.09;1;101;data;172;'-13;118;153;123;115;121;681;0;0;3.528;97.3;0.108;4.502;0;3;3300;3300
db_buhler_1_dsp;;1,5968E+18;16.67;1596.2;986; OK;0;1021;195078;33;2.9;3;2.8;2.7;16/07/2020 09:22;5.15;1.83;1.25;31;3.23;2.03;28.12;12.61;4.56;7.91;dsp_parametros_60.txt;1044;1011;38;29;56.4;42.4;62.9;20993;6.72;2003;629;53.1;186235;0;764;172;165;3.98;750;190;62;29.6;12.13;1;113;data;173;'-13;118;154;123;115;121;686;0;0;3.499;96.6;0.107;4.542;0;3;3300;3300
db_buhler_1_dsp;;1,5968E+18;16.51;1596.4;986; OK;0;1021;194956;34;2.7;2.9;2.7;2.6;14/07/2020 16:49;5.15;1.86;1.25;30;3.22;2.02;28.36;12.61;4.52;7.91;dsp_parametros_60.txt;1045;1011;40;31;58.7;41.3;63.6;21161;6.68;1881;629;53.2;186113;0;766;176;168;3.99;750;189;64;29.58;12.11;1;47;data;173;'-13;118;154;124;115;121;684;0;0;3.46;97;0.108;4.513;0;3;3300;3300
db_buhler_1_dsp;;1,5968E+18;15.96;1596.2;986; OK;0;1020;195024;33;2.7;2.9;2.7;2.6;16/07/2020 07:55;5.15;1.8;1.26;32;3.24;2.19;27.86;12.61;4.62;8.38;dsp_parametros_60.txt;1043;1010;35;26;57;39.9;64.4;22024;6.72;1949;628;53;186181;0;762;171;163;3.97;750;192;64;29.56;12.14;1.01;59;data;168;'-13;117;149;125;110;115;683;0;0;3.555;96.5;0.108;4.56;0;3;3300;3300
db_buhler_1_dsp;;1,5968E+18;14.18;1596.3;930;BAD;0;1026;194967;20;3.1;3.2;3.1;3.2;16/07/2020 04:57;5.15;0;0;30;3.38;0;0;12.61;5.44;8.04;dsp_parametros_60.txt;1045;1025;4;6;0.1;0.1;'-0.1;22019;34.9;1892;643;25.8;186124;0;295;172;165;1.93;250;189;24;0;44.88;1.12;2;data;24;'-13;23;23;23;23;23;687;0;0;4.381;0;0.201;5.354;0;3;3300;3300
db_buhler_1_dsp;;1,5968E+18;15.9;1596.2;985; OK;0;1021;195006;34;3;3.1;2.9;2.8;16/07/2020 07:12;5.15;1.77;1.26;31;3.26;2.29;27.64;12.61;4.67;8.43;dsp_parametros_60.txt;1044;1010;32;24;57.7;41;63.7;22038;6.76;1931;628;53.2;186163;0;760;169;162;3.99;749;190;65;29.9;12.16;1.01;41;data;169;'-13;116;151;121;111;117;682;0;0;3.618;96.9;0.108;4.783;0;3;3300;3300
db_buhler_1_dsp;;1,5968E+18;14.26;1596.2;987; OK;0;1021;195204;33;1.3;1.7;1.4;1.3;18/07/2020 07:11;5.15;1.62;1.19;32;3.21;2.42;26.4;12.61;4.73;8.72;dsp_parametros_60.txt;1043;1010;36;28;53.9;39.7;58.1;22101;6.66;2129;628;52.8;186361;0;760;171;163;3.96;751;190;76;29.98;12;3.12;37;data;165;'-13;135;40;'-6;121;115;680;0;0;3.662;97.9;0.107;4.576;0;3;3300;3300
db_buhler_1_dsp;;1,5968E+18;16.43;1596.2;987; OK;0;1022;195074;33;2.9;3;2.8;2.7;16/07/2020 09:16;5.15;1.85;1.24;30;3.23;2.06;28.52;12.62;4.59;7.91;dsp_parametros_60.txt;1045;1012;39;31;57.6;41;63.4;21630;6.86;1999;630;53.1;186231;0;764;172;164;3.98;750;194;63;29.96;12.27;1.01;109;data;172;'-13;118;153;123;115;121;684;0;0;3.538;97.6;0.108;4.649;0;3;3300;3300
db_buhler_1_dsp;;1,5968E+18;14.47;1596.2;987; OK;0;1020;195233;33;1.5;1.8;1.5;1.3;18/07/2020 07:58;5.15;1.77;1.25;33;3.2;2.19;26.04;12.61;4.63;8.44;dsp_parametros_60.txt;1042;1009;36;28;53.8;39.7;60;22009;6.84;2158;627;53;186390;0;764;172;164;3.97;750;189;74;29.92;12.19;3.11;66;data;166;'-13;136;46;'-6;123;118;672;0;0;3.561;97.3;0.107;4.29;0;3;3300;3300
db_buhler_1_dsp;;1,5968E+18;14.36;1596.4;987; OK;0;1022;195286;33;2.8;3;2.9;2.9;18/07/2020 12:38;5.15;1.79;1.25;30;3.21;2.18;25.9;12.6;4.62;8.38;dsp_parametros_60.txt;1045;1012;36;28;54.2;39.7;60;22048;6.68;2211;630;53;186443;0;764;175;168;3.97;750;192;70;29.58;12.03;3.05;25;data;168;'-13;136;51;'-6;123;117;683;0;0;3.562;96.5;0.108;4.491;0;3;3300;3300
db_buhler_1_dsp;;1,5968E+18;14.33;1596.4;987; OK;0;1022;195287;33;2.8;3;2.9;2.8;18/07/2020 12:39;5.15;1.79;1.24;30;3.2;2.15;26.04;12.61;4.56;8.36;dsp_parametros_60.txt;1045;1012;37;28;56.1;39.5;58.6;22051;6.66;2212;630;52.9;186444;0;766;175;168;3.97;750;190;72;29.66;12;3.12;26;data;167;'-13;136;51;'-6;123;117;683;0;0;3.504;96.8;0.108;4.242;0;3;3300;3300
db_buhler_1_dsp;;1,5968E+18;14.19;1596.1;986; OK;0;1020;195195;33;1.4;1.7;1.5;1.4;18/07/2020 06:56;5.15;1.61;1.11;32;3.25;2.55;26.16;12.62;4.75;8.32;dsp_parametros_60.txt;1043;1010;35;26;54.9;40;58.3;22017;6.68;2120;628;52.9;186352;0;758;171;163;3.97;749;192;74;29.88;12.08;3.07;28;data;165;'-13;135;38;'-6;120;115;683;0;0;3.684;97.2;0.108;4.821;0;3;3300;3300
db_buhler_1_dsp;;1,5968E+18;16.03;1596.2;986; OK;0;1022;195007;33;2.9;3;2.8;2.7;16/07/2020 07:14;5.15;1.78;1.26;30;3.27;2.29;27.7;12.61;4.67;8.43;dsp_parametros_60.txt;1045;1012;33;24;57.3;39.6;63.9;22091;6.68;1932;630;53;186164;0;760;170;162;3.98;749;193;65;29.92;12.1;1.01;42;data;169;'-13;116;151;121;112;117;682;0;0;3.604;96.9;0.108;4.788;0;3;3300;3300
db_buhler_1_dsp;;1,5968E+18;16.22;1596.3;986; OK;0;1021;195048;32;2.8;2.9;2.7;2.6;16/07/2020 08:34;5.14;1.81;1.25;31;3.25;2.09;28.3;12.61;4.65;8.36;dsp_parametros_60.txt;1044;1012;40;31;58.1;41.6;62;22006;6.66;1973;630;53.1;186205;0;764;171;164;3.98;750;194;62;29.56;12.09;1;83;data;172;'-13;118;153;123;115;120;686;0;0;3.583;97.2;0.108;4.549;0;3;3300;3300
db_buhler_1_dsp;;1,5968E+18;14.51;1596.2;987; OK;0;1020;195245;33;1.4;1.7;1.5;1.3;18/07/2020 08:17;5.15;1.77;1.25;32;3.21;2.15;26.1;12.62;4.59;8.43;dsp_parametros_60.txt;1043;1010;39;30;54.2;38.1;57.8;22373;6.68;2170;628;53;186402;0;763;172;164;3.98;751;190;71;30.18;12.03;3.09;78;data;166;'-13;136;48;'-6;123;118;675;0;0;3.528;97.6;0.107;4.587;0;3;3300;3300
db_buhler_1_dsp;;1,5968E+18;13.95;1596.2;986; OK;0;1022;195177;32;1.3;1.8;1.5;1.5;18/07/2020 06:27;5.15;1.61;1.15;31;3.29;3.31;26.1;12.61;4.87;8.25;dsp_parametros_60.txt;1044;1012;30;22;53.7;39.2;58.9;22163;6.7;2102;630;52.9;186334;0;755;171;164;3.97;754;191;74;29.62;12.15;3.14;10;data;154;'-13;136;35;'-6;112;106;685;0;0;3.811;97.1;0.108;4.513;0;3;3300;3300
db_buhler_1_dsp;;1,5968E+18;16.57;1596.3;987; OK;0;1021;195069;33;2.8;2.8;2.7;2.5;16/07/2020 09:08;5.15;1.84;1.25;31;3.24;2.07;28.24;12.6;4.55;8.35;dsp_parametros_60.txt;1044;1011;37;28;56.7;40.9;63.4;22023;6.66;1994;629;53.1;186226;0;765;171;164;3.98;752;190;64;29.98;12.08;0.99;104;data;171;'-13;118;153;123;115;120;683;0;0;3.482;97.4;0.107;4.554;0;3;3300;3300
db_buhler_1_dsp;;1,5968E+18;14.17;1596.2;986; OK;0;1020;195187;33;1.3;1.7;1.5;1.4;18/07/2020 06:43;5.15;1.62;1.13;32;3.28;2.73;26.28;12.62;4.81;8.27;dsp_parametros_60.txt;1043;1010;33;25;54.4;39.1;59.1;22075;6.7;2112;628;53;186344;0;756;171;163;3.97;751;192;75;29.64;12.09;3.16;20;data;161;'-13;136;37;'-6;118;112;684;0;0;3.748;97.2;0.108;4.798;0;3;3300;3300
db_buhler_1_dsp;;1,5968E+18;14.43;1596.2;986; OK;0;1020;195246;32;1.5;1.8;1.5;1.3;18/07/2020 08:19;5.15;1.79;1.24;34;3.19;2.15;26.26;12.62;4.6;8.53;dsp_parametros_60.txt;1041;1009;39;30;55.2;39.2;58.5;22249;6.8;2171;627;53.1;186403;0;763;172;164;3.98;750;190;73;30.16;12.16;3.03;79;data;166;'-12;136;48;'-6;123;118;675;0;0;3.534;97.7;0.107;4.249;0;3;3300;3300
db_buhler_1_dsp;;1,5968E+18;15.71;1596.2;986; OK;0;1022;195003;32;2.9;3;2.8;2.8;16/07/2020 07:07;5.15;1.75;1.26;31;3.26;2.36;27.56;12.62;4.72;8.45;dsp_parametros_60.txt;1044;1012;32;23;57.7;40.6;63.3;22058;6.82;1928;630;53;186160;0;758;169;162;3.98;750;193;64;29.9;12.25;1.02;38;data;168;'-13;115;150;121;111;116;681;0;0;3.656;96.9;0.108;4.482;0;3;3300;3300
db_buhler_1_dsp;;1,5968E+18;14.47;1596.5;987; OK;0;1023;195362;34;2.7;2.9;2.8;2.7;18/07/2020 14:41;5.15;1.77;1.24;29;3.19;2.11;25.96;12.61;4.54;8.61;dsp_parametros_60.txt;1046;1012;40;31;53;39.4;58.2;22032;6.66;2287;630;53.1;186519;0;766;177;170;3.98;752;192;70;29.88;12;3.12;101;data;168;'-13;135;54;'-6;125;120;680;0;0;3.477;97.3;0.108;4.439;0;3;3300;3300
db_buhler_1_dsp;;1,5968E+18;14.13;1596.2;987; OK;0;1023;195472;33;2.8;2.9;2.7;2.7;20/07/2020 06:19;5.15;1.66;1.11;29;3.25;2.72;26.36;12.62;4.8;8.36;dsp_parametros_60.txt;1046;1013;33;25;53.5;39.3;59.7;22065;6.7;2397;631;53;186629;0;755;170;163;3.97;747;192;75;29.66;12.09;3.17;17;data;163;'-13;132;33;'-6;117;111;686;0;0;3.747;97.4;0.109;4.717;0;3;3300;3300
db_buhler_1_dsp;;1,5968E+18;17.05;1596.3;986; OK;0;1020;195112;34;2.9;3;2.8;2.6;16/07/2020 10:18;5.15;1.84;1.24;31;3.23;2.05;28.6;12.62;4.57;7.88;dsp_parametros_60.txt;1044;1010;38;28;57.1;41.7;62.3;21262;6.68;2037;628;53.1;186269;0;765;173;166;3.98;750;192;64;29.9;12.1;1.13;147;data;173;'-13;118;154;123;115;121;686;0;0;3.519;97.4;0.107;4.801;0;3;3300;3300
db_buhler_1_dsp;;1,5968E+18;14.3;1596.2;987; OK;0;1021;195212;32;1.4;1.7;1.5;1.4;18/07/2020 07:24;5.15;1.73;1.24;32;3.21;2.28;25.98;12.62;4.68;8.31;dsp_parametros_60.txt;1043;1011;37;29;53.6;39.8;58.3;22076;6.68;2137;629;53;186369;0;762;171;163;3.97;749;190;73;29.9;12.03;3.13;45;data;166;'-13;135;41;'-6;122;116;680;0;0;3.621;97;0.108;4.475;0;3;3300;3300
db_buhler_1_dsp;;1,5968E+18;16.58;1596.2;986; OK;0;1021;195087;34;2.9;2.9;2.8;2.6;16/07/2020 09:37;5.15;1.84;1.24;30;3.24;2.08;28.62;12.62;4.57;7.93;dsp_parametros_60.txt;1045;1011;38;30;57.8;41.6;63;21216;6.64;2012;629;53.2;186244;0;764;172;165;3.99;750;192;64;29.5;12.05;1.13;122;data;173;'-13;118;154;123;115;121;686;0;0;3.514;96.7;0.107;4.833;0;3;3300;3300
db_buhler_1_dsp;;1,5968E+18;14.37;1596.5;988; OK;0;1024;195415;33;2.7;2.9;2.8;2.6;18/07/2020 16:17;5.15;1.83;1.24;28;3.19;2.06;26.26;12.61;4.46;8.41;dsp_parametros_60.txt;1047;1014;38;29;53;39.3;59;21963;6.66;2340;632;53;186572;0;768;178;171;3.98;750;192;69;30.28;12.01;3.11;154;data;168;'-13;135;56;'-6;126;120;673;0;0;3.397;97.6;0.109;4.275;0;3;3300;3300
db_buhler_1_dsp;;1,5968E+18;16.49;1596.4;986; OK;0;1021;195149;34;2.8;3;2.7;2.6;16/07/2020 14:40;5.15;1.81;1.24;30;3.23;2.06;28.06;12.62;4.5;8.55;dsp_parametros_60.txt;1045;1011;39;30;57.8;42;63.9;22002;6.7;2074;629;53.2;186306;0;765;173;166;3.99;749;192;63;30.22;12.1;0.99;37;data;171;'-13;117;153;123;114;120;683;0;0;3.438;97.6;0.108;4.687;0;3;3300;3300
db_buhler_1_dsp;;1,5968E+18;14.22;1596.1;987; OK;0;1021;195207;32;1.5;1.8;1.6;1.4;18/07/2020 07:15;5.15;1.59;1.26;32;3.21;2.35;25.9;12.61;4.71;8.29;dsp_parametros_60.txt;1043;1011;36;28;53.2;40.1;58.9;21987;6.64;2132;629;52.9;186364;0;761;171;163;3.97;752;193;72;29.92;11.98;3.15;40;data;165;'-13;135;40;'-6;122;116;680;0;0;3.642;96.9;0.108;4.544;0;3;3300;3300
db_buhler_1_dsp;;1,5968E+18;14.42;1596.2;987; OK;0;1021;195229;34;1.5;1.8;1.5;1.3;18/07/2020 07:51;5.15;1.78;1.24;31;3.21;2.18;26.2;12.61;4.61;8.48;dsp_parametros_60.txt;1044;1010;38;30;54.6;39.1;58.7;22058;6.76;2154;628;53;186386;0;764;172;164;3.98;750;193;72;30.24;12.11;3.1;62;data;166;'-13;135;46;'-6;123;117;681;0;0;3.554;97.9;0.108;4.639;0;3;3300;3300
db_buhler_1_dsp;;1,5968E+18;16.72;1596.4;986; OK;0;1021;195163;33;2.8;3;2.7;2.6;16/07/2020 15:03;5.15;1.81;1.24;31;3.23;2.05;28.3;12.61;4.54;8.63;dsp_parametros_60.txt;1044;1011;39;29;55.9;41.4;64.4;22076;6.72;2088;629;53.3;186320;0;765;173;166;4;749;191;61;29.82;12.14;0.99;51;data;172;'-13;118;153;124;115;120;681;0;0;3.477;97.3;0.108;4.529;0;3;3300;3300
db_buhler_1_dsp;;1,5968E+18;14.19;1596.4;988; OK;0;1024;195283;33;2.7;2.9;2.8;2.8;18/07/2020 12:33;5.15;1.78;1.24;28;3.21;2.21;25.86;12.6;4.59;8.61;dsp_parametros_60.txt;1047;1014;38;30;54.4;39;59.2;22029;6.72;2208;632;53.1;186440;0;766;175;168;3.98;750;192;69;29.66;12.06;3.05;22;data;167;'-11;135;50;'-6;122;117;683;0;0;3.521;96.8;0.108;4.51;0;3;3300;3300
db_buhler_1_dsp;;1,5968E+18;14.48;1596.2;987; OK;0;1021;195236;33;1.5;1.7;1.5;1.3;18/07/2020 08:02;5.15;1.77;1.25;31;3.21;2.2;26.1;12.61;4.61;8.47;dsp_parametros_60.txt;1044;1011;37;29;53.8;39.1;59.3;22056;6.82;2161;629;53;186393;0;763;172;164;3.98;751;191;72;29.96;12.18;3.1;69;data;166;'-13;135;47;'-6;123;117;675;0;0;3.546;97.6;0.107;4.632;0;3;3300;3300
db_buhler_1_dsp;;1,5968E+18;14.45;1596.5;987; OK;0;1024;195408;34;2.8;3;2.8;2.7;18/07/2020 16:06;5.15;1.82;1.24;27;3.19;2.07;26.26;12.61;4.47;8.52;dsp_parametros_60.txt;1048;1014;38;29;54.7;39.2;59.2;21992;6.62;2333;632;53.1;186565;0;768;178;170;3.98;750;191;70;29.66;11.97;3.01;147;data;168;'-13;135;56;'-6;125;120;671;0;0;3.411;97.1;0.109;4.436;0;3;3300;3300
db_buhler_1_dsp;;1,5968E+18;16.68;1596.2;986; OK;0;1021;195090;34;2.9;3;2.8;2.6;16/07/2020 09:42;5.15;1.85;1.25;30;3.23;2.06;28.2;12.61;4.59;7.88;dsp_parametros_60.txt;1045;1011;40;31;55.8;40.9;62.8;21381;6.7;2015;629;53.2;186247;0;765;172;165;3.99;750;188;63;29.98;12.12;1;125;data;173;'-13;118;153;123;115;121;682;0;0;3.527;97;0.107;4.775;0;3;3300;3300
db_buhler_1_dsp;;1,5968E+18;13.59;1596.5;930;BAD;0;1021;195114;22;2.9;3.1;2.9;3.1;16/07/2020 13:43;5.15;1.5;1.1;33;3.28;2.95;26.06;12.62;5.29;8.2;dsp_parametros_60.txt;1042;1020;0;0;0;0;'-0.1;22069;16.06;2039;638;25.8;186271;0;288;172;164;1.93;250;193;24;29.26;21.52;1.05;2;data;101;'-13;74;106;90;70;77;687;0;0;4.233;104.4;0.202;5.281;0;3;3300;3300
db_buhler_1_dsp;;1,5968E+18;14.31;1596.2;988; OK;0;1022;195489;33;2.8;2.8;2.6;2.6;20/07/2020 06:46;5.14;1.66;1.18;30;3.22;2.44;26.34;12.61;4.67;8.37;dsp_parametros_60.txt;1045;1012;38;29;54.8;38.6;57.7;22037;6.7;2414;630;52.9;186646;0;760;170;163;3.97;750;194;74;29.98;12.05;3.09;34;data;166;'-13;135;37;'-6;127;115;688;0;0;3.605;97.5;0.108;4.571;0;3;3300;3300
db_buhler_1_dsp;;1,5968E+18;14.35;1596.2;986; OK;0;1020;195524;32;2.8;2.8;2.6;2.5;20/07/2020 07:43;5.14;1.79;1.25;33;3.21;2.18;26.06;12.62;4.55;8.34;dsp_parametros_60.txt;1042;1010;39;30;56.1;39.3;59;22074;6.7;2449;628;53;186681;0;763;171;164;3.98;749;190;73;29.64;12.06;3.11;69;data;167;'-13;136;43;'-7;130;117;684;0;0;3.485;96.7;0.108;4.27;0;3;3300;3300
db_buhler_1_dsp;;1,5968E+18;14.32;1596.2;987; OK;0;1022;195523;32;2.8;2.9;2.7;2.5;20/07/2020 07:41;5.15;1.81;1.25;31;3.19;2.17;26.22;12.61;4.54;8.34;dsp_parametros_60.txt;1044;1012;40;31;53.2;38.7;58.5;21995;6.68;2448;630;53;186680;0;764;171;164;3.97;754;189;70;29.94;12.03;3.1;68;data;167;'-13;135;43;'-6;129;117;683;0;0;3.475;97.3;0.108;4.267;0;3;3300;3300
db_buhler_1_dsp;;1,5968E+18;14.32;1596.5;988; OK;0;1023;195590;33;2.8;3.1;2.8;2.9;20/07/2020 11:33;5.11;1.81;1.25;29;3.2;2.2;26.12;12.62;4.52;8.38;dsp_parametros_60.txt;1046;1013;38;30;54.3;40.7;60.5;22021;6.66;2515;631;53;186747;0;757;174;167;3.97;740;195;71;29.7;12;3.04;135;data;167;'-13;135;49;'-6;128;116;680;0;0;3.459;96.7;0.109;4.54;0;3;3300;3300
db_buhler_1_dsp;;1,5968E+18;14.32;1596.2;988; OK;0;1021;195254;33;1.5;1.8;1.5;1.3;18/07/2020 08:32;5.15;1.81;1.24;31;3.19;2.16;26.12;12.62;4.6;8.56;dsp_parametros_60.txt;1044;1011;37;29;52.8;40.4;58.8;22709;6.64;2179;629;53;186411;0;764;172;165;3.98;748;192;71;29.9;11.99;3.01;87;data;166;'-13;135;49;'-6;123;118;676;0;0;3.532;97.1;0.107;4.446;0;3;3300;3300
db_buhler_1_dsp;;1,5968E+18;14.06;1596.5;990;LOK;0;1023;195267;33;2.6;2.9;2.8;2.9;18/07/2020 12:07;5.15;1.65;1.18;30;3.23;2.43;25.9;12.62;4.74;8.65;dsp_parametros_60.txt;1045;1012;39;29;53.7;38.4;59.4;21957;6.72;2192;630;52.3;186424;0;763;174;168;3.92;750;191;69;29.58;12.06;3.09;6;data;178;'-13;135;51;'-6;115;114;686;0;0;3.671;97;0.108;4.631;0;3;3300;3300
db_buhler_1_dsp;;1,5968E+18;14.15;1596.5;987; OK;0;1022;195268;32;2.6;2.9;2.8;2.9;18/07/2020 12:09;5.14;1.65;1.19;31;3.24;2.41;26.1;12.61;4.6;8.43;dsp_parametros_60.txt;1044;1012;38;29;55.2;39.8;57.8;21977;6.7;2193;630;53;186425;0;763;174;168;3.97;750;194;72;29.62;12.05;3.12;7;data;172;'-12;135;50;'-6;116;113;686;0;0;3.533;97.2;0.108;4.314;0;3;3300;3300
db_buhler_1_dsp;;1,5968E+18;14.19;1596.3;986; OK;0;1021;195611;33;2.7;2.8;2.7;2.6;21/07/2020 05:57;5.11;1.64;1.2;31;3.25;2.64;26.32;12.61;4.77;8.38;dsp_parametros_60.txt;1044;1011;39;31;56.3;39.7;58.8;22090;6.7;2536;629;53;186768;0;747;171;164;3.97;740;192;73;29.88;12.09;3.11;11;data;165;'-13;131;34;'-6;123;113;686;0;0;3.703;97.7;0.108;4.658;0;3;3300;3300
db_buhler_1_dsp;;1,5968E+18;16.36;1596.4;987; OK;0;1022;195147;33;2.7;3;2.7;2.6;16/07/2020 14:37;5.14;1.82;1.25;30;3.23;2.07;28.44;12.61;4.61;8.48;dsp_parametros_60.txt;1045;1012;38;29;56.9;41;62.5;22045;6.72;2072;630;53.2;186304;0;763;173;166;3.99;750;191;62;29.68;12.12;0.99;35;data;172;'-13;117;153;123;114;120;686;0;0;3.546;97.2;0.108;4.618;0;3;3300;3300
db_buhler_1_dsp;;1,5968E+18;14.17;1596.3;987; OK;0;1022;195617;33;2.8;2.9;2.7;2.7;21/07/2020 06:07;5.11;1.65;1.1;30;3.24;2.5;26.12;12.61;4.71;8.61;dsp_parametros_60.txt;1045;1012;40;31;55.5;40.5;58.9;22060;6.74;2542;630;52.9;186774;0;748;172;164;3.97;740;192;74;29.92;12.13;3.12;17;data;165;'-13;133;35;'-6;125;115;686;0;0;3.65;97.6;0.108;4.725;0;3;3300;3300
db_buhler_1_dsp;;1,5968E+18;14.11;1596.5;987; OK;0;1022;195270;32;2.7;2.9;2.8;2.9;18/07/2020 12:12;5.15;1.64;1.19;31;3.21;2.33;26.12;12.61;4.68;8.65;dsp_parametros_60.txt;1044;1012;39;30;53.5;39.5;58.9;22052;6.66;2195;630;52.9;186427;0;764;174;168;3.97;750;191;70;30.16;12.02;3.12;9;data;167;'-13;135;51;'-6;117;113;685;0;0;3.612;97.9;0.108;4.252;0;3;3300;3300
db_buhler_1_dsp;;1,5968E+18;14.14;1596.2;988; OK;0;1024;195475;33;2.8;2.9;2.7;2.7;20/07/2020 06:23;5.15;1.64;1.2;28;3.24;2.65;26.16;12.62;4.79;8.33;dsp_parametros_60.txt;1047;1014;34;26;53.3;40.7;58.8;22015;6.66;2400;632;53.1;186632;0;756;170;163;3.98;750;193;71;29.66;12.07;3.11;20;data;164;'-13;134;34;'-6;118;112;686;0;0;3.73;97.3;0.109;4.661;0;3;3300;3300
db_buhler_1_dsp;;1,5968E+18;13.48;1596.3;930;BAD;0;1017;195458;24;2.8;2.9;2.7;2.9;20/07/2020 05:56;5.14;1.51;1.14;35;3.22;3.42;25.38;12.61;5.29;8.28;dsp_parametros_60.txt;1040;1016;0;0;0;0;'-0.1;21925;26.28;2383;634;25.7;186615;0;287;173;166;1.93;251;190;27;29.86;31.77;3.16;3;data;123;'-13;93;30;'-6;76;84;688;0;0;4.236;191.2;0.202;5.521;0;3;3300;3300
db_buhler_1_dsp;;1,5968E+18;13.92;1596.3;986; OK;0;1024;195462;34;2.7;2.8;2.6;2.7;20/07/2020 06:02;5.15;1.59;1.14;28;3.28;3.27;25.9;12.61;4.85;8.36;dsp_parametros_60.txt;1047;1013;28;20;54.7;40.4;59.3;22022;6.7;2387;631;53;186619;0;755;170;164;3.97;752;193;73;29.88;12.15;3.13;7;data;159;'-13;132;31;'-6;107;101;686;0;0;3.791;97.4;0.109;4.656;0;3;3300;3300
db_buhler_1_dsp;;1,5968E+18;14.48;1596.3;987; OK;0;1022;195534;32;2.8;2.8;2.6;2.4;20/07/2020 07:59;5.15;1.85;1.24;31;3.2;2.17;26.34;12.62;4.54;8.33;dsp_parametros_60.txt;1044;1012;39;30;55;38.5;59.4;22007;6.66;2459;630;53;186691;0;764;171;164;3.98;750;191;69;29.94;12.02;3.11;79;data;166;'-13;135;45;'-6;129;118;675;0;0;3.478;97.2;0.108;4.371;0;3;3300;3300
db_buhler_1_dsp;;1,5968E+18;14.28;1596.5;987; OK;0;1022;195584;32;2.8;3.1;2.8;2.9;20/07/2020 11:23;5.11;1.78;1.25;31;3.19;2.22;26.1;12.6;4.55;8.59;dsp_parametros_60.txt;1044;1012;37;28;55.7;40.5;60.3;22020;6.64;2509;630;52.9;186741;0;756;174;167;3.97;740;190;73;29.28;11.99;3.04;129;data;165;'-13;135;48;'-6;126;115;678;0;0;3.482;96.5;0.108;4.197;0;3;3300;3300
db_buhler_1_dsp;;1,5968E+18;16.56;1596.2;986; OK;0;1021;195038;33;2.8;2.9;2.7;2.7;16/07/2020 08:18;5.14;1.8;1.25;31;3.24;2.11;27.78;12.61;4.62;8.4;dsp_parametros_60.txt;1044;1011;37;29;56.4;41.5;64.3;22048;6.74;1963;629;53.1;186195;0;762;171;164;3.98;749;189;63;29.66;12.16;1;73;data;171;'-13;118;152;123;114;119;685;0;0;3.552;96.8;0.108;4.637;0;3;3300;3300
db_buhler_1_dsp;;1,5968E+18;14.56;1596.2;987; OK;0;1021;195527;33;2.8;2.9;2.7;2.5;20/07/2020 07:48;5.15;1.77;1.24;31;3.2;2.18;25.98;12.62;4.55;8.32;dsp_parametros_60.txt;1044;1011;37;28;52.9;39.6;59.1;22060;6.66;2452;629;53.1;186684;0;764;171;164;3.98;750;192;71;29.88;12.01;3.05;72;data;166;'-13;135;44;'-6;130;117;673;0;0;3.483;96.9;0.108;4.609;0;3;3300;3300
db_buhler_1_dsp;;1,5968E+18;14.41;1596.4;987; OK;0;1022;195356;32;2.7;2.9;2.7;2.6;18/07/2020 14:31;5.15;1.83;1.25;31;3.19;2.09;26.1;12.61;4.52;8.34;dsp_parametros_60.txt;1044;1012;38;29;54.1;40.8;59.1;22063;6.72;2281;630;53;186513;0;768;177;170;3.98;749;192;72;29.28;12.08;3.11;95;data;168;'-13;136;54;'-6;126;120;678;0;0;3.453;96.6;0.108;4.2;0;3;3300;3300
db_buhler_1_dsp;;1,5968E+18;14.51;1596.2;987; OK;0;1022;195514;32;2.8;2.8;2.6;2.5;20/07/2020 07:27;5.15;1.83;1.24;31;3.21;2.21;26.2;12.61;4.59;8.38;dsp_parametros_60.txt;1044;1012;37;29;54.9;39.7;58;22066;6.66;2439;630;53.1;186671;0;763;171;163;3.98;750;193;71;29.68;12.01;3.09;59;data;167;'-13;137;42;'-6;129;117;681;0;0;3.529;97;0.108;4.325;0;3;3300;3300
db_buhler_1_dsp;;1,5968E+18;13.51;1596.5;930;BAD;0;1014;195575;22;3;3.3;3;3.2;20/07/2020 11:08;5.11;1.48;1.25;39;3.13;2.34;25.54;12.62;5.03;8.63;dsp_parametros_60.txt;1036;1014;0;0;0.1;0.1;'-0.2;21973;13.54;2500;632;25.8;186732;0;301;173;165;1.93;251;190;23;29.96;18.9;3.1;120;data;171;'-12;120;49;'-6;111;120;680;0;0;3.979;104.1;0.201;5.141;0;3;3300;3300
db_buhler_1_dsp;;1,5968E+18;13.87;1596.5;994;LOK;0;1023;195576;32;2.8;3.2;2.9;3.1;20/07/2020 11:10;5.11;1.58;1.26;31;3.21;2.32;25.02;12.62;4.92;8.37;dsp_parametros_60.txt;1044;1012;46;33;53.2;39.4;59.6;21958;8.18;2501;630;50.6;186733;0;753;173;165;3.8;740;192;67;29.68;13.54;3.12;121;data;187;'-13;121;50;'-6;120;122;680;0;0;3.852;97.7;0.11;4.513;0;3;3300;3300
db_buhler_1_dsp;;1,5968E+18;13.5;1596.5;930;BAD;0;1015;195574;22;2.8;3.1;2.9;3.1;20/07/2020 11:07;5.11;1.48;1.18;38;3.21;2.42;25.46;12.61;5.05;8;dsp_parametros_60.txt;1037;1015;0;0;0.1;0;'-0.1;21999;13.74;2499;633;25.8;186731;0;297;173;166;1.94;250;194;36;29.68;19.1;3.05;119;data;139;'-13;109;49;'-6;97;102;680;0;0;3.999;103.3;0.201;5.398;0;3;3300;3300
db_buhler_1_dsp;;1,5968E+18;14.18;1596.2;988; OK;0;1024;195632;33;2.8;2.8;2.7;2.5;21/07/2020 06:31;5.11;1.76;1.25;28;3.22;2.28;25.96;12.62;4.6;8.66;dsp_parametros_60.txt;1047;1014;42;34;53.3;39;58.6;22042;6.64;2557;632;53.2;186789;0;753;172;164;3.99;740;192;72;29.68;11.98;3.1;32;data;167;'-13;135;38;'-6;129;118;688;0;0;3.54;97.1;0.109;4.658;0;3;3300;3300
db_buhler_1_dsp;;1,5968E+18;14.27;1596.2;987; OK;0;1022;195630;33;2.8;2.8;2.7;2.5;21/07/2020 06:28;5.11;1.74;1.25;30;3.23;2.29;25.98;12.61;4.62;8.71;dsp_parametros_60.txt;1045;1012;42;34;55.2;39.4;59.2;21996;6.74;2555;630;53.2;186787;0;752;172;164;3.99;740;192;72;29.92;12.08;3.05;30;data;167;'-13;134;38;'-6;128;118;688;0;0;3.556;97.3;0.108;4.522;0;3;3300;3300
db_buhler_1_dsp;;1,5968E+18;14.15;1596.2;987; OK;0;1023;195628;33;2.8;2.8;2.7;2.5;21/07/2020 06:25;5.11;1.64;1.18;29;3.21;2.33;26.3;12.61;4.64;8.37;dsp_parametros_60.txt;1046;1013;42;33;54.8;40.7;59.5;22057;6.7;2553;631;53;186785;0;752;172;164;3.98;739;191;72;29.9;12.05;3.04;28;data;167;'-13;135;37;'-6;128;118;688;0;0;3.578;97.2;0.108;4.576;0;3;3300;3300
db_buhler_1_dsp;;1,5968E+18;14.28;1596.3;987; OK;0;1023;195631;32;2.8;2.8;2.7;2.6;21/07/2020 06:29;5.11;1.75;1.25;30;3.2;2.3;26.02;12.6;4.62;8.39;dsp_parametros_60.txt;1045;1013;42;34;53.4;41.1;58.9;22031;6.72;2556;631;53.2;186788;0;753;172;164;3.99;733;191;71;29.62;12.08;3.05;31;data;167;'-13;135;38;'-6;129;118;688;0;0;3.551;96.7;0.108;4.404;0;3;3300;3300
db_buhler_1_dsp;;1,5968E+18;14.49;1596.3;988; OK;0;1022;195636;33;2.8;2.8;2.7;2.6;21/07/2020 06:38;5.11;1.66;1.25;30;3.21;2.24;26.34;12.62;4.57;8.42;dsp_parametros_60.txt;1045;1012;43;35;54.6;39.5;59.6;22106;6.72;2561;630;53.1;186793;0;753;172;164;3.98;740;189;72;29.62;12.07;3.12;36;data;168;'-13;135;39;'-6;130;119;678;0;0;3.509;97.1;0.108;4.575;0;3;3300;3300
db_buhler_1_dsp;;1,5968E+18;14.33;1596.3;988; OK;0;1023;195634;33;2.8;2.8;2.7;2.6;21/07/2020 06:34;5.11;1.67;1.25;29;3.22;2.27;26.32;12.62;4.63;8.37;dsp_parametros_60.txt;1046;1013;43;35;54.9;40.3;59.4;22075;6.7;2559;631;53.1;186791;0;752;172;164;3.98;741;192;70;30.16;12.05;3.04;34;data;168;'-13;135;39;'-6;129;119;689;0;0;3.564;97.5;0.108;4.523;0;3;3300;3300
db_buhler_1_dsp;;1,5968E+18;14.23;1596.3;988; OK;0;1024;195624;33;2.8;2.9;2.7;2.6;21/07/2020 06:18;5.11;1.65;1.19;28;3.23;2.38;26.32;12.61;4.68;8.39;dsp_parametros_60.txt;1047;1014;41;33;53.4;39.5;59.9;22085;6.66;2549;632;53.1;186781;0;750;172;165;3.98;739;191;74;29.32;12.02;3.06;24;data;167;'-13;134;36;'-6;128;117;687;0;0;3.623;96.7;0.108;4.811;0;3;3300;3300
db_buhler_1_dsp;;1,5968E+18;14.31;1596.5;987; OK;0;1023;195594;33;2.8;3.1;2.8;2.9;20/07/2020 11:39;5.11;1.79;1.23;29;3.2;2.18;26.06;12.61;4.53;8.42;dsp_parametros_60.txt;1046;1013;37;28;54.3;40.8;59.2;22021;6.64;2519;631;52.9;186751;0;756;174;167;3.97;741;194;72;29.96;11.99;3.1;139;data;166;'-13;135;49;'-7;129;117;673;0;0;3.467;97;0.109;4.502;0;3;3300;3300
db_buhler_1_dsp;;1,5968E+18;14.21;1596.3;986; OK;0;1021;195613;32;2.7;2.8;2.6;2.6;21/07/2020 06:00;5.11;1.64;1.2;31;3.24;2.61;26.22;12.62;4.74;8.38;dsp_parametros_60.txt;1044;1012;39;31;54.6;40.4;59.5;21982;6.68;2538;630;53;186770;0;747;171;165;3.98;740;194;74;30.2;12.08;3.12;13;data;165;'-13;132;34;'-6;124;114;686;0;0;3.681;97.7;0.108;4.597;0;3;3300;3300
db_buhler_1_dsp;;1,5968E+18;13.99;1596.3;991;LOK;0;1025;195600;32;2.7;2.8;2.7;2.8;21/07/2020 05:39;5.11;1.62;1.13;29;3.22;3.29;26.08;12.61;4.94;8.35;dsp_parametros_60.txt;1046;1014;32;25;55.6;39;60.7;21981;6.68;2525;632;52.2;186757;0;744;172;164;3.92;741;192;75;29.6;12.13;3.15;5;data;158;'-13;128;31;'-6;104;97;684;0;0;3.875;97.4;0.109;4.436;0;3;3300;3300
db_buhler_1_dsp;;1,5968E+18;13.99;1596.3;986; OK;0;1022;195603;33;2.6;2.7;2.6;2.7;21/07/2020 05:44;5.11;1.61;1.12;31;3.28;3.19;26.08;12.62;4.81;8.61;dsp_parametros_60.txt;1044;1011;43;37;54.3;38.8;59.3;22028;6.66;2528;629;52.9;186760;0;745;172;165;3.97;743;190;74;29.34;12.08;3.09;3;data;162;'-13;131;32;'-6;114;105;686;0;0;3.753;97;0.108;4.481;0;3;3300;3300
db_buhler_1_dsp;;1,5968E+18;13.89;1596.4;996;LOK;0;1026;195599;35;2.7;2.8;2.7;2.8;21/07/2020 05:38;5.11;1.51;1.13;27;3.31;3.33;25.46;12.62;5.18;8.38;dsp_parametros_60.txt;1048;1013;31;24;54.4;38.6;58.3;21859;8.72;2524;631;50.5;186756;0;744;172;163;3.79;741;191;72;29.84;14.17;3.19;4;data;157;'-13;115;30;'-6;98;96;684;0;0;4.117;99.1;0.11;4.999;0;3;3300;3300
db_buhler_1_dsp;;1,5968E+18;14.34;1596.2;987; OK;0;1022;195498;32;2.8;2.9;2.7;2.6;20/07/2020 07:01;5.15;1.75;1.25;31;3.21;2.31;26;12.62;4.64;8.34;dsp_parametros_60.txt;1044;1012;38;29;54.7;38.6;58.3;22058;6.66;2423;630;52.9;186655;0;761;170;163;3.97;750;191;75;30;12.01;3.13;43;data;166;'-13;135;39;'-6;128;116;675;0;0;3.578;97.1;0.108;4.495;0;3;3300;3300
db_buhler_1_dsp;;1,5968E+18;14.31;1596.5;987; OK;0;1024;195429;33;2.7;2.9;2.8;2.6;18/07/2020 16:40;5.15;1.7;1.24;29;3.19;2.07;26.58;12.62;4.52;8.38;dsp_parametros_60.txt;1046;1013;38;30;53.4;39.9;59.3;22058;6.62;2354;631;53;186586;0;767;178;171;3.97;750;190;70;29.64;11.97;3.01;168;data;167;'-13;135;56;'-6;126;120;673;0;0;3.454;97;0.109;4.135;0;3;3300;3300
db_buhler_1_dsp;;1,5968E+18;14.32;1596.4;987; OK;0;1022;195366;33;2.8;3;2.8;2.7;18/07/2020 14:47;5.15;1.82;1.24;30;3.2;2.11;26.28;12.61;4.52;8.48;dsp_parametros_60.txt;1045;1012;37;28;54.7;39.7;59.7;22047;6.6;2291;630;53;186523;0;767;177;170;3.98;751;190;71;29.9;11.96;3.03;105;data;168;'-13;136;55;'-6;125;120;680;0;0;3.452;97.1;0.108;4.341;0;3;3300;3300
db_buhler_1_dsp;;1,5968E+18;14.38;1596.5;986; OK;0;1021;195418;33;2.7;2.9;2.7;2.6;18/07/2020 16:22;5.15;1.7;1.24;31;3.19;2.06;26.42;12.62;4.46;8.36;dsp_parametros_60.txt;1044;1011;38;29;53.2;39.9;58.7;22086;6.62;2343;629;53.1;186575;0;767;178;171;3.98;750;190;71;29.94;11.97;3.1;157;data;167;'-13;134;56;'-6;125;120;673;0;0;3.407;97.3;0.108;4.301;0;3;3300;3300
db_buhler_1_dsp;;1,5968E+18;14.53;1596.4;988; OK;0;1022;195304;32;2.8;3;2.8;2.8;18/07/2020 13:07;5.15;1.83;1.24;30;3.19;2.13;26.58;12.62;4.55;8.35;dsp_parametros_60.txt;1045;1013;37;28;53.6;40;60.1;22038;6.68;2229;631;53;186461;0;767;176;169;3.98;750;196;69;29.58;12.04;3.09;43;data;168;'-13;135;51;'-6;124;119;678;0;0;3.491;97.4;0.108;4.273;0;3;3300;3300
db_buhler_1_dsp;;1,5968E+18;14.36;1596.5;987; OK;0;1024;195401;33;2.8;3;2.8;2.7;18/07/2020 15:55;5.15;1.82;1.25;29;3.19;2.08;26.2;12.62;4.48;8.57;dsp_parametros_60.txt;1046;1013;39;30;54.5;40;59.9;22072;6.64;2326;631;53;186558;0;768;178;170;3.98;751;192;69;29.84;11.99;3.07;140;data;168;'-13;136;56;'-6;125;120;676;0;0;3.424;97.1;0.109;4.231;0;3;3300;3300
db_buhler_1_dsp;;1,5968E+18;13.78;1596.3;989;LOK;0;1022;195172;34;1.6;2;1.7;1.9;18/07/2020 06:19;5.15;1.6;1.15;31;3.32;3.49;26.18;12.61;5.02;8.24;dsp_parametros_60.txt;1044;1010;27;20;53.5;39.7;58.5;21747;6.72;2097;628;52.1;186329;0;754;171;163;3.91;750;190;75;30.24;12.18;3.15;5;data;152;'-13;132;32;'-6;99;96;685;0;0;3.951;98.1;0.108;4.707;0;3;3300;3300
db_buhler_1_dsp;;1,5968E+18;14.1;1596.2;986; OK;0;1020;195192;33;1.4;1.8;1.5;1.4;18/07/2020 06:51;5.15;1.62;1.11;32;3.24;2.6;26.2;12.62;4.77;8.53;dsp_parametros_60.txt;1043;1010;34;26;54.6;38.9;58.6;22035;6.7;2117;628;52.9;186349;0;757;171;163;3.97;750;193;78;29.68;12.09;3.07;25;data;165;'-13;135;38;'-6;120;114;683;0;0;3.708;97.4;0.108;4.602;0;3;3300;3300
db_buhler_1_dsp;;1,5968E+18;14.36;1596.2;986; OK;0;1020;195226;32;1.4;1.7;1.4;1.2;18/07/2020 07:46;5.15;1.75;1.24;33;3.2;2.19;26.02;12.62;4.65;8.54;dsp_parametros_60.txt;1042;1010;37;29;54.8;39.2;58.6;22070;6.82;2151;628;53;186383;0;762;171;164;3.97;751;193;73;29.58;12.16;3.1;59;data;165;'-13;135;45;'-6;122;117;681;0;0;3.586;97;0.107;4.282;0;3;3300;3300
db_buhler_1_dsp;;1,5968E+18;14.14;1596.5;987; OK;0;1023;195269;33;2.6;2.9;2.7;2.8;18/07/2020 12:10;5.15;1.65;1.26;29;3.22;2.38;26.38;12.61;4.65;8.65;dsp_parametros_60.txt;1046;1013;38;29;54.7;39.3;60.7;22012;6.62;2194;631;52.9;186426;0;763;174;168;3.97;750;192;69;29.6;11.98;3.14;8;data;169;'-13;136;51;'-6;117;113;685;0;0;3.582;97.3;0.108;4.402;0;3;3300;3300
db_buhler_1_dsp;;1,5968E+18;14.58;1596.2;987; OK;0;1022;195679;34;2.7;2.8;2.6;2.5;21/07/2020 10:09;5.11;1.64;1.18;31;3.25;2.41;26.64;12.62;4.56;8.38;dsp_parametros_60.txt;1044;1010;40;32;62.2;40.9;65.2;22083;6.72;2604;628;53.1;186836;0;755;173;166;3.98;740;190;68;29.9;12.07;3.12;79;data;163;'-13;141;49;119;116;115;678;0;0;3.492;97.6;0.108;4.446;0;3;3300;3300
db_buhler_1_dsp;;1,5968E+18;16.58;1596.2;986; OK;0;1021;195047;33;2.8;2.9;2.7;2.6;16/07/2020 08:32;5.15;1.82;1.24;31;3.24;2.1;28.22;12.61;4.61;8.71;dsp_parametros_60.txt;1044;1011;40;31;58.5;40.7;62.3;22097;6.66;1972;629;53.2;186204;0;764;171;164;3.99;749;191;60;29.92;12.09;1;82;data;172;'-13;118;153;123;115;120;687;0;0;3.55;97.7;0.107;4.617;0;3;3300;3300
db_buhler_1_dsp;;1,5968E+18;16.61;1596.2;987; OK;0;1021;195063;34;2.8;2.9;2.7;2.6;16/07/2020 08:58;5.15;1.83;1.25;31;3.23;2.1;28.16;12.62;4.62;8.62;dsp_parametros_60.txt;1044;1010;39;30;58.9;42;64.3;22014;6.68;1988;628;53;186220;0;763;171;164;3.97;750;191;63;29.72;12.09;0.99;98;data;172;'-13;118;153;124;115;121;686;0;0;3.558;97.1;0.108;4.71;0;3;3300;3300
db_buhler_1_dsp;;1,5968E+18;15.37;1596.2;987; OK;0;1021;195725;34;2.7;2.7;2.6;2.4;21/07/2020 11:25;5.11;1.75;1.24;31;3.2;2.17;26.7;12.62;4.5;8.39;dsp_parametros_60.txt;1044;1010;45;37;62.9;40.8;64.7;22053;6.64;2650;628;53.1;186882;0;757;175;168;3.98;738;188;70;29.92;12;3;125;data;167;'-13;143;51;122;122;120;672;0;0;3.432;97.4;0.107;4.494;0;3;3300;3300
db_buhler_1_dsp;;1,5968E+18;15.01;1596.2;986; OK;0;1021;195724;32;2.7;2.7;2.6;2.4;21/07/2020 11:23;5.11;1.81;1.24;33;3.2;2.17;27.24;12.62;4.47;8.41;dsp_parametros_60.txt;1042;1010;45;37;63;40.9;64.3;22034;6.74;2649;628;53.1;186881;0;758;175;168;3.98;740;190;69;29.84;12.08;3.02;124;data;167;'-13;144;51;123;122;120;669;0;0;3.407;98;0.107;3.987;0;3;3300;3300
db_buhler_1_dsp;;1,5968E+18;14.19;1596.2;987; OK;0;1021;195188;34;1.4;1.8;1.5;1.4;18/07/2020 06:45;5.15;1.61;1.12;31;3.27;2.7;26.24;12.61;4.79;8.3;dsp_parametros_60.txt;1044;1010;33;25;53.9;39.3;58.6;22044;6.7;2113;628;52.8;186345;0;757;171;163;3.96;750;190;85;29.9;12.09;3.11;21;data;162;'-13;136;37;'-6;118;113;683;0;0;3.728;97.4;0.107;4.623;0;3;3300;3300
db_buhler_1_dsp;;1,5968E+18;14.43;1596.2;987; OK;0;1021;195240;33;1.3;1.7;1.4;1.2;18/07/2020 08:09;5.15;1.78;1.24;32;3.2;2.15;26.08;12.61;4.62;8.86;dsp_parametros_60.txt;1043;1010;37;28;54.9;39.3;58;22077;6.64;2165;628;53;186397;0;763;172;164;3.98;750;192;74;29.94;11.99;3.11;73;data;165;'-13;135;47;'-6;123;117;675;0;0;3.557;97.6;0.108;4.365;0;3;3300;3300
db_buhler_1_dsp;;1,5968E+18;14.29;1596.2;988; OK;0;1022;195241;33;1.4;1.6;1.4;1.2;18/07/2020 08:11;5.15;1.77;1.25;31;3.2;2.19;26.06;12.61;4.61;8.47;dsp_parametros_60.txt;1044;1011;35;27;53.1;39.9;58.8;22024;6.8;2166;629;53;186398;0;763;172;164;3.98;750;191;73;29.94;12.14;3.06;74;data;165;'-13;136;48;'-6;123;117;675;0;0;3.553;97.2;0.107;4.336;0;3;3300;3300
db_buhler_1_dsp;;1,5968E+18;16.42;1596.2;987; OK;0;1022;195081;33;2.9;2.9;2.7;2.6;16/07/2020 09:27;5.14;1.84;1.24;29;3.24;2.04;28.36;12.61;4.57;7.89;dsp_parametros_60.txt;1046;1013;39;30;56.5;40.7;62.8;20924;6.74;2006;631;53.1;186238;0;764;172;165;3.98;750;194;62;30.22;12.14;1;116;data;172;'-13;118;153;123;115;121;688;0;0;3.511;97.5;0.108;4.673;0;3;3300;3300
db_buhler_1_dsp;;1,5968E+18;16.85;1596.2;986; OK;0;1020;195094;34;2.9;2.9;2.8;2.6;16/07/2020 09:48;5.15;1.85;1.25;31;3.23;2.05;28.52;12.62;4.53;7.88;dsp_parametros_60.txt;1044;1010;37;28;56.9;40.2;61.3;20843;6.76;2019;628;53.2;186251;0;764;172;165;3.99;749;191;62;29.98;12.18;1;129;data;172;'-13;118;153;123;115;121;688;0;0;3.467;97.6;0.107;4.752;0;3;3300;3300
db_buhler_1_dsp;;1,5968E+18;15.78;1596.2;986; OK;0;1022;194998;33;2.9;3.1;2.8;2.8;16/07/2020 06:59;5.15;1.68;1.25;31;3.28;2.42;27.98;12.62;4.78;8.41;dsp_parametros_60.txt;1044;1011;31;22;57.8;40.9;63.1;22087;6.68;1923;629;53.2;186155;0;757;170;162;3.99;750;190;63;29.6;12.11;1.02;33;data;168;'-13;116;150;121;110;116;686;0;0;3.711;96.8;0.108;4.712;0;3;3300;3300
db_buhler_1_dsp;;1,5968E+18;16.37;1596.5;987; OK;0;1024;194930;35;2.7;3;2.7;2.7;14/07/2020 16:07;5.15;1.81;1.24;27;3.25;2.11;28.1;12.62;4.52;8.68;dsp_parametros_60.txt;1048;1013;38;29;58.4;39.8;62.4;22123;6.66;1855;631;53.1;186087;0;765;175;168;3.98;750;191;68;29.92;12.07;1;21;data;171;'-13;118;152;122;113;118;688;0;0;3.463;97.4;0.108;4.561;0;3;3300;3300
db_buhler_1_dsp;;1,5968E+18;15.23;1596.2;986; OK;0;1024;194979;34;2.8;3;2.8;3;16/07/2020 06:29;5.15;1.65;1.13;28;3.33;3.08;27.7;12.62;4.89;8.42;dsp_parametros_60.txt;1047;1013;26;17;56.4;41.2;63.8;22115;6.7;1904;631;53;186136;0;754;170;162;3.97;750;191;70;29.94;12.14;1.05;14;data;165;'-13;112;146;117;103;108;687;0;0;3.823;97.3;0.109;4.903;0;3;3300;3300
db_buhler_1_dsp;;1,5968E+18;16.52;1596.2;986; OK;0;1021;195065;33;2.8;2.8;2.7;2.5;16/07/2020 09:01;5.15;1.84;1.26;31;3.24;2.08;28.38;12.62;4.58;8.45;dsp_parametros_60.txt;1044;1011;38;29;56;41;63.1;22076;6.74;1990;629;53.2;186222;0;765;172;164;3.99;750;193;62;29.92;12.16;1;100;data;172;'-13;118;153;123;115;121;681;0;0;3.518;97.4;0.107;4.586;0;3;3300;3300
db_buhler_1_dsp;;1,5968E+18;16.39;1596.2;985; OK;0;1020;195011;33;2.8;3;2.8;2.7;16/07/2020 07:20;5.15;1.79;1.25;32;3.26;2.23;27.86;12.62;4.64;8.44;dsp_parametros_60.txt;1043;1010;33;25;58.1;41.5;63.7;22037;6.68;1936;628;53.2;186168;0;761;170;162;3.99;750;194;63;29.64;12.11;1.01;46;data;169;'-13;116;151;122;112;117;684;0;0;3.573;96.8;0.108;4.833;0;3;3300;3300
db_buhler_1_dsp;;1,5968E+18;15.27;1596.2;992;LOK;0;1022;195021;33;2.8;2.9;2.7;2.7;16/07/2020 07:50;5.15;1.58;1.26;31;3.25;2.22;25.2;12.62;4.96;8.46;dsp_parametros_60.txt;1044;1011;35;24;56.3;41.3;63;22035;8.06;1946;629;50.9;186178;0;761;170;162;3.81;750;190;60;30.2;13.49;1.01;56;data;158;'-13;106;146;144;107;115;686;0;0;3.891;96.2;0.11;4.944;0;3;3300;3300
db_buhler_1_dsp;;1,5968E+18;14.47;1596.2;987; OK;0;1020;195247;33;1.4;1.6;1.4;1.2;18/07/2020 08:20;5.15;1.65;1.25;32;3.19;2.15;26.34;12.61;4.57;8.54;dsp_parametros_60.txt;1043;1010;38;29;55;38.8;58.4;22098;6.64;2172;628;53.1;186404;0;764;172;164;3.98;748;190;72;29.82;11.99;3.11;80;data;166;'-13;135;48;'-6;123;118;675;0;0;3.506;97.4;0.107;4.423;0;3;3300;3300
db_buhler_1_dsp;;1,5968E+18;16.37;1596.4;986; OK;0;1020;195153;34;2.7;2.9;2.6;2.5;16/07/2020 14:47;5.15;1.83;1.25;31;3.23;2.08;28.2;12.61;4.57;8.64;dsp_parametros_60.txt;1044;1010;39;30;57.6;41.4;63.6;22045;6.72;2078;628;53.3;186310;0;764;173;166;3.99;750;192;61;30.2;12.11;0.99;41;data;170;'-13;116;151;122;114;119;681;0;0;3.511;97.7;0.108;4.793;0;3;3300;3300
db_buhler_1_dsp;;1,5968E+18;14.16;1596.2;986; OK;0;1021;195178;33;1.3;1.7;1.4;1.4;18/07/2020 06:28;5.15;1.6;1.14;31;3.3;3.27;26.06;12.61;4.87;8.26;dsp_parametros_60.txt;1044;1011;30;23;53.3;39.7;58.2;22094;6.7;2103;629;52.9;186335;0;754;171;164;3.97;750;190;73;30.18;12.14;3.14;11;data;154;'-13;135;35;'-6;113;107;684;0;0;3.81;97.8;0.108;4.774;0;3;3300;3300
db_buhler_1_dsp;;1,5968E+18;16.53;1596.2;986; OK;0;1021;195049;34;2.8;2.9;2.7;2.6;16/07/2020 08:35;5.15;1.81;1.24;31;3.23;2.08;27.94;12.61;4.62;8.38;dsp_parametros_60.txt;1044;1010;39;30;56.5;41.9;62.3;22061;6.72;1974;628;53.1;186206;0;764;171;164;3.98;750;190;62;30.14;12.15;1;84;data;172;'-13;118;153;124;115;120;685;0;0;3.56;97.2;0.107;4.768;0;3;3300;3300
db_buhler_1_dsp;;1,5968E+18;14.37;1596.5;987; OK;0;1023;195427;33;2.7;2.9;2.8;2.6;18/07/2020 16:37;5.15;1.84;1.24;29;3.19;2.08;26.22;12.61;4.51;8.33;dsp_parametros_60.txt;1046;1013;38;29;54.4;40;59.7;22024;6.62;2352;631;53;186584;0;768;178;171;3.98;750;189;70;29.88;11.97;3.07;166;data;167;'-13;136;56;'-6;126;120;673;0;0;3.451;96.9;0.108;4.249;0;3;3300;3300
db_buhler_1_dsp;;1,5968E+18;16.56;1596.4;986; OK;0;1020;195155;33;2.8;3;2.7;2.7;16/07/2020 14:50;5.15;1.81;1.24;32;3.23;2.06;28.22;12.6;4.5;8.64;dsp_parametros_60.txt;1043;1010;38;29;56.8;41.5;64.3;22048;6.68;2080;628;53.2;186312;0;765;173;166;3.99;750;192;62;29.96;12.09;0.99;43;data;171;'-13;117;152;123;114;120;681;0;0;3.431;97.3;0.108;4.494;0;3;3300;3300
db_buhler_1_dsp;;1,5968E+18;16.61;1596.4;986; OK;0;1021;195159;34;2.7;2.9;2.6;2.6;16/07/2020 14:56;5.15;1.83;1.24;31;3.23;2.05;28.3;12.62;4.48;8.48;dsp_parametros_60.txt;1044;1010;39;30;58;41.4;63.2;22032;6.66;2084;628;53.3;186316;0;766;173;166;3.99;750;194;64;29.64;12.07;0.99;47;data;171;'-13;117;153;123;114;120;681;0;0;3.42;96.9;0.108;4.492;0;3;3300;3300
db_buhler_1_dsp;;1,5968E+18;16.9;1596.2;986; OK;0;1021;195086;33;2.9;2.9;2.7;2.6;16/07/2020 09:35;5.15;1.82;1.24;31;3.24;2.05;28.38;12.62;4.56;8.22;dsp_parametros_60.txt;1044;1011;38;29;57.3;40.8;62.8;20949;6.76;2011;629;53.2;186243;0;764;172;165;3.99;750;193;63;29.64;12.18;1;121;data;172;'-13;118;153;123;115;121;686;0;0;3.499;97.1;0.108;4.573;0;3;3300;3300
db_buhler_1_dsp;;1,5968E+18;14.49;1596.5;987; OK;0;1022;195428;34;2.7;2.9;2.8;2.6;18/07/2020 16:38;5.15;1.82;1.24;29;3.19;2.1;26.08;12.61;4.47;8.35;dsp_parametros_60.txt;1046;1012;38;29;53.6;39.7;57.9;22034;6.64;2353;630;53;186585;0;768;178;171;3.97;750;192;70;29.96;11.98;3.08;167;data;168;'-13;135;56;'-6;126;120;673;0;0;3.409;97;0.108;4.44;0;3;3300;3300
db_buhler_1_dsp;;1,5968E+18;14.42;1596.2;987; OK;0;1020;195227;33;1.4;1.7;1.5;1.3;18/07/2020 07:48;5.14;1.76;1.25;32;3.2;2.21;26.04;12.6;4.63;8.73;dsp_parametros_60.txt;1043;1010;38;29;53.8;39.6;58.5;22065;6.9;2152;628;53.1;186384;0;763;172;164;3.98;751;190;71;29.64;12.24;3.06;60;data;165;'-13;135;45;'-6;122;117;681;0;0;3.561;97.3;0.107;4.597;0;3;3300;3300
db_buhler_1_dsp;;1,5968E+18;13.45;1596.6;930;BAD;0;1017;195379;20;2.8;3;2.8;2.8;18/07/2020 15:19;5.15;1.83;1.25;38;3.2;2.13;26.22;12.62;4.88;8.33;dsp_parametros_60.txt;1037;1017;44;32;0;'-0.1;'-0.1;22191;54.22;2304;635;25.8;186536;0;313;181;172;1.93;249;194;23;29.62;59.85;3.09;118;data;100;'-13;93;56;'-6;90;101;675;0;0;3.826;742.5;0.201;5.083;0;3;3300;3300
db_buhler_1_dsp;;1,5968E+18;14.42;1596.4;987; OK;0;1023;195339;33;2.8;2.9;2.8;2.7;18/07/2020 14:04;5.15;1.83;1.25;29;3.2;2.1;26.24;12.61;4.49;8.45;dsp_parametros_60.txt;1046;1013;38;30;55.6;39.2;59.8;22070;6.66;2264;631;53.1;186496;0;766;176;169;3.98;746;195;70;29.66;12.02;3.11;78;data;168;'-13;136;53;'-6;126;120;684;0;0;3.431;97;0.108;4.287;0;3;3300;3300
db_buhler_1_dsp;;1,5968E+18;13.89;1596.2;986; OK;0;1024;195463;34;2.7;2.8;2.6;2.7;20/07/2020 06:04;5.15;1.59;1.13;28;3.29;3.23;26.02;12.62;4.85;8.34;dsp_parametros_60.txt;1047;1013;29;21;52.6;40.7;59.5;22069;6.72;2388;631;53;186620;0;754;170;164;3.97;750;192;73;29.64;12.15;3.14;8;data;160;'-13;132;31;'-6;109;102;686;0;0;3.787;97.1;0.109;4.784;0;3;3300;3300
db_buhler_1_dsp;;1,5968E+18;14.48;1596.4;987; OK;0;1022;195350;33;2.8;3;2.8;2.7;18/07/2020 14:21;5.15;1.83;1.24;30;3.19;2.08;26.32;12.62;4.53;8.54;dsp_parametros_60.txt;1045;1012;39;30;56.2;40;59.1;22049;6.68;2275;630;53;186507;0;767;177;169;3.97;750;193;70;29.88;12.02;3.11;89;data;168;'-13;135;54;'-6;126;120;678;0;0;3.469;97.5;0.108;4.406;0;3;3300;3300
db_buhler_1_dsp;;1,5968E+18;14.23;1596.3;987; OK;0;1023;195622;32;2.8;2.8;2.7;2.6;21/07/2020 06:15;5.11;1.67;1.19;30;3.23;2.41;26.34;12.62;4.67;8.37;dsp_parametros_60.txt;1045;1013;41;32;54.3;40.4;59.5;21994;6.68;2547;631;53;186779;0;750;172;165;3.98;740;192;70;29.66;12.03;3.05;22;data;166;'-13;134;36;'-6;127;116;687;0;0;3.605;97.3;0.108;4.597;0;3;3300;3300
db_buhler_1_dsp;;1,5968E+18;14.37;1596.4;987; OK;0;1023;195359;33;2.7;2.9;2.8;2.7;18/07/2020 14:36;5.15;1.68;1.25;29;3.19;2.11;26.34;12.61;4.51;8.56;dsp_parametros_60.txt;1046;1013;38;29;54;38.9;58.9;22069;6.68;2284;631;53;186516;0;766;177;170;3.98;751;194;70;29.9;12.02;3.08;98;data;168;'-13;135;54;'-6;125;119;678;0;0;3.442;97.6;0.108;4.401;0;3;3300;3300
db_buhler_1_dsp;;1,5968E+18;16.56;1596.2;987; OK;0;1021;195033;33;2.8;2.9;2.7;2.6;16/07/2020 08:10;5.15;1.82;1.26;31;3.25;2.13;28.24;12.61;4.6;8.44;dsp_parametros_60.txt;1044;1011;37;28;57.2;41;62.4;22028;6.7;1958;629;53.1;186190;0;763;171;163;3.98;750;191;62;29.88;12.12;1;68;data;170;'-13;117;151;122;113;118;683;0;0;3.534;97.5;0.108;4.519;0;3;3300;3300
db_buhler_1_dsp;;1,5968E+18;16.62;1596.2;986; OK;0;1020;195039;33;2.8;2.9;2.7;2.6;16/07/2020 08:19;5.15;1.82;1.25;31;3.24;2.13;28.28;12.62;4.59;8.37;dsp_parametros_60.txt;1044;1011;38;29;56.7;41.1;63.2;22051;6.78;1964;629;53.1;186196;0;763;171;164;3.98;750;193;62;29.66;12.18;1;74;data;171;'-13;117;153;123;114;119;685;0;0;3.526;97;0.108;4.62;0;3;3300;3300
db_buhler_1_dsp;;1,5968E+18;14.38;1596.4;987; OK;0;1022;195358;34;2.7;2.9;2.7;2.6;18/07/2020 14:34;5.15;1.82;1.25;29;3.19;2.12;26.18;12.62;4.53;8.37;dsp_parametros_60.txt;1046;1012;39;30;53.1;40.2;59.2;22050;6.72;2283;630;53;186515;0;767;177;170;3.98;750;196;70;30.18;12.08;3.11;97;data;168;'-13;135;54;'-6;126;120;678;0;0;3.468;97.5;0.108;4.521;0;3;3300;3300
db_buhler_1_dsp;;1,5968E+18;13.44;1596.5;930;BAD;0;1018;195263;24;3;3.3;3.1;3.3;18/07/2020 12:00;5.15;1.49;1.09;34;3.15;2.71;25.86;12.61;5.15;8.21;dsp_parametros_60.txt;1041;1017;0;0;0;0;'-0.1;22153;24.18;2188;635;25.8;186420;0;286;179;171;1.94;251;192;38;29.94;29.6;3.16;2;data;92;'-13;80;45;'-6;66;75;687;0;0;4.091;330.5;0.201;5.58;0;3;3300;3300
db_buhler_1_dsp;;1,5968E+18;14.44;1596.4;988; OK;0;1022;195322;34;2.8;3;2.8;2.7;18/07/2020 13:36;5.15;1.82;1.24;29;3.2;2.12;26.12;12.61;4.53;8.57;dsp_parametros_60.txt;1046;1012;38;29;55.1;40.4;58.7;22086;6.72;2247;630;53;186479;0;767;176;169;3.98;750;192;71;29.62;12.07;3.04;61;data;168;'-13;135;52;'-6;125;119;681;0;0;3.479;97;0.108;4.594;0;3;3300;3300
db_buhler_1_dsp;;1,5968E+18;13.45;1596.3;930;BAD;0;1017;195170;20;1.4;1.8;1.5;1.7;18/07/2020 06:15;5.15;1.52;1.15;39;3.26;3.63;25.48;12.62;5.41;7.9;dsp_parametros_60.txt;1036;1016;0;0;0;0;'-0.1;21781;16.58;2095;634;25.8;186327;0;312;171;163;1.93;250;192;48;29.58;22.08;3.16;3;data;125;'-13;101;30;'-6;81;84;685;0;0;4.354;106.5;0.201;5.418;0;3;3300;3300
db_buhler_1_dsp;;1,5968E+18;16.12;1596.2;986; OK;0;1020;195031;34;2.9;3;2.8;2.7;16/07/2020 08:06;5.14;1.8;1.25;32;3.25;2.16;27.92;12.61;4.62;8.39;dsp_parametros_60.txt;1043;1009;36;28;58.2;41;62.9;22066;6.7;1956;627;53.1;186188;0;763;171;163;3.98;750;190;63;29.94;12.11;1;66;data;170;'-13;117;152;123;113;118;683;0;0;3.554;97;0.108;4.77;0;3;3300;3300
db_buhler_1_dsp;;1,5968E+18;14.41;1596.3;987; OK;0;1022;195567;32;2.7;2.8;2.5;2.3;20/07/2020 08:52;5.14;1.81;1.25;31;3.19;2.15;26.22;12.62;4.48;8.61;dsp_parametros_60.txt;1044;1012;37;29;53.7;40.1;58.6;22048;6.7;2492;630;53.1;186724;0;765;172;165;3.98;750;193;72;29.64;12.04;3.11;112;data;167;'-13;135;48;'-6;130;118;673;0;0;3.423;97.3;0.108;4.347;0;3;3300;3300
db_buhler_1_dsp;;1,5968E+18;14.4;1596.2;987; OK;0;1022;195507;32;2.8;2.8;2.7;2.5;20/07/2020 07:15;5.15;1.8;1.25;31;3.19;2.23;26.26;12.61;4.6;8.31;dsp_parametros_60.txt;1044;1012;37;29;53.9;40;58.6;22099;6.68;2432;630;53;186664;0;763;171;163;3.98;750;191;69;29.84;12.04;3.03;52;data;166;'-13;135;40;'-6;128;116;680;0;0;3.539;97;0.108;4.38;0;3;3300;3300
db_buhler_1_dsp;;1,5968E+18;14.31;1596.5;987; OK;0;1024;195395;34;2.7;2.9;2.7;2.6;18/07/2020 15:45;5.15;1.77;1.23;28;3.19;2.1;25.96;12.61;4.54;8.38;dsp_parametros_60.txt;1047;1013;39;29;54.4;39.1;58.6;22079;6.72;2320;631;53;186552;0;767;178;170;3.98;749;193;69;30.14;12.07;3.06;134;data;167;'-13;135;55;'-6;125;119;676;0;0;3.479;97.4;0.109;4.556;0;3;3300;3300
db_buhler_1_dsp;;1,5968E+18;14.34;1596.1;987; OK;0;1021;195497;33;2.8;2.9;2.7;2.6;20/07/2020 06:59;5.15;1.75;1.24;31;3.22;2.33;26.06;12.61;4.66;8.37;dsp_parametros_60.txt;1044;1011;37;29;54.4;40.5;59.6;22072;6.68;2422;629;53;186654;0;761;171;163;3.97;750;193;76;29.66;12.04;3.06;42;data;167;'-11;135;38;'-6;128;116;681;0;0;3.597;96.9;0.108;4.729;0;3;3300;3300
db_buhler_1_dsp;;1,5968E+18;14.4;1596.4;987; OK;0;1022;195312;33;2.7;2.9;2.8;2.7;18/07/2020 13:20;5.15;1.81;1.24;30;3.2;2.14;26.18;12.62;4.56;8.64;dsp_parametros_60.txt;1045;1012;37;28;54.3;39.7;59.7;22041;6.64;2237;630;52.9;186469;0;767;176;169;3.97;751;192;70;29.86;12;3.12;51;data;168;'-13;135;51;'-6;124;119;681;0;0;3.492;97.3;0.108;4.442;0;3;3300;3300
db_buhler_1_dsp;;1,5968E+18;14.42;1596.4;988; OK;0;1022;195342;33;2.7;2.9;2.7;2.6;18/07/2020 14:08;5.15;1.82;1.24;30;3.19;2.12;26.24;12.62;4.5;8.32;dsp_parametros_60.txt;1045;1012;39;30;54.8;40.4;59.1;22025;6.64;2267;630;53.1;186499;0;769;176;169;3.98;748;191;71;29.94;11.98;3.04;81;data;168;'-13;135;53;'-6;125;120;681;0;0;3.447;97;0.108;4.299;0;3;3300;3300
db_buhler_1_dsp;;1,5968E+18;14.48;1596.5;988; OK;0;1024;195410;33;2.8;2.9;2.8;2.7;18/07/2020 16:09;5.14;1.8;1.25;28;3.19;2.07;26.22;12.62;4.49;8.66;dsp_parametros_60.txt;1047;1014;38;29;54.7;38.5;58.3;22095;6.7;2335;632;53.1;186567;0;769;178;171;3.98;750;190;69;29.88;12.05;3.06;149;data;168;'-13;135;56;'-6;125;120;672;0;0;3.433;97.3;0.109;4.372;0;3;3300;3300
db_buhler_1_dsp;;1,5968E+18;14.23;1596.4;988; OK;0;1023;195282;33;2.7;2.9;2.8;2.7;18/07/2020 12:31;5.15;1.82;1.25;29;3.22;2.19;25.96;12.61;4.61;8.42;dsp_parametros_60.txt;1046;1013;39;30;53;39.3;59.2;22076;6.66;2207;631;53;186439;0;766;175;168;3.98;750;190;68;29.88;12.02;3.04;21;data;167;'-13;136;50;'-6;122;117;683;0;0;3.548;97;0.108;4.377;0;3;3300;3300
db_buhler_1_dsp;;1,5968E+18;14.62;1596.4;987; OK;0;1022;195308;34;2.8;3;2.8;2.8;18/07/2020 13:13;5.15;1.71;1.24;29;3.2;2.11;26.56;12.61;4.57;8.36;dsp_parametros_60.txt;1046;1012;40;31;54.2;40.2;59.4;22063;6.72;2233;630;53;186465;0;765;176;169;3.97;750;194;69;29.7;12.07;3.05;47;data;168;'-13;135;51;'-7;124;119;681;0;0;3.506;97.5;0.108;4.566;0;3;3300;3300
db_buhler_1_dsp;;1,5968E+18;14.48;1596.5;987; OK;0;1024;195409;33;2.8;2.9;2.8;2.7;18/07/2020 16:08;5.15;1.82;1.23;28;3.18;2.07;26.28;12.62;4.48;8.46;dsp_parametros_60.txt;1047;1014;38;29;52.6;39.1;57.8;22079;6.7;2334;632;53;186566;0;768;178;171;3.98;750;190;69;29.62;12.05;3.1;148;data;167;'-13;135;56;'-6;125;119;672;0;0;3.417;97.1;0.109;4.43;0;3;3300;3300
db_buhler_1_dsp;;1,5968E+18;16.17;1596.2;987; OK;0;1022;195052;33;2.8;2.9;2.7;2.6;16/07/2020 08:40;5.15;1.83;1.25;30;3.24;2.07;28.18;12.61;4.6;8.36;dsp_parametros_60.txt;1045;1012;38;30;56.7;41.7;62.8;22053;6.66;1977;630;53.1;186209;0;763;171;164;3.98;751;190;61;29.92;12.06;1;87;data;172;'-13;118;153;124;115;120;685;0;0;3.539;97.1;0.108;4.703;0;3;3300;3300
db_buhler_1_dsp;;1,5968E+18;14.5;1596.2;987; OK;0;1020;195541;33;2.8;2.8;2.7;2.5;20/07/2020 08:10;5.15;1.83;1.25;32;3.2;2.14;26.32;12.62;4.54;8.43;dsp_parametros_60.txt;1043;1010;38;29;56;39.6;58.8;22087;6.74;2466;628;53.1;186698;0;764;171;164;3.98;749;190;70;29.86;12.09;3.1;86;data;166;'-13;136;46;'-6;129;118;675;0;0;3.472;97.3;0.108;4.5;0;3;3300;3300
db_buhler_1_dsp;;1,5968E+18;13.56;1596.5;930;BAD;0;1017;195115;22;2.7;3;2.7;2.8;16/07/2020 13:45;5.15;1.49;1.25;36;3.26;2.56;25.68;12.61;5.24;8.18;dsp_parametros_60.txt;1039;1017;0;0;0.1;0;'-0.1;22014;13.54;2040;635;25.8;186272;0;295;171;163;1.93;250;192;24;29.94;18.99;1.04;3;data;144;'-13;95;137;128;93;102;687;0;0;4.193;102;0.201;5.508;0;3;3300;3300
db_buhler_1_dsp;;1,5968E+18;16.79;1596.3;986; OK;0;1021;195070;33;2.9;2.9;2.8;2.6;16/07/2020 09:09;5.15;1.84;1.26;31;3.23;2.09;28.24;12.61;4.55;8.62;dsp_parametros_60.txt;1044;1011;38;29;56.3;41.1;64.6;22007;6.66;1995;629;53.1;186227;0;764;171;164;3.98;751;191;64;29.68;12.07;0.99;105;data;171;'-13;118;153;123;115;120;683;0;0;3.483;97.3;0.107;4.617;0;3;3300;3300
db_buhler_1_dsp;;1,5968E+18;14.42;1596.1;987; OK;0;1021;195499;34;2.9;2.9;2.8;2.6;20/07/2020 07:02;5.15;1.77;1.24;31;3.21;2.29;26;12.62;4.64;8.37;dsp_parametros_60.txt;1044;1010;38;30;53.7;39.7;58.5;22071;6.68;2424;628;52.9;186656;0;761;171;163;3.97;750;192;75;29.54;12.04;3.08;44;data;166;'-13;135;39;'-6;128;116;678;0;0;3.577;96.9;0.108;4.654;0;3;3300;3300
db_buhler_1_dsp;;1,5968E+18;14.46;1596.2;988; OK;0;1022;195243;33;1.4;1.7;1.5;1.3;18/07/2020 08:14;5.15;1.79;1.25;30;3.21;2.16;26.22;12.61;4.51;8.12;dsp_parametros_60.txt;1045;1012;37;28;53.4;39.5;57.7;20996;6.74;2168;630;53.1;186400;0;766;172;164;3.98;749;190;71;29.62;12.1;3.72;76;data;166;'-13;136;48;'-6;123;117;675;0;0;3.449;97.3;0.107;4.547;0;3;3300;3300
db_buhler_1_dsp;;1,5968E+18;16.82;1596.4;986; OK;0;1020;195141;34;2.8;3;2.7;2.7;16/07/2020 14:27;5.15;1.82;1.25;31;3.24;2.1;28.16;12.62;4.56;8.44;dsp_parametros_60.txt;1044;1010;38;29;56.6;41.4;65.2;22075;6.68;2066;628;53.1;186298;0;764;173;166;3.98;751;190;64;29.9;12.09;0.99;29;data;172;'-13;117;152;123;114;119;686;0;0;3.495;97.1;0.108;4.601;0;3;3300;3300
db_buhler_1_dsp;;1,5968E+18;14.53;1596.2;986; OK;0;1022;195671;33;2.7;2.8;2.6;2.6;21/07/2020 09:56;5.11;1.65;1.19;31;3.28;2.58;26.84;12.61;4.61;8.56;dsp_parametros_60.txt;1044;1011;38;30;63.5;40.3;64.7;22100;6.82;2596;629;53.1;186828;0;753;172;166;3.98;738;191;67;29.64;12.18;3.05;71;data;162;'-13;140;48;117;112;112;678;0;0;3.548;97.8;0.108;4.411;0;3;3300;3300
db_buhler_1_dsp;;1,5968E+18;13.8;1596.2;986; OK;0;1026;195461;34;2.7;2.8;2.6;2.8;20/07/2020 06:01;5.15;1.59;1.14;26;3.3;3.31;25.82;12.61;4.87;8.34;dsp_parametros_60.txt;1049;1015;27;20;55.3;39.4;58.3;21914;6.76;2386;633;53;186618;0;754;170;164;3.98;750;190;73;29.88;12.29;3.11;6;data;158;'-13;131;31;'-6;104;98;686;0;0;3.804;97.5;0.109;4.577;0;3;3300;3300
db_buhler_1_dsp;;1,5968E+18;14.31;1596.2;988; OK;0;1023;195647;33;2.8;2.7;2.6;2.5;21/07/2020 06:55;5.11;1.79;1.25;29;3.21;2.18;25.88;12.6;4.56;8.71;dsp_parametros_60.txt;1046;1013;44;36;54.3;39.3;59.8;22072;6.68;2572;631;53.1;186804;0;754;172;164;3.98;739;190;69;29.62;12.02;3.11;47;data;167;'-13;135;42;'-6;130;119;681;0;0;3.492;97;0.108;4.579;0;3;3300;3300
db_buhler_1_dsp;;1,5968E+18;16.42;1596.2;986; OK;0;1020;195016;34;2.9;3;2.8;2.7;16/07/2020 07:28;5.15;1.8;1.25;31;3.26;2.21;28.12;12.62;4.6;8.45;dsp_parametros_60.txt;1044;1010;34;26;56.9;41.5;62.6;22095;6.76;1941;628;53.2;186173;0;762;170;162;3.99;750;193;61;29.64;12.18;1.01;51;data;170;'-13;116;152;122;113;118;686;0;0;3.535;97.1;0.108;4.883;0;3;3300;3300
db_buhler_1_dsp;;1,5968E+18;14.09;1596.2;986; OK;0;1022;195468;32;2.7;2.8;2.6;2.7;20/07/2020 06:12;5.15;1.64;1.21;31;3.27;2.82;26.06;12.62;4.84;8.38;dsp_parametros_60.txt;1044;1012;31;23;54.3;38.8;59.3;22049;6.76;2393;630;52.9;186625;0;755;170;164;3.97;750;191;73;29.7;12.17;3.17;13;data;162;'-13;132;32;'-6;115;109;686;0;0;3.778;97.3;0.108;4.414;0;3;3300;3300
db_buhler_1_dsp;;1,5968E+18;13.87;1596.5;993;LOK;0;1022;195266;35;2.8;3.1;2.9;3.1;18/07/2020 12:05;5.15;1.48;1.09;31;3.23;2.43;25.26;12.62;4.94;8.4;dsp_parametros_60.txt;1044;1009;45;32;54.7;39.5;59.3;21938;7.8;2191;627;50.7;186423;0;762;174;166;3.8;750;191;66;29.88;13.14;3.1;5;data;188;'-13;124;50;'-6;115;117;686;0;0;3.883;97.8;0.109;4.662;0;3;3300;3300
db_buhler_1_dsp;;1,5968E+18;14.15;1596.4;987; OK;0;1023;195271;34;2.6;2.9;2.7;2.8;18/07/2020 12:14;5.15;1.59;1.25;28;3.23;2.31;25.62;12.6;4.69;8.36;dsp_parametros_60.txt;1047;1013;39;31;55.1;40.5;60.6;22065;6.64;2196;631;53;186428;0;764;174;168;3.97;750;192;73;29.58;12;3.11;10;data;167;'-13;136;51;'-6;118;114;685;0;0;3.623;96.3;0.108;4.658;0;3;3300;3300
db_buhler_1_dsp;;1,5968E+18;14.16;1596.2;988; OK;0;1023;195485;33;2.8;2.8;2.7;2.6;20/07/2020 06:40;5.15;1.66;1.2;30;3.23;2.49;26.24;12.62;4.71;8.66;dsp_parametros_60.txt;1045;1012;37;28;55.1;41;59;22100;6.68;2410;630;52.9;186642;0;758;170;163;3.96;750;191;74;29.94;12.06;3.1;30;data;166;'-13;135;36;'-6;121;115;686;0;0;3.651;97.8;0.109;4.441;0;3;3300;3300
db_buhler_1_dsp;;1,5968E+18;16.45;1596.4;986; OK;0;1023;194952;34;2.8;3;2.7;2.6;14/07/2020 16:43;5.15;1.81;1.24;29;3.23;2.05;28.44;12.62;4.53;8.62;dsp_parametros_60.txt;1046;1012;38;29;57.6;41.2;62.6;22200;6.7;1877;630;53.3;186109;0;765;176;168;3.99;750;193;61;29.86;12.12;0.99;43;data;172;'-13;118;153;124;115;121;683;0;0;3.47;97.7;0.108;4.52;0;3;3300;3300
db_buhler_1_dsp;;1,5968E+18;14.61;1596.1;987; OK;0;1022;195669;33;2.7;2.9;2.7;2.7;21/07/2020 09:52;5.11;1.65;1.18;31;3.29;2.58;26.8;12.62;4.64;8.58;dsp_parametros_60.txt;1044;1011;38;31;63.1;40.4;65.3;22002;6.68;2594;629;53;186826;0;754;172;166;3.97;741;192;70;29.58;12.03;3.11;69;data;162;'-13;140;48;118;111;110;678;0;0;3.576;97.8;0.108;4.313;0;3;3300;3300
db_buhler_1_dsp;;1,5968E+18;14.54;1596.1;988; OK;0;1022;195504;32;2.8;2.8;2.7;2.5;20/07/2020 07:10;5.15;1.8;1.25;32;3.19;2.25;26.1;12.62;4.59;8.69;dsp_parametros_60.txt;1043;1011;36;27;54;39.7;59.6;21997;6.64;2429;629;53;186661;0;763;171;163;3.97;750;192;73;29.92;12;3.07;49;data;165;'-13;135;40;'-6;128;116;678;0;0;3.527;97.4;0.108;4.305;0;3;3300;3300
db_buhler_1_dsp;;1,5968E+18;14.5;1596.2;987; OK;0;1022;195530;32;2.8;2.8;2.6;2.5;20/07/2020 07:53;5.15;1.82;1.24;31;3.2;2.18;26.26;12.61;4.62;8.32;dsp_parametros_60.txt;1044;1012;36;27;52.9;40.1;59.2;22078;6.72;2455;630;53;186687;0;764;171;164;3.98;750;192;70;29.9;12.08;3.11;75;data;166;'-13;134;44;'-6;129;117;675;0;0;3.554;97.2;0.108;4.42;0;3;3300;3300
db_buhler_1_dsp;;1,5968E+18;13.42;1596.3;930;BAD;0;1020;195457;23;3.1;3.2;3;3.2;20/07/2020 05:53;5.16;1.52;1.14;33;3.25;3.43;26.08;12.61;5.33;8.04;dsp_parametros_60.txt;1042;1019;0;0;0.1;0;'-0.1;21844;26.7;2382;637;25.8;186614;0;294;173;166;1.93;251;188;38;29.88;32.23;3.16;2;data;89;'-13;84;27;'-6;56;62;688;0;0;4.273;196.6;0.201;5.467;0;3;3300;3300
db_buhler_1_dsp;;1,5968E+18;14.64;1596.1;988; OK;0;1023;195666;34;2.7;2.8;2.6;2.7;21/07/2020 09:48;5.11;1.63;1.08;29;3.29;2.55;26.48;12.62;4.61;8.38;dsp_parametros_60.txt;1046;1012;38;31;60.7;40.3;65.2;22025;6.72;2591;630;53.1;186823;0;753;173;166;3.98;740;193;71;29.64;12.08;3.06;66;data;162;'-13;139;47;118;108;107;680;0;0;3.544;97.2;0.108;4.55;0;3;3300;3300
db_buhler_1_dsp;;1,5968E+18;14.5;1596.5;987; OK;0;1024;195407;33;2.8;3;2.9;2.8;18/07/2020 16:04;5.15;1.81;1.24;28;3.2;2.09;26.2;12.62;4.47;8.38;dsp_parametros_60.txt;1047;1014;38;29;54.3;39.8;59.1;21995;6.66;2332;632;53;186564;0;769;178;171;3.97;750;193;69;29.92;12.02;3.03;146;data;168;'-13;135;56;'-6;125;120;669;0;0;3.409;97;0.109;4.559;0;3;3300;3300
db_buhler_1_dsp;;1,5968E+18;14.41;1596.2;987; OK;0;1021;195518;33;2.8;2.8;2.6;2.5;20/07/2020 07:33;5.15;1.79;1.24;31;3.19;2.2;26.08;12.61;4.61;8.38;dsp_parametros_60.txt;1044;1011;37;28;54.2;40.6;59.2;22037;6.72;2443;629;53.1;186675;0;763;171;164;3.98;749;191;72;29.68;12.07;3.03;63;data;166;'-13;136;43;'-6;129;117;681;0;0;3.542;97;0.108;4.504;0;3;3300;3300
db_buhler_1_dsp;;1,5968E+18;14.54;1596.2;988; OK;0;1021;195556;33;2.9;2.9;2.7;2.5;20/07/2020 08:35;5.15;1.83;1.25;31;3.2;2.16;26.22;12.6;4.5;8.37;dsp_parametros_60.txt;1044;1011;38;29;56.4;38.8;59.3;22025;6.68;2481;629;53.1;186713;0;765;172;165;3.98;750;192;72;29.88;12.01;3.06;101;data;167;'-13;136;47;'-6;131;119;680;0;0;3.431;97;0.108;4.37;0;3;3300;3300
db_buhler_1_dsp;;1,5968E+18;14.46;1596.2;987; OK;0;1022;195667;35;2.7;2.8;2.6;2.7;21/07/2020 09:49;5.11;1.63;1.09;30;3.29;2.52;26.62;12.62;4.59;8.72;dsp_parametros_60.txt;1045;1010;38;31;61.7;40.5;65.4;22012;6.68;2592;628;53.1;186824;0;753;173;166;3.98;740;188;69;29.88;12.04;3.1;67;data;162;'-13;139;47;117;109;108;678;0;0;3.521;97.9;0.108;4.477;0;3;3300;3300
db_buhler_1_dsp;;1,5968E+18;14.53;1596.3;988; OK;0;1022;195555;33;2.9;2.9;2.7;2.5;20/07/2020 08:33;5.15;1.83;1.24;30;3.2;2.15;26.08;12.61;4.52;8.35;dsp_parametros_60.txt;1045;1012;38;29;55.3;41.4;60.4;21990;6.64;2480;630;53;186712;0;765;172;165;3.97;749;192;71;29.58;11.99;3.08;100;data;168;'-13;135;47;'-6;130;119;678;0;0;3.456;96.6;0.108;4.592;0;3;3300;3300
db_buhler_1_dsp;;1,5968E+18;14.32;1596.5;987; OK;0;1022;195374;33;2.8;3;2.8;2.7;18/07/2020 15:00;5.15;1.8;1.24;30;3.19;2.11;26.04;12.61;4.49;8.37;dsp_parametros_60.txt;1045;1012;38;29;53.9;40;59.4;22074;6.62;2299;630;53;186531;0;766;177;170;3.97;744;191;71;30.22;11.97;3.11;113;data;168;'-13;136;55;'-6;126;120;676;0;0;3.434;97.4;0.108;4.392;0;3;3300;3300
db_buhler_1_dsp;;1,5968E+18;14.31;1596.2;0;BAD;0;972;195455;75;3.5;3.2;3.5;3.1;20/07/2020 05:43;5.15;1.81;1.25;48;3.21;2.13;25.74;12.62;4.48;61.07;dsp_parametros_60.txt;1027;952;43;32;54.6;40.2;60.3;22045;25.12;2380;570;0;186612;0;761;172;163;3.88;750;260;98;29.58;5.17;3.21;1;data;174;'-13;137;65;'-6;127;122;673;0;0;0;96.6;0.104;0;0;3;3300;3300
db_buhler_1_dsp;;1,5968E+18;14.29;1596.2;988; OK;0;1023;195495;33;2.8;2.9;2.7;2.6;20/07/2020 06:56;5.11;1.73;1.25;29;3.22;2.34;25.88;12.61;4.65;8.34;dsp_parametros_60.txt;1046;1013;37;29;53.1;41.3;58.9;22028;6.62;2420;631;53.1;186652;0;760;171;163;3.98;751;194;71;29.98;11.97;3.08;40;data;167;'-13;136;38;'-6;128;116;689;0;0;3.583;97;0.108;4.518;0;3;3300;3300
db_buhler_1_dsp;;1,5968E+18;43.39;1596.5;930;BAD;0;1027;195262;20;3.2;3;3.4;2.9;18/07/2020 11:55;5.15;1.78;1.24;29;3.23;2.71;26.14;12.61;5.21;44.3;dsp_parametros_60.txt;1046;1026;38;27;0.1;0;'-0.1;22764;25.6;2187;644;25.8;186419;0;304;175;166;1.93;250;190;26;29.9;31.36;3.1;1;data;42;'-13;43;42;16;41;46;686;0;0;4.154;11514.5;0.201;5.174;0;3;3300;3300
db_buhler_1_dsp;;1,5968E+18;14.49;1596.3;988; OK;0;1022;195537;33;2.8;2.8;2.6;2.4;20/07/2020 08:04;5.15;1.82;1.25;31;3.2;2.17;26.04;12.61;4.49;8.33;dsp_parametros_60.txt;1044;1011;38;29;54.9;40.6;59.1;22046;6.72;2462;629;53.1;186694;0;765;171;164;3.98;750;190;71;29.94;12.06;3.09;82;data;166;'-13;135;45;'-6;129;118;675;0;0;3.43;96.9;0.108;4.29;0;3;3300;3300
db_buhler_1_dsp;;1,5968E+18;14.54;1596.3;987; OK;0;1021;195539;32;2.8;2.8;2.6;2.4;20/07/2020 08:07;5.15;1.8;1.24;32;3.2;2.18;26.22;12.62;4.59;8.38;dsp_parametros_60.txt;1043;1011;38;29;55.1;40.3;59.3;22101;6.62;2464;629;53.1;186696;0;764;171;164;3.98;750;192;70;29.94;11.97;3.02;84;data;166;'-13;135;45;'-6;130;118;675;0;0;3.524;97.3;0.108;4.413;0;3;3300;3300
db_buhler_1_dsp;;1,5968E+18;14.38;1596.2;987; OK;0;1021;195232;34;1.5;1.8;1.5;1.3;18/07/2020 07:56;5.15;1.75;1.24;31;3.2;2.16;26.08;12.61;4.64;8.52;dsp_parametros_60.txt;1044;1010;37;28;54.2;39.4;59.4;22042;6.76;2157;628;53;186389;0;763;172;164;3.97;750;189;72;29.6;12.09;3.06;65;data;166;'-13;136;46;'-6;123;117;680;0;0;3.576;97;0.108;4.5;0;3;3300;3300
db_buhler_1_dsp;;1,5968E+18;16.77;1596.4;986; OK;0;1020;195161;34;2.7;2.9;2.7;2.6;16/07/2020 15:00;5.15;1.86;1.24;31;3.24;2.04;28.56;12.61;4.58;8.43;dsp_parametros_60.txt;1044;1010;40;31;55.9;40.5;62.3;22077;6.74;2086;628;53.3;186318;0;765;173;166;4;749;191;62;29.8;12.15;0.99;49;data;171;'-13;117;153;123;115;120;681;0;0;3.513;97.7;0.108;4.758;0;3;3300;3300
db_buhler_1_dsp;;1,5968E+18;14.41;1596.4;987; OK;0;1021;195311;34;2.8;3;2.8;2.8;18/07/2020 13:18;5.14;1.8;1.24;30;3.2;2.13;26.18;12.62;4.54;8.37;dsp_parametros_60.txt;1045;1011;38;29;53.8;39.4;58.9;22086;6.66;2236;629;52.9;186468;0;767;176;169;3.97;750;190;72;29.84;12.02;3.07;50;data;168;'-13;136;52;'-6;124;119;681;0;0;3.486;97.1;0.108;4.649;0;3;3300;3300
db_buhler_1_dsp;;1,5968E+18;16.51;1596.4;986; OK;0;1021;195152;33;2.8;2.9;2.7;2.6;16/07/2020 14:45;5.15;1.82;1.25;31;3.23;2.08;28.32;12.62;4.59;8.44;dsp_parametros_60.txt;1044;1011;39;30;57.4;41.2;63.1;22098;6.72;2077;629;53.2;186309;0;764;173;166;3.99;750;193;62;29.68;12.14;0.99;40;data;168;'-13;116;150;122;113;119;681;0;0;3.532;97.1;0.108;4.482;0;3;3300;3300
db_buhler_1_dsp;;1,5968E+18;14.16;1596.5;987; OK;0;1023;195272;34;2.6;2.9;2.7;2.8;18/07/2020 12:15;5.15;1.77;1.24;29;3.21;2.31;25.88;12.62;4.65;8.39;dsp_parametros_60.txt;1046;1012;39;31;54.6;40.3;58.1;22090;6.62;2197;630;52.9;186429;0;765;174;168;3.97;750;192;72;29.58;11.97;3.05;11;data;167;'-13;137;50;'-6;119;114;685;0;0;3.586;96.8;0.108;4.469;0;3;3300;3300
db_buhler_1_dsp;;1,5968E+18;14.25;1596.2;987; OK;0;1022;195488;33;2.8;2.8;2.6;2.6;20/07/2020 06:45;5.15;1.68;1.19;30;3.23;2.45;26.46;12.61;4.69;8.35;dsp_parametros_60.txt;1045;1012;38;29;53.7;39.7;58;22003;6.7;2413;630;53;186645;0;759;170;163;3.97;750;192;75;29.6;12.05;3.1;33;data;166;'-13;135;37;'-6;126;115;688;0;0;3.635;97.4;0.108;4.72;0;3;3300;3300
db_buhler_1_dsp;;1,5968E+18;14.43;1596.5;987; OK;0;1024;195402;33;2.8;3;2.8;2.7;18/07/2020 15:56;5.15;1.82;1.25;29;3.19;2.08;26.1;12.62;4.48;8.57;dsp_parametros_60.txt;1046;1013;39;30;53.3;39.1;58.6;22109;6.7;2327;631;53;186559;0;769;178;170;3.98;749;193;72;30.12;12.05;3.09;141;data;167;'-13;135;56;'-6;125;120;676;0;0;3.415;97.5;0.109;4.206;0;3;3300;3300
db_buhler_1_dsp;;1,5968E+18;16.12;1596.3;985; OK;0;1019;195023;34;2.8;2.9;2.7;2.7;16/07/2020 07:53;5.15;1.77;1.24;33;3.26;2.2;27.28;12.61;4.62;8.61;dsp_parametros_60.txt;1042;1008;35;26;56.3;40.3;63.9;22010;6.74;1948;626;52.9;186180;0;762;170;163;3.97;749;190;67;29.5;12.15;1.01;58;data;167;'-13;116;148;127;109;115;682;0;0;3.559;96.2;0.107;4.525;0;3;3300;3300
db_buhler_1_dsp;;1,5968E+18;16.43;1596.2;987; OK;0;1022;195077;33;2.9;3;2.8;2.6;16/07/2020 09:21;5.15;1.83;1.24;30;3.23;2.07;28.26;12.62;4.61;7.88;dsp_parametros_60.txt;1045;1012;38;29;57.9;40.9;62.8;21237;6.74;2002;630;53.1;186234;0;763;172;165;3.98;751;191;65;29.9;12.16;1;112;data;172;'-13;118;153;123;115;121;686;0;0;3.542;97.2;0.108;4.704;0;3;3300;3300
db_buhler_1_dsp;;1,5968E+18;16.64;1596.3;986; OK;0;1021;195099;33;2.9;2.9;2.7;2.5;16/07/2020 09:56;5.15;1.83;1.24;31;3.23;2.05;28.46;12.62;4.56;7.93;dsp_parametros_60.txt;1044;1011;40;31;58.6;42.3;62.6;21368;6.7;2024;629;53.2;186256;0;764;172;165;3.99;750;192;63;29.86;12.11;1;134;data;173;'-13;118;154;123;115;122;680;0;0;3.492;97;0.108;4.585;0;3;3300;3300
db_buhler_1_dsp;;1,5968E+18;14.19;1596.2;986; OK;0;1023;195471;34;2.8;2.9;2.6;2.7;20/07/2020 06:17;5.15;1.64;1.2;29;3.27;2.74;26.1;12.62;4.81;8.54;dsp_parametros_60.txt;1046;1012;32;24;53.8;40.4;59.3;22162;6.66;2396;630;52.9;186628;0;756;170;163;3.97;750;189;76;29.64;12.06;3.08;16;data;163;'-13;132;33;'-6;117;110;685;0;0;3.748;97.2;0.108;4.814;0;3;3300;3300
db_buhler_1_dsp;;1,5968E+18;14.28;1596.5;987; OK;0;1023;195386;34;2.7;2.9;2.7;2.6;18/07/2020 15:30;5.15;1.81;1.24;29;3.19;2.12;25.88;12.62;4.55;8.41;dsp_parametros_60.txt;1046;1012;38;29;54;40.4;60.2;22067;6.72;2311;630;53;186543;0;768;178;170;3.97;750;189;69;29.58;12.05;3.07;125;data;168;'-13;135;56;'-6;124;119;673;0;0;3.486;96.6;0.109;4.467;0;3;3300;3300
db_buhler_1_dsp;;1,5968E+18;14.46;1596.4;987; OK;0;1022;195363;33;2.7;2.9;2.8;2.7;18/07/2020 14:42;5.15;1.83;1.24;31;3.19;2.1;26.24;12.61;4.5;8.34;dsp_parametros_60.txt;1044;1011;40;31;55.4;40.2;58.5;22090;6.66;2288;629;53.1;186520;0;768;177;170;3.98;750;190;69;29.9;12;3.11;102;data;168;'-13;136;54;'-6;126;120;680;0;0;3.431;97.2;0.108;4.198;0;3;3300;3300
db_buhler_1_dsp;;1,5968E+18;14.33;1596.1;986; OK;0;1020;195218;32;1.4;1.6;1.4;1.3;18/07/2020 07:33;5.15;1.76;1.24;33;3.2;2.24;26.16;12.62;4.64;8.35;dsp_parametros_60.txt;1042;1010;37;29;54.7;38.6;60.6;22062;6.74;2143;628;53;186375;0;764;171;163;3.98;750;192;73;29.9;12.1;3.12;51;data;166;'-13;136;42;'-6;122;117;680;0;0;3.586;97.5;0.107;4.397;0;3;3300;3300
db_buhler_1_dsp;;1,5968E+18;14.38;1596.2;988; OK;0;1021;195244;33;1.5;1.8;1.5;1.3;18/07/2020 08:15;5.15;1.78;1.25;31;3.21;2.18;26.12;12.62;4.59;8.38;dsp_parametros_60.txt;1044;1011;38;29;54.8;39.6;58.4;22590;6.66;2169;629;53;186401;0;764;172;164;3.98;751;189;71;30;12;3.04;77;data;166;'-13;137;48;'-6;123;118;675;0;0;3.526;97.1;0.107;4.354;0;3;3300;3300
db_buhler_1_dsp;;1,5968E+18;14.22;1596.5;987; OK;0;1023;195385;33;2.7;2.9;2.7;2.6;18/07/2020 15:29;5.15;1.8;1.23;30;3.19;2.08;25.9;12.61;4.56;8.35;dsp_parametros_60.txt;1045;1012;39;30;54.1;39;60.3;22029;6.64;2310;630;53;186542;0;767;178;170;3.97;751;192;69;29.66;11.99;3.07;124;data;168;'-13;136;56;'-6;124;119;673;0;0;3.492;96.7;0.109;4.279;0;3;3300;3300
db_buhler_1_dsp;;1,5968E+18;15.67;1596.2;986; OK;0;1022;195001;32;2.9;3;2.8;2.8;16/07/2020 07:04;5.15;1.68;1.2;31;3.27;2.36;28.12;12.61;4.73;8.42;dsp_parametros_60.txt;1044;1012;32;23;58;41.4;63.4;22063;6.78;1926;630;53.1;186158;0;758;169;162;3.98;750;194;65;29.94;12.22;1.02;36;data;168;'-13;115;150;121;111;116;681;0;0;3.666;97.4;0.108;4.612;0;3;3300;3300
db_buhler_1_dsp;;1,5968E+18;13.69;1596.2;930;BAD;0;1014;195020;23;2.6;2.8;2.6;2.6;16/07/2020 07:49;5.14;1.58;1.25;38;3.24;2.27;25.32;12.62;5.09;8.34;dsp_parametros_60.txt;1037;1014;0;0;0;0;'-0.1;21962;13.88;1945;632;25.8;186177;0;299;170;161;1.94;249;193;26;29.6;19.32;1.02;55;data;128;'-13;96;123;126;97;104;688;0;0;4.033;101.6;0.201;5.828;0;3;3300;3300
db_buhler_1_dsp;;1,5968E+18;15.74;1596.3;986; OK;0;1022;194980;34;2.8;3.1;2.9;3;16/07/2020 06:30;5.15;1.65;1.14;30;3.33;3.06;27.44;12.62;4.89;8.43;dsp_parametros_60.txt;1045;1011;26;18;55.4;40;63.3;22074;6.7;1905;629;53.2;186137;0;754;169;162;3.99;749;191;74;29.9;12.14;1.05;15;data;165;'-13;112;147;117;104;109;686;0;0;3.824;97;0.108;4.873;0;3;3300;3300
db_buhler_1_dsp;;1,5968E+18;15.61;1596.3;986; OK;0;1022;194987;35;2.8;3;2.8;2.9;16/07/2020 06:42;5.15;1.66;1.11;30;3.3;2.93;28.04;12.61;4.92;8.42;dsp_parametros_60.txt;1045;1010;28;20;57;41.4;63.2;22067;6.68;1912;628;53.1;186144;0;754;169;162;3.98;752;193;76;29.66;12.12;1.04;22;data;167;'-13;114;149;119;108;113;686;0;0;3.858;97.1;0.108;4.839;0;3;3300;3300
db_buhler_1_dsp;;1,5968E+18;14.34;1596.4;988; OK;0;1024;195333;33;2.8;2.9;2.8;2.7;18/07/2020 13:54;5.15;1.8;1.25;28;3.2;2.12;26.16;12.61;4.54;8.62;dsp_parametros_60.txt;1047;1014;38;29;53.7;39.6;59.1;22045;6.66;2258;632;53;186490;0;766;176;169;3.97;750;192;72;30.14;12.01;3.05;72;data;168;'-13;135;53;'-6;125;119;683;0;0;3.476;97.7;0.108;4.538;0;3;3300;3300
db_buhler_1_dsp;;1,5968E+18;14.42;1596.4;988; OK;0;1023;195364;33;2.7;2.9;2.8;2.6;18/07/2020 14:44;5.15;1.79;1.25;29;3.19;2.09;26.14;12.6;4.54;8.56;dsp_parametros_60.txt;1046;1013;38;29;52.2;40;58.8;22051;6.68;2289;631;53;186521;0;767;177;170;3.98;752;194;72;29.68;12.02;3.06;103;data;168;'-13;136;54;'-6;126;120;680;0;0;3.481;96.9;0.108;4.429;0;3;3300;3300
db_buhler_1_dsp;;1,5968E+18;14.27;1596.2;987; OK;0;1020;195230;33;1.5;1.8;1.6;1.4;18/07/2020 07:53;5.15;1.77;1.24;32;3.2;2.19;26.16;12.61;4.63;8.67;dsp_parametros_60.txt;1043;1010;38;30;53.8;38.8;58.5;22061;6.78;2155;628;53.1;186387;0;763;172;164;3.98;751;191;71;29.9;12.13;3.05;63;data;166;'-13;135;46;'-6;123;117;681;0;0;3.568;97.7;0.107;4.507;0;3;3300;3300
db_buhler_1_dsp;;1,5968E+18;16.54;1596.4;986; OK;0;1021;195154;34;2.8;2.9;2.6;2.6;16/07/2020 14:48;5.15;1.81;1.25;30;3.23;2.07;28.1;12.62;4.57;8.42;dsp_parametros_60.txt;1045;1011;39;30;56.9;41.5;64.3;22029;6.66;2079;629;53.2;186311;0;766;173;166;3.99;749;191;63;29.64;12.06;0.99;42;data;171;'-13;117;152;123;114;120;681;0;0;3.503;96.7;0.108;4.866;0;3;3300;3300
db_buhler_1_dsp;;1,5968E+18;14.5;1596.5;987; OK;0;1024;195414;34;2.8;2.9;2.8;2.6;18/07/2020 16:16;5.15;1.81;1.24;28;3.19;2.06;26.26;12.61;4.45;8.35;dsp_parametros_60.txt;1047;1013;39;30;53.8;39.8;58.8;22041;6.62;2339;631;53;186571;0;769;178;171;3.97;750;193;70;29.88;11.97;3.11;153;data;168;'-13;136;56;'-6;126;120;672;0;0;3.385;97;0.109;4.417;0;3;3300;3300
db_buhler_1_dsp;;1,5968E+18;14.13;1596.2;987; OK;0;1022;195480;32;2.9;2.9;2.7;2.7;20/07/2020 06:32;5.15;1.74;1.25;31;3.23;2.57;25.94;12.62;4.74;8.73;dsp_parametros_60.txt;1044;1012;35;27;54.2;39.9;59.8;22081;6.7;2405;630;52.9;186637;0;757;170;163;3.97;750;191;76;29.82;12.09;3.12;25;data;165;'-13;135;35;'-6;120;114;686;0;0;3.689;97.4;0.108;4.457;0;3;3300;3300
db_buhler_1_dsp;;1,5968E+18;14.28;1596.4;988; OK;0;1024;195285;34;2.8;3;2.9;2.9;18/07/2020 12:36;5.15;1.78;1.24;27;3.2;2.19;26.08;12.61;4.61;8.38;dsp_parametros_60.txt;1048;1014;37;28;54.7;37.8;59.6;22080;6.66;2210;632;53;186442;0;765;175;168;3.98;750;189;70;29.94;12.01;3.03;24;data;167;'-13;136;49;'-6;123;117;683;0;0;3.55;97;0.108;4.459;0;3;3300;3300
db_buhler_1_dsp;;1,5968E+18;14.09;1596.4;930;BAD;0;1025;195596;18;3.3;3.4;3.3;3.4;21/07/2020 05:32;5.11;1.79;1.23;33;3.24;2.18;26.06;12.62;5.3;7.76;dsp_parametros_60.txt;1042;1024;7;8;0;0;'-0.1;22245;20.98;2521;642;25.8;186753;0;294;176;167;1.93;250;191;26;29.96;30.87;3.16;1;data;25;'-13;23;26;26;25;24;690;0;0;4.246;0;0.201;5.371;0;3;3300;3300
db_buhler_1_dsp;;1,5968E+18;16.18;1596.4;988; OK;0;1024;195138;34;2.8;3;2.7;2.7;16/07/2020 14:22;5.15;1.81;1.25;28;3.24;2.13;27.94;12.62;4.56;8.47;dsp_parametros_60.txt;1047;1013;38;29;57.2;41.6;64.5;22037;6.7;2063;631;53;186295;0;764;172;166;3.97;749;190;69;29.58;12.11;1;26;data;172;'-13;117;153;123;113;119;685;0;0;3.498;96.6;0.108;4.657;0;3;3300;3300
db_buhler_1_dsp;;1,5968E+18;14.31;1596.4;988; OK;0;1023;195306;33;2.7;2.9;2.8;2.7;18/07/2020 13:10;5.15;1.8;1.24;29;3.2;2.16;26.26;12.61;4.55;8.37;dsp_parametros_60.txt;1046;1013;39;30;53.8;39.8;58.9;22018;6.66;2231;631;53;186463;0;767;176;169;3.98;751;191;70;29.7;12.02;3.1;45;data;168;'-13;136;51;'-6;124;119;681;0;0;3.498;97;0.108;4.334;0;3;3300;3300
db_buhler_1_dsp;;1,5968E+18;14.4;1596.2;986; OK;0;1019;195255;33;1.4;1.7;1.4;1.2;18/07/2020 08:33;5.15;1.79;1.25;33;3.19;2.14;25.96;12.61;4.6;8.62;dsp_parametros_60.txt;1042;1009;38;29;55.5;39;58.5;22431;6.7;2180;627;53.2;186412;0;763;172;165;3.99;751;192;73;30.24;12.04;3.1;88;data;165;'-12;135;49;'-6;123;118;676;0;0;3.533;97.6;0.107;4.507;0;3;3300;3300
db_buhler_1_dsp;;1,5968E+18;13.98;1596.2;986; OK;0;1023;195464;33;2.7;2.8;2.6;2.7;20/07/2020 06:06;5.15;1.62;1.13;29;3.29;2.89;25.98;12.61;4.84;8.32;dsp_parametros_60.txt;1046;1013;29;22;53.4;39.5;58.6;22060;6.84;2389;631;52.9;186621;0;754;171;164;3.97;751;192;74;29.9;12.25;3.16;9;data;161;'-13;132;32;'-6;110;104;686;0;0;3.775;97.5;0.109;4.602;0;3;3300;3300
db_buhler_1_dsp;;1,5968E+18;13.53;1596.5;930;BAD;0;1019;195449;20;2.6;2.9;2.7;2.6;18/07/2020 17:48;5.14;1.84;1.24;36;3.2;2.06;26.18;12.62;4.96;9.5;dsp_parametros_60.txt;1039;1019;43;31;0.1;0;'-0.2;22220;6.74;2374;637;25.8;186606;0;307;181;172;1.93;251;192;23;29.6;51.35;3.08;188;data;79;'-13;103;71;'-6;78;90;673;0;0;3.91;2253.7;0.201;4.864;0;3;3300;3300
db_buhler_1_dsp;;1,5968E+18;14.36;1596.1;987; OK;0;1021;195206;33;1.4;1.7;1.5;1.3;18/07/2020 07:14;5.14;1.64;1.09;31;3.22;2.36;26.46;12.61;4.71;8.46;dsp_parametros_60.txt;1044;1011;36;28;55.5;39.7;58.7;22108;6.68;2131;629;53;186363;0;761;171;163;3.98;749;193;71;29.94;12.03;3.09;39;data;165;'-13;135;40;'-6;121;115;680;0;0;3.645;97.8;0.108;4.795;0;3;3300;3300
db_buhler_1_dsp;;1,5968E+18;14.26;1596.4;987; OK;0;1023;195281;35;2.7;2.9;2.8;2.8;18/07/2020 12:30;5.15;1.77;1.24;27;3.22;2.21;25.94;12.62;4.63;8.39;dsp_parametros_60.txt;1048;1013;38;30;55.2;40.3;58.8;22071;6.72;2206;631;53.1;186438;0;764;175;168;3.98;750;193;68;29.92;12.06;3.03;20;data;167;'-13;135;50;'-6;122;116;683;0;0;3.568;97.2;0.108;4.897;0;3;3300;3300
db_buhler_1_dsp;;1,5968E+18;16.49;1596.3;987; OK;0;1022;195089;33;2.8;2.8;2.7;2.5;16/07/2020 09:40;5.15;1.83;1.24;30;3.23;2.06;28.32;12.61;4.58;7.91;dsp_parametros_60.txt;1045;1012;39;30;56.3;40.6;63.3;21265;6.68;2014;630;53.1;186246;0;764;172;165;3.98;750;192;63;29.64;12.09;1;124;data;173;'-13;118;154;123;115;121;683;0;0;3.517;96.7;0.108;4.73;0;3;3300;3300
db_buhler_1_dsp;;1,5968E+18;14.22;1596.1;986; OK;0;1020;195190;34;1.4;1.8;1.5;1.4;18/07/2020 06:48;5.15;1.61;1.11;31;3.26;2.66;26.26;12.61;4.79;8.3;dsp_parametros_60.txt;1044;1010;34;25;54.9;39.6;58.6;22093;6.7;2115;628;52.9;186347;0;757;170;163;3.97;750;190;76;29.9;12.1;3.07;23;data;164;'-13;136;37;'-6;119;113;683;0;0;3.728;97.4;0.107;5.006;0;3;3300;3300
db_buhler_1_dsp;;1,5968E+18;14.4;1596.5;987; OK;0;1022;195368;33;2.7;2.9;2.7;2.6;18/07/2020 14:51;5.15;1.8;1.24;30;3.19;2.07;26.04;12.61;4.53;8.33;dsp_parametros_60.txt;1045;1012;38;30;53;39.8;59.2;22041;6.68;2293;630;53;186525;0;766;177;170;3.98;751;194;70;30.2;12.05;3.03;107;data;168;'-13;136;55;'-6;126;120;681;0;0;3.463;97.1;0.108;4.416;0;3;3300;3300
db_buhler_1_dsp;;1,5968E+18;16.48;1596.2;986; OK;0;1020;195032;34;2.8;2.9;2.7;2.6;16/07/2020 08:08;5.15;1.79;1.25;31;3.24;2.14;27.8;12.61;4.64;8.41;dsp_parametros_60.txt;1044;1010;36;28;57.1;41;62.8;22030;6.7;1957;628;53.1;186189;0;763;171;163;3.98;750;191;62;30.2;12.11;1;67;data;170;'-13;117;151;122;113;118;683;0;0;3.578;97.1;0.107;4.865;0;3;3300;3300
db_buhler_1_dsp;;1,5968E+18;14.37;1596.5;987; OK;0;1024;195420;33;2.7;2.9;2.7;2.6;18/07/2020 16:25;5.15;1.8;1.25;28;3.18;2.08;26.02;12.62;4.48;8.32;dsp_parametros_60.txt;1047;1014;40;31;54.3;39.4;59.8;22078;6.74;2345;632;53;186577;0;767;178;171;3.98;750;190;69;29.64;12.09;3.06;159;data;167;'-13;135;56;'-6;125;120;673;0;0;3.418;96.6;0.109;4.338;0;3;3300;3300
db_buhler_1_dsp;;1,5968E+18;14.43;1596.5;987; OK;0;1024;195448;34;2.8;3;2.8;2.6;18/07/2020 17:11;5.15;1.84;1.24;28;3.18;2.07;26.18;12.62;4.48;8.37;dsp_parametros_60.txt;1047;1013;38;30;54.2;39.7;59.7;22028;6.68;2373;631;53.1;186605;0;768;178;170;3.98;749;192;70;29.6;12.03;3.11;187;data;167;'-13;135;57;'-6;125;120;672;0;0;3.413;96.9;0.109;4.417;0;3;3300;3300
db_buhler_1_dsp;;1,5968E+18;14.23;1596.5;987; OK;0;1022;195369;32;2.8;3;2.8;2.7;18/07/2020 14:52;5.15;1.79;1.23;31;3.19;2.1;26.1;12.62;4.54;8.34;dsp_parametros_60.txt;1044;1012;38;30;55.4;40.4;58.8;22048;6.78;2294;630;53.1;186526;0;766;177;170;3.98;750;192;71;29.88;12.14;3.1;108;data;168;'-13;136;55;'-6;126;120;681;0;0;3.48;97;0.108;4.106;0;3;3300;3300
db_buhler_1_dsp;;1,5968E+18;14.5;1596.4;987; OK;0;1021;195328;33;2.8;3;2.8;2.7;18/07/2020 13:46;5.15;1.82;1.24;31;3.19;2.1;26.1;12.61;4.51;8.56;dsp_parametros_60.txt;1044;1011;39;30;53.9;40.2;58.9;22075;6.64;2253;629;53;186485;0;768;176;169;3.98;750;191;71;29.28;12;3.08;67;data;168;'-13;136;52;'-6;125;119;683;0;0;3.449;96.5;0.108;4.384;0;3;3300;3300
db_buhler_1_dsp;;1,5968E+18;14.31;1596.4;988; OK;0;1023;195330;32;2.7;2.9;2.7;2.6;18/07/2020 13:49;5.15;1.82;1.24;29;3.19;2.13;26.24;12.61;4.51;8.62;dsp_parametros_60.txt;1046;1014;38;29;54;38.8;59.6;22049;6.68;2255;632;53;186487;0;768;176;169;3.98;751;193;71;29.54;12.03;3.11;69;data;168;'-13;136;53;'-7;125;119;683;0;0;3.459;97.3;0.108;4.248;0;3;3300;3300
db_buhler_1_dsp;;1,5968E+18;14.43;1596.3;987; OK;0;1021;195559;33;2.8;2.9;2.6;2.5;20/07/2020 08:39;5.15;1.81;1.25;31;3.19;2.14;26.2;12.62;4.5;8.36;dsp_parametros_60.txt;1044;1011;36;27;54;39.7;59.6;22124;6.7;2484;629;53;186716;0;764;172;165;3.98;751;189;72;29.9;12.06;3.11;104;data;166;'-13;136;47;'-6;130;118;673;0;0;3.448;97.1;0.108;4.402;0;3;3300;3300
db_buhler_1_dsp;;1,5968E+18;14.52;1596.4;987; OK;0;1022;195365;34;2.7;2.9;2.8;2.7;18/07/2020 14:46;5.15;1.81;1.25;29;3.19;2.09;26.2;12.62;4.49;8.43;dsp_parametros_60.txt;1046;1012;38;29;54.2;39.3;58.7;22048;6.72;2290;630;53;186522;0;767;177;170;3.98;749;191;69;30.2;12.07;3.03;104;data;168;'-13;135;55;'-6;126;120;680;0;0;3.429;97.6;0.108;4.579;0;3;3300;3300
db_buhler_1_dsp;;1,5968E+18;14.08;1596.5;988; OK;0;1024;195383;33;2.7;2.9;2.7;2.7;18/07/2020 15:26;5.15;1.78;1.25;28;3.19;2.11;25.8;12.61;4.55;8.42;dsp_parametros_60.txt;1047;1014;40;30;54.5;39.8;59.5;22045;6.74;2308;632;53;186540;0;769;178;170;3.98;751;193;70;29.94;12.1;3.03;122;data;169;'-13;135;57;'-6;123;119;673;0;0;3.49;97;0.109;4.497;0;3;3300;3300
db_buhler_1_dsp;;1,5968E+18;14.18;1596.5;986; OK;0;1022;195274;34;2.7;2.9;2.8;2.8;18/07/2020 12:18;5.15;1.77;1.25;30;3.22;2.27;25.9;12.62;4.65;8.34;dsp_parametros_60.txt;1045;1011;37;28;54.4;40.1;59.9;22069;6.66;2199;629;52.9;186431;0;764;174;168;3.97;750;188;68;29.64;12.02;3.13;13;data;167;'-13;136;49;'-6;120;115;683;0;0;3.584;96.9;0.108;4.54;0;3;3300;3300
db_buhler_1_dsp;;1,5968E+18;14.67;1596.2;987; OK;0;1021;195563;32;2.8;2.8;2.6;2.4;20/07/2020 08:46;5.15;1.83;1.24;32;3.19;2.16;26.2;12.61;4.49;8.36;dsp_parametros_60.txt;1043;1011;40;31;55.3;40.6;59.8;22047;6.72;2488;629;53.1;186720;0;764;172;165;3.98;751;192;72;29.94;12.08;3.08;108;data;167;'-13;135;48;'-6;130;118;673;0;0;3.435;97.1;0.108;4.301;0;3;3300;3300
db_buhler_1_dsp;;1,5968E+18;14.31;1596.4;987; OK;0;1023;195591;34;2.8;3.1;2.8;2.9;20/07/2020 11:34;5.11;1.79;1.24;29;3.2;2.22;26.08;12.61;4.57;8.39;dsp_parametros_60.txt;1046;1012;38;30;54.6;39.9;59.2;22074;6.7;2516;630;53;186748;0;756;174;167;3.97;740;191;71;29.62;12.05;3.07;136;data;167;'-13;134;49;'-6;128;116;681;0;0;3.511;96.9;0.109;4.594;0;3;3300;3300
db_buhler_1_dsp;;1,5968E+18;14.39;1596.2;987; OK;0;1020;195235;34;1.5;1.7;1.5;1.3;18/07/2020 08:01;5.15;1.77;1.25;31;3.21;2.16;26;12.62;4.61;8.46;dsp_parametros_60.txt;1044;1010;37;29;56;39.3;59;22029;6.76;2160;628;53.1;186392;0;764;172;164;3.98;750;193;71;29.98;12.12;3.07;68;data;166;'-13;135;47;'-6;123;117;675;0;0;3.56;97.3;0.108;4.677;0;3;3300;3300
db_buhler_1_dsp;;1,5968E+18;14.61;1596.2;987; OK;0;1021;195505;33;2.8;2.9;2.7;2.6;20/07/2020 07:12;5.14;1.77;1.24;31;3.21;2.26;26.28;12.61;4.64;8.35;dsp_parametros_60.txt;1044;1011;36;27;53.7;39.8;58.5;22082;6.7;2430;629;53;186662;0;764;171;163;3.97;750;195;74;29.7;12.04;3.07;50;data;165;'-13;135;40;'-6;128;116;678;0;0;3.574;97.2;0.108;4.61;0;3;3300;3300
db_buhler_1_dsp;;1,5968E+18;14.6;1596.4;987; OK;0;1022;195307;34;2.8;3;2.8;2.8;18/07/2020 13:12;5.15;1.82;1.24;29;3.2;2.12;26.04;12.61;4.57;8.38;dsp_parametros_60.txt;1046;1012;39;31;53.6;39.6;59.7;22067;6.72;2232;630;53;186464;0;765;176;169;3.98;750;193;71;29.92;12.06;3.04;46;data;168;'-13;136;51;'-6;124;119;681;0;0;3.503;97;0.108;4.626;0;3;3300;3300
db_buhler_1_dsp;;1,5968E+18;14.39;1596.2;988; OK;0;1022;195510;33;2.8;2.8;2.6;2.5;20/07/2020 07:20;5.15;1.79;1.24;30;3.21;2.26;26.24;12.62;4.65;8.33;dsp_parametros_60.txt;1045;1012;39;31;52.3;40.4;59.8;22047;6.64;2435;630;53;186667;0;762;171;163;3.98;751;190;73;29.94;12;3.13;55;data;166;'-13;135;41;'-6;129;117;680;0;0;3.586;97.3;0.108;4.609;0;3;3300;3300
db_buhler_1_dsp;;1,5968E+18;14.26;1596.5;988; OK;0;1026;195419;33;2.7;2.8;2.7;2.6;18/07/2020 16:24;5.15;1.7;1.24;27;3.18;2.08;26.48;12.62;4.51;8.34;dsp_parametros_60.txt;1048;1015;39;30;54.6;40;59.6;22073;6.8;2344;633;53.1;186576;0;767;178;171;3.98;750;192;68;29.64;12.14;3.03;158;data;167;'-13;135;56;'-6;125;120;673;0;0;3.443;97.1;0.109;4.117;0;3;3300;3300
db_buhler_1_dsp;;1,5968E+18;14.43;1596.5;987; OK;0;1022;195371;33;2.7;2.9;2.7;2.6;18/07/2020 14:55;5.13;1.8;1.24;30;3.19;2.11;26.18;12.61;4.5;8.34;dsp_parametros_60.txt;1045;1012;39;30;55.7;39;59.3;22052;6.68;2296;630;53.1;186528;0;768;177;170;3.98;750;195;70;29.88;12.02;3.08;110;data;168;'-13;136;55;'-6;126;120;681;0;0;3.439;97;0.108;4.424;0;3;3300;3300
db_buhler_1_dsp;;1,5968E+18;16.55;1596.2;987; OK;0;1021;195041;34;2.8;2.9;2.7;2.6;16/07/2020 08:22;5.15;1.81;1.24;31;3.26;2.1;28.44;12.62;4.61;8.41;dsp_parametros_60.txt;1044;1010;38;29;57.4;40.8;63.3;22060;6.76;1966;628;53.1;186198;0;764;171;164;3.98;750;189;62;29.7;12.17;1;76;data;171;'-12;118;152;123;114;120;686;0;0;3.555;97.4;0.107;4.634;0;3;3300;3300
db_buhler_1_dsp;;1,5968E+18;14.6;1596.4;987; OK;0;1022;195314;33;2.8;3;2.8;2.7;18/07/2020 13:23;5.15;1.79;1.25;30;3.2;2.13;26.04;12.62;4.56;8.39;dsp_parametros_60.txt;1045;1012;38;29;53.8;40.7;59;22017;6.7;2239;630;52.9;186471;0;766;176;169;3.97;751;194;71;29.66;12.03;3.08;53;data;168;'-13;136;51;'-6;124;119;681;0;0;3.499;96.7;0.108;4.52;0;3;3300;3300
db_buhler_1_dsp;;1,5968E+18;14.36;1596.2;988; OK;0;1022;195224;33;1.4;1.7;1.5;1.3;18/07/2020 07:43;5.15;1.73;1.25;31;3.22;2.24;26.04;12.62;4.63;8.84;dsp_parametros_60.txt;1044;1011;36;28;53.4;39.8;57.8;22011;6.88;2149;629;53;186381;0;763;171;164;3.97;751;192;73;30.16;12.22;3.09;57;data;165;'-13;135;44;'-6;122;117;680;0;0;3.563;98.1;0.108;4.407;0;3;3300;3300
db_buhler_1_dsp;;1,5968E+18;14.39;1596.2;988; OK;0;1022;195234;33;1.5;1.8;1.5;1.3;18/07/2020 07:59;5.15;1.76;1.24;31;3.19;2.19;26.12;12.61;4.59;8.51;dsp_parametros_60.txt;1044;1011;37;28;53;40.5;58.5;22000;6.86;2159;629;53;186391;0;764;172;164;3.98;750;191;72;29.86;12.2;3.13;67;data;166;'-13;135;46;'-6;123;117;675;0;0;3.537;97.4;0.107;4.385;0;3;3300;3300
db_buhler_1_dsp;;1,5968E+18;14.59;1596.1;988; OK;0;1022;195506;32;2.9;2.9;2.8;2.6;20/07/2020 07:14;5.14;1.8;1.25;31;3.2;2.22;26.4;12.62;4.57;8.55;dsp_parametros_60.txt;1044;1012;37;29;52.9;39;58.4;22040;6.74;2431;630;53.1;186663;0;764;171;163;3.98;753;192;70;29.66;12.09;3.12;51;data;165;'-13;134;40;'-6;128;116;680;0;0;3.516;97.3;0.108;4.247;0;3;3300;3300
db_buhler_1_dsp;;1,5968E+18;14.35;1596.3;988; OK;0;1022;195561;33;2.9;2.9;2.7;2.5;20/07/2020 08:43;5.15;1.84;1.25;30;3.2;2.16;26.26;12.62;4.53;8.35;dsp_parametros_60.txt;1045;1012;39;30;55.1;40.1;59.7;21967;6.62;2486;630;53.1;186718;0;766;172;165;3.98;750;190;72;29.24;11.97;3.1;106;data;167;'-13;135;48;'-6;130;118;673;0;0;3.469;96.4;0.108;4.599;0;3;3300;3300
db_buhler_1_dsp;;1,5968E+18;14.37;1596.5;987; OK;0;1024;195441;33;2.7;2.9;2.7;2.6;18/07/2020 16:59;5.15;1.82;1.24;28;3.19;2.09;26.04;12.62;4.45;8.35;dsp_parametros_60.txt;1047;1014;39;30;55.2;39.4;58.8;22082;6.66;2366;632;53.1;186598;0;769;178;170;3.98;750;193;69;29.62;12.01;3.05;180;data;168;'-13;136;56;'-6;126;120;678;0;0;3.4;96.7;0.109;4.391;0;3;3300;3300
db_buhler_1_dsp;;1,5968E+18;16.41;1596.2;986; OK;0;1020;195013;34;2.8;3;2.8;2.7;16/07/2020 07:24;5.15;1.78;1.25;31;3.26;2.21;27.78;12.62;4.62;8.48;dsp_parametros_60.txt;1044;1010;34;25;56.8;41.2;63.2;22022;6.7;1938;628;53.1;186170;0;760;170;162;3.99;750;194;64;29.68;12.1;1.01;48;data;170;'-13;117;151;122;112;118;685;0;0;3.558;96.6;0.108;4.879;0;3;3300;3300
db_buhler_1_dsp;;1,5968E+18;14.5;1596.2;988; OK;0;1022;195558;32;2.9;2.9;2.7;2.5;20/07/2020 08:38;5.15;1.83;1.25;31;3.19;2.14;26.28;12.61;4.52;8.35;dsp_parametros_60.txt;1044;1012;37;28;54.8;39.5;58.8;22120;6.68;2483;630;53;186715;0;764;172;165;3.98;751;195;73;29.94;12.04;3.07;103;data;166;'-13;135;47;'-6;130;118;680;0;0;3.457;97.3;0.108;4.444;0;3;3300;3300
db_buhler_1_dsp;;1,5968E+18;14.26;1596.4;987; OK;0;1022;195280;33;2.7;2.9;2.8;2.8;18/07/2020 12:28;5.14;1.8;1.25;30;3.22;2.24;25.82;12.62;4.64;8.49;dsp_parametros_60.txt;1045;1012;38;29;53;40.7;59.9;22073;6.7;2205;630;52.9;186437;0;764;175;168;3.97;750;191;70;29.92;12.06;3.03;19;data;167;'-13;135;50;'-6;122;116;683;0;0;3.581;96.9;0.108;4.579;0;3;3300;3300
db_buhler_1_dsp;;1,5968E+18;14.37;1596.4;987; OK;0;1023;195589;33;2.8;3.1;2.8;2.9;20/07/2020 11:31;5.11;1.8;1.24;29;3.2;2.2;26;12.62;4.53;8.37;dsp_parametros_60.txt;1046;1013;38;30;54.8;38.8;59.3;22022;6.68;2514;631;53;186746;0;757;174;167;3.98;740;190;70;30.2;12.02;3.05;134;data;166;'-13;134;49;'-6;128;116;680;0;0;3.465;97.4;0.108;4.46;0;3;3300;3300
db_buhler_1_dsp;;1,5968E+18;14.47;1596.4;987; OK;0;1022;195372;34;2.8;3;2.8;2.7;18/07/2020 14:57;5.15;1.82;1.24;29;3.19;2.09;26.22;12.61;4.54;8.38;dsp_parametros_60.txt;1046;1012;39;31;54.4;39.6;58.8;22062;6.72;2297;630;53;186529;0;767;177;170;3.97;751;191;69;29.62;12.07;3.11;111;data;168;'-13;135;55;'-6;126;120;680;0;0;3.481;97.1;0.108;4.615;0;3;3300;3300
db_buhler_1_dsp;;1,5968E+18;14.06;1596.3;986; OK;0;1023;195604;34;2.8;2.9;2.8;2.8;21/07/2020 05:46;5.11;1.61;1.12;29;3.27;2.7;26.12;12.62;4.81;8.37;dsp_parametros_60.txt;1046;1012;37;29;54.4;40.4;58.6;22031;6.64;2529;630;52.9;186761;0;746;172;165;3.97;741;189;74;30.28;12.05;3.08;4;data;163;'-13;131;32;'-6;116;107;686;0;0;3.742;97.7;0.108;4.683;0;3;3300;3300
db_buhler_1_dsp;;1,5968E+18;14.53;1596.3;987; OK;0;1021;195570;33;3;3;2.7;2.6;20/07/2020 08:57;5.15;1.83;1.24;31;3.19;2.18;26.04;12.61;4.49;8.4;dsp_parametros_60.txt;1044;1011;37;28;54.9;39.2;60;22013;6.64;2495;629;53.1;186727;0;764;172;165;3.98;750;192;73;29.9;11.98;3.06;115;data;167;'-13;136;48;'-6;130;118;675;0;0;3.436;97;0.108;4.506;0;3;3300;3300
db_buhler_1_dsp;;1,5968E+18;16.67;1596.2;986; OK;0;1020;195058;34;2.8;2.9;2.7;2.6;16/07/2020 08:50;5.15;1.82;1.25;31;3.22;2.09;28.52;12.62;4.63;8.38;dsp_parametros_60.txt;1044;1010;37;29;57.9;40.3;62.4;22073;6.7;1983;628;53.2;186215;0;764;171;164;3.99;750;192;62;29.66;12.1;1;93;data;172;'-13;118;153;123;115;120;687;0;0;3.58;97.2;0.108;4.961;0;3;3300;3300
db_buhler_1_dsp;;1,5968E+18;14.31;1596.4;987; OK;0;1022;195324;34;2.7;2.9;2.8;2.7;18/07/2020 13:39;5.15;1.8;1.25;29;3.2;2.11;26.1;12.62;4.54;8.36;dsp_parametros_60.txt;1046;1012;37;29;54.6;40.5;59;22087;6.68;2249;630;53;186481;0;767;176;169;3.97;745;194;70;29.94;12.04;3.08;63;data;168;'-13;135;52;'-6;125;119;681;0;0;3.474;97;0.108;4.476;0;3;3300;3300
db_buhler_1_dsp;;1,5968E+18;14.39;1596.4;987; OK;0;1022;195353;34;2.7;2.9;2.7;2.7;18/07/2020 14:26;5.15;1.67;1.24;29;3.19;2.1;26.24;12.61;4.54;8.34;dsp_parametros_60.txt;1046;1012;39;30;55.4;40.9;58.9;22043;6.7;2278;630;53;186510;0;766;177;169;3.98;750;192;70;29.92;12.06;3.03;92;data;168;'-13;135;54;'-6;125;119;678;0;0;3.476;97.1;0.108;4.655;0;3;3300;3300
db_buhler_1_dsp;;1,5968E+18;14.28;1596.5;988; OK;0;1024;195396;34;2.7;2.8;2.7;2.6;18/07/2020 15:47;5.15;1.82;1.25;27;3.19;2.1;26.02;12.62;4.54;8.43;dsp_parametros_60.txt;1048;1014;38;29;54.5;39.2;59.1;22072;6.74;2321;632;53.1;186553;0;768;178;170;3.98;750;191;69;30.22;12.1;3.1;135;data;167;'-13;135;56;'-6;125;119;676;0;0;3.472;97.6;0.109;4.556;0;3;3300;3300
db_buhler_1_dsp;;1,5968E+18;14.42;1596.4;987; OK;0;1023;195315;33;2.7;2.9;2.8;2.7;18/07/2020 13:25;5.15;1.8;1.24;29;3.2;2.11;26.36;12.61;4.53;8.34;dsp_parametros_60.txt;1046;1013;38;30;53;39.1;58.7;21973;6.68;2240;631;53;186472;0;768;176;169;3.98;749;194;71;29.98;12.01;3.09;54;data;168;'-13;135;51;'-6;124;119;681;0;0;3.472;97.3;0.108;4.4;0;3;3300;3300
db_buhler_1_dsp;;1,5968E+18;14.37;1596.5;987; OK;0;1024;195444;34;2.7;2.9;2.7;2.6;18/07/2020 17:04;5.15;1.82;1.24;28;3.19;2.07;26.22;12.61;4.47;8.35;dsp_parametros_60.txt;1047;1013;39;30;53.9;41.1;59.4;22036;6.62;2369;631;53;186601;0;769;178;171;3.97;750;190;69;29.56;11.98;3.08;183;data;168;'-13;135;57;'-6;126;120;670;0;0;3.403;96.9;0.108;4.512;0;3;3300;3300
db_buhler_1_dsp;;1,5968E+18;14.26;1596.4;988; OK;0;1024;195588;33;2.8;3.1;2.8;2.9;20/07/2020 11:29;5.11;1.8;1.25;28;3.2;2.2;25.92;12.61;4.57;8.4;dsp_parametros_60.txt;1047;1014;38;29;55.4;39.2;58.6;22067;6.66;2513;632;53;186745;0;754;174;167;3.98;740;196;71;29.84;12.01;3.11;133;data;166;'-13;134;49;'-6;127;116;680;0;0;3.513;96.9;0.109;4.735;0;3;3300;3300
db_buhler_1_dsp;;1,5968E+18;14.48;1596.3;988; OK;0;1022;195535;32;2.8;2.8;2.7;2.5;20/07/2020 08:01;5.15;1.95;1.23;31;3.2;2.18;26.32;12.62;4.54;8.3;dsp_parametros_60.txt;1044;1012;40;31;54.1;40.8;58.2;21991;6.64;2460;630;53;186692;0;763;171;164;3.98;748;190;71;29.92;12;3.06;80;data;166;'-13;136;45;'-6;130;118;675;0;0;3.483;97.2;0.108;4.37;0;3;3300;3300
db_buhler_1_dsp;;1,5968E+18;14.34;1596.4;988; OK;0;1023;195293;33;2.8;3;2.8;2.8;18/07/2020 12:49;5.15;1.78;1.24;29;3.2;2.16;26.12;12.61;4.57;8.37;dsp_parametros_60.txt;1046;1013;38;29;54.3;41.1;59.9;22030;6.68;2218;631;53;186450;0;766;175;168;3.97;748;192;70;29.54;12.04;3.11;32;data;168;'-13;136;51;'-6;124;118;683;0;0;3.507;96.7;0.108;4.361;0;3;3300;3300
db_buhler_1_dsp;;1,5968E+18;16.21;1596.4;986; OK;0;1022;195132;34;2.7;2.9;2.7;2.7;16/07/2020 14:12;5.15;1.8;1.24;30;3.25;2.13;27.94;12.62;4.56;8.46;dsp_parametros_60.txt;1045;1011;38;30;58.3;40.8;63.3;22041;6.68;2057;629;53.1;186289;0;763;172;166;3.98;749;190;70;29.94;12.1;1;20;data;170;'-13;117;152;122;112;117;686;0;0;3.499;96.9;0.108;4.599;0;3;3300;3300
db_buhler_1_dsp;;1,5968E+18;13.93;1596.2;987; OK;0;1022;195179;33;1.3;1.8;1.5;1.5;18/07/2020 06:30;5.15;1.61;1.13;31;3.3;3.23;26.3;12.61;4.86;8.25;dsp_parametros_60.txt;1044;1011;31;23;54.9;38.9;59.2;22123;6.62;2104;629;52.9;186336;0;754;171;163;3.97;750;189;74;29.86;12.05;3.12;12;data;155;'-13;135;35;'-6;114;108;684;0;0;3.804;97.4;0.108;4.589;0;3;3300;3300
db_buhler_1_dsp;;1,5968E+18;14.31;1596.5;987; OK;0;1022;195390;34;2.7;2.9;2.7;2.6;18/07/2020 15:37;5.15;1.79;1.25;29;3.19;2.11;25.94;12.62;4.53;8.32;dsp_parametros_60.txt;1046;1012;38;30;54.3;39.9;59.7;22063;6.66;2315;630;53;186547;0;768;178;171;3.98;750;191;69;29.64;12.02;3.11;129;data;167;'-13;135;56;'-7;124;119;675;0;0;3.469;96.5;0.108;4.474;0;3;3300;3300
db_buhler_1_dsp;;1,5968E+18;14.28;1596.3;986; OK;0;1020;195569;33;3;3;2.7;2.6;20/07/2020 08:56;5.14;1.82;1.25;32;3.2;2.18;26.26;12.61;4.51;8.35;dsp_parametros_60.txt;1043;1010;38;29;56.3;40.9;60;22002;6.68;2494;628;53.1;186726;0;765;172;165;3.98;750;194;71;29.7;12.03;3.08;114;data;167;'-13;136;48;'-6;130;118;673;0;0;3.445;96.9;0.108;4.442;0;3;3300;3300
db_buhler_1_dsp;;1,5968E+18;14;1596.3;987; OK;0;1024;195602;33;2.7;2.8;2.7;2.7;21/07/2020 05:42;5.11;1.61;1.11;29;3.28;2.76;26.04;12.61;4.82;8.37;dsp_parametros_60.txt;1046;1013;40;33;54.4;39.5;59.3;22047;6.7;2527;631;53;186759;0;745;172;165;3.97;741;191;75;29.58;12.13;3.15;2;data;161;'-13;131;31;'-6;112;103;685;0;0;3.759;97;0.109;4.454;0;3;3300;3300
db_buhler_1_dsp;;1,5968E+18;14.48;1596.5;988; OK;0;1025;195405;33;2.8;3;2.8;2.7;18/07/2020 16:01;5.15;1.8;1.24;27;3.19;2.08;26.06;12.62;4.5;8.31;dsp_parametros_60.txt;1048;1015;40;31;55.8;39.9;60.5;22036;6.66;2330;633;53.2;186562;0;769;178;171;3.99;750;191;68;29.6;12.01;3.09;144;data;168;'-13;135;56;'-6;126;120;676;0;0;3.433;96.5;0.109;4.278;0;3;3300;3300
db_buhler_1_dsp;;1,5968E+18;16.78;1596.3;985; OK;0;1020;195160;34;2.8;2.9;2.7;2.6;16/07/2020 14:58;5.15;1.81;1.24;31;3.23;2.05;28.26;12.61;4.49;8.63;dsp_parametros_60.txt;1044;1010;40;32;58.2;40.9;64.2;22037;6.72;2085;628;53.4;186317;0;766;173;166;4;750;191;62;29.92;12.14;0.99;48;data;171;'-13;117;153;123;115;120;681;0;0;3.424;97.3;0.107;4.781;0;3;3300;3300
db_buhler_1_dsp;;1,5968E+18;14.4;1596.1;987; OK;0;1021;195223;32;1.4;1.6;1.4;1.2;18/07/2020 07:41;5.15;1.75;1.24;32;3.2;2.2;26;12.61;4.63;8.63;dsp_parametros_60.txt;1043;1011;36;28;53.5;40;59.2;22070;6.78;2148;629;53.1;186380;0;764;171;164;3.98;750;190;71;29.34;12.14;3.11;56;data;166;'-13;135;44;'-6;123;117;680;0;0;3.567;96.8;0.107;4.376;0;3;3300;3300
db_buhler_1_dsp;;1,5968E+18;15.71;1596.5;986; OK;0;1022;195119;35;2.7;3;2.7;2.8;16/07/2020 13:51;5.15;1.78;1.26;29;3.27;2.4;27.62;12.62;4.7;8.45;dsp_parametros_60.txt;1046;1011;37;29;57.2;40.1;63.3;22026;6.68;2044;629;53;186276;0;759;172;165;3.97;750;189;66;29.9;12.09;1.02;7;data;168;'-13;115;148;121;105;110;686;0;0;3.633;96.9;0.108;4.764;0;3;3300;3300
db_buhler_1_dsp;;1,5968E+18;16.49;1596.2;986; OK;0;1021;195050;34;2.8;2.9;2.7;2.6;16/07/2020 08:37;5.15;1.83;1.25;31;3.24;2.1;28.24;12.62;4.55;8.39;dsp_parametros_60.txt;1044;1010;38;30;56.4;41.6;61.5;22027;6.68;1975;628;53.2;186207;0;765;171;164;3.99;750;190;61;29.68;12.08;1;85;data;172;'-13;118;153;124;115;120;685;0;0;3.482;96.8;0.108;4.523;0;3;3300;3300
db_buhler_1_dsp;;1,5968E+18;16.55;1596.4;986; OK;0;1021;195139;34;2.7;2.9;2.7;2.6;16/07/2020 14:24;5.15;1.8;1.24;31;3.24;2.1;27.9;12.61;4.58;8.44;dsp_parametros_60.txt;1044;1010;38;29;57.1;41.6;63.5;22053;6.72;2064;628;53.1;186296;0;765;173;166;3.98;750;191;70;29.9;12.13;0.99;27;data;171;'-13;117;152;123;113;119;686;0;0;3.513;96.9;0.108;4.454;0;3;3300;3300
db_buhler_1_dsp;;1,5968E+18;14.38;1596.2;987; OK;0;1021;195511;32;2.8;2.8;2.6;2.5;20/07/2020 07:22;5.15;1.8;1.24;31;3.2;2.21;26.1;12.62;4.62;8.41;dsp_parametros_60.txt;1044;1012;39;30;54.5;39.6;59.2;22044;6.68;2436;630;53.1;186668;0;763;171;163;3.98;750;193;72;29.66;12.03;3.04;56;data;166;'-13;136;41;'-6;129;117;681;0;0;3.555;97;0.108;4.558;0;3;3300;3300
db_buhler_1_dsp;;1,5968E+18;14.41;1596.5;987; OK;0;1024;195417;34;2.8;3;2.8;2.7;18/07/2020 16:21;5.15;1.8;1.24;27;3.19;2.06;26.06;12.62;4.46;8.55;dsp_parametros_60.txt;1048;1014;37;28;53.6;40.6;58.2;22048;6.68;2342;632;53.1;186574;0;769;178;171;3.98;750;192;69;29.46;12.03;3.06;156;data;167;'-13;135;56;'-6;126;120;673;0;0;3.408;96.7;0.109;4.476;0;3;3300;3300
db_buhler_1_dsp;;1,5968E+18;16.45;1596.2;986; OK;0;1021;195062;33;2.8;2.9;2.8;2.6;16/07/2020 08:57;5.15;1.83;1.24;31;3.24;2.07;28.14;12.62;4.62;8.38;dsp_parametros_60.txt;1044;1011;40;31;58.5;41;63.7;22058;6.7;1987;629;53.2;186219;0;764;171;164;3.99;750;190;62;29.26;12.11;0.99;97;data;172;'-13;118;153;124;115;121;683;0;0;3.554;96.4;0.108;4.576;0;3;3300;3300
db_buhler_1_dsp;;1,5968E+18;14.29;1596.5;987; OK;0;1023;195581;32;2.8;3.1;2.8;3;20/07/2020 11:18;5.11;1.78;1.25;30;3.2;2.25;25.98;12.61;4.56;8.36;dsp_parametros_60.txt;1045;1013;37;28;55;39.9;60.1;22068;6.66;2506;631;52.9;186738;0;754;173;167;3.97;740;192;70;29.98;12.02;3.1;126;data;166;'-13;134;49;'-6;125;114;678;0;0;3.501;96.9;0.109;4.349;0;3;3300;3300
db_buhler_1_dsp;;1,5968E+18;14.23;1596.3;988; OK;0;1023;195620;33;2.8;2.9;2.7;2.7;21/07/2020 06:12;5.11;1.64;1.18;29;3.23;2.42;26.24;12.61;4.69;8.39;dsp_parametros_60.txt;1046;1013;40;32;55;39.4;58.5;22091;6.7;2545;631;53.1;186777;0;749;172;165;3.98;740;193;71;29.96;12.15;3.05;20;data;166;'-13;134;35;'-6;126;116;686;0;0;3.624;97.4;0.108;4.59;0;3;3300;3300
db_buhler_1_dsp;;1,5968E+18;14.43;1596.4;988; OK;0;1024;195316;34;2.7;2.9;2.7;2.6;18/07/2020 13:26;5.15;1.8;1.24;28;3.2;2.11;26.12;12.61;4.54;8.57;dsp_parametros_60.txt;1047;1013;38;29;55.2;39.8;58.1;22059;6.6;2241;631;53;186473;0;768;176;169;3.98;750;190;71;30.24;11.95;3.04;55;data;168;'-13;135;51;'-6;124;119;681;0;0;3.479;97.6;0.108;4.619;0;3;3300;3300
db_buhler_1_dsp;;1,5968E+18;14.53;1596.2;988; OK;0;1022;195525;32;2.8;2.8;2.6;2.5;20/07/2020 07:44;5.15;1.81;1.24;31;3.2;2.18;26.08;12.61;4.57;8.33;dsp_parametros_60.txt;1044;1012;38;29;53.6;39.9;59.3;22081;6.74;2450;630;53;186682;0;762;171;164;3.97;751;193;72;29.96;12.07;3.06;70;data;167;'-13;135;44;'-6;130;117;683;0;0;3.508;97;0.108;4.31;0;3;3300;3300
db_buhler_1_dsp;;1,5968E+18;14.22;1596.2;986; OK;0;1023;195473;34;2.8;2.9;2.7;2.7;20/07/2020 06:20;5.15;1.64;1.21;29;3.26;2.68;26.16;12.62;4.81;8.58;dsp_parametros_60.txt;1046;1012;33;25;53.1;38.9;59.2;22057;6.68;2398;630;52.9;186630;0;755;170;163;3.97;753;190;73;29.62;12.08;3.09;18;data;164;'-13;133;33;'-6;117;111;686;0;0;3.743;97.3;0.109;4.673;0;3;3300;3300
db_buhler_1_dsp;;1,5968E+18;13.57;1596.6;930;BAD;0;1016;195380;23;2.7;3;2.8;2.7;18/07/2020 15:21;5.14;1.47;1.25;37;3.19;2.13;25.28;12.62;4.93;8.33;dsp_parametros_60.txt;1038;1015;0;0;0.1;0;'-0.2;22063;13.34;2305;633;25.8;186537;0;301;178;169;1.93;251;189;21;29.86;18.69;3.04;119;data;146;'-13;121;58;'-6;112;119;675;0;0;3.889;103.1;0.201;5.415;0;3;3300;3300
db_buhler_1_dsp;;1,5968E+18;13.8;1596.3;991;LOK;0;1027;195460;33;2.7;2.9;2.6;2.8;20/07/2020 05:59;5.15;1.62;1.15;26;3.3;3.34;25.86;12.6;4.97;8.32;dsp_parametros_60.txt;1049;1016;27;19;53.2;39.2;59.1;21989;6.74;2385;634;52.4;186617;0;754;171;164;3.93;751;190;69;29.88;12.19;3.14;5;data;156;'-13;130;31;'-6;100;96;686;0;0;3.901;97.4;0.11;4.693;0;3;3300;3300
db_buhler_1_dsp;;1,5968E+18;14.46;1596.4;987; OK;0;1022;195338;34;2.7;2.9;2.7;2.7;18/07/2020 14:02;5.15;1.82;1.25;29;3.2;2.13;26.06;12.62;4.53;8.39;dsp_parametros_60.txt;1046;1012;39;30;54.5;40.2;58.9;22103;6.64;2263;630;53.1;186495;0;767;176;169;3.98;750;192;69;29.94;11.98;3.05;77;data;168;'-13;136;53;'-6;125;120;684;0;0;3.466;96.9;0.108;4.514;0;3;3300;3300
db_buhler_1_dsp;;1,5968E+18;14.24;1596.1;986; OK;0;1019;195200;33;1.4;1.7;1.5;1.4;18/07/2020 07:04;5.15;1.61;1.19;33;3.24;2.47;26.3;12.62;4.76;8.4;dsp_parametros_60.txt;1042;1009;35;27;52.9;39.2;58.7;22031;6.7;2125;627;52.9;186357;0;759;170;163;3.97;750;194;73;29.94;12.07;3.11;33;data;165;'-13;135;39;'-6;121;115;680;0;0;3.695;97.6;0.108;4.68;0;3;3300;3300
db_buhler_1_dsp;;1,5968E+18;14.22;1596.2;986; OK;0;1022;195476;32;2.9;2.9;2.7;2.7;20/07/2020 06:25;5.15;1.64;1.19;31;3.24;2.62;26.2;12.62;4.77;8.38;dsp_parametros_60.txt;1044;1012;34;26;53.2;39.7;57.6;22118;6.68;2401;630;52.9;186633;0;757;170;163;3.97;751;190;74;29.8;12.07;3.16;21;data;164;'-12;134;34;'-6;119;112;686;0;0;3.707;97.6;0.108;4.492;0;3;3300;3300
db_buhler_1_dsp;;1,5968E+18;14.2;1596.1;986; OK;0;1020;195198;33;1.4;1.8;1.5;1.4;18/07/2020 07:01;5.15;1.62;1.19;32;3.23;2.47;26.28;12.62;4.77;8.37;dsp_parametros_60.txt;1043;1010;35;27;53.6;38.3;58.6;22120;6.76;2123;628;52.9;186355;0;759;171;163;3.96;750;191;75;29.9;12.15;3.06;31;data;164;'-13;135;39;'-6;120;115;678;0;0;3.707;97.8;0.108;4.708;0;3;3300;3300
db_buhler_1_dsp;;1,5968E+18;15.7;1596.2;986; OK;0;1020;194989;36;2.9;3.1;2.8;2.9;16/07/2020 06:45;5.15;1.66;1.12;31;3.3;2.44;27.54;12.61;4.83;8.44;dsp_parametros_60.txt;1044;1008;29;20;55.6;40.7;64.3;22062;6.68;1914;626;53.1;186146;0;755;169;162;3.98;750;192;78;29.28;12.12;1.03;24;data;167;'-13;114;149;119;109;114;683;0;0;3.767;96.3;0.108;5.037;0;3;3300;3300
db_buhler_1_dsp;;1,5968E+18;14.38;1596.5;987; OK;0;1023;195437;34;2.8;3;2.8;2.7;18/07/2020 16:53;5.15;1.83;1.24;28;3.19;2.08;26.12;12.61;4.47;8.3;dsp_parametros_60.txt;1047;1013;38;29;53.2;40.2;59.1;22024;6.68;2362;631;53.1;186594;0;768;178;171;3.98;750;192;69;29.64;12.03;3.08;176;data;168;'-12;134;56;'-6;126;120;676;0;0;3.408;96.8;0.108;4.461;0;3;3300;3300
db_buhler_1_dsp;;1,5968E+18;14.38;1596.2;987; OK;0;1020;195253;33;1.4;1.7;1.4;1.2;18/07/2020 08:30;5.15;1.79;1.24;32;3.2;2.16;26.08;12.62;4.56;8.14;dsp_parametros_60.txt;1043;1010;36;28;54.2;40.4;58.6;20851;6.66;2178;628;53.1;186410;0;765;172;164;3.98;750;188;73;29.3;12.02;3.82;86;data;166;'-13;135;49;'-6;123;118;676;0;0;3.499;96.9;0.107;4.442;0;3;3300;3300
db_buhler_1_dsp;;1,5968E+18;14.1;1596.2;987; OK;0;1024;195474;33;2.8;2.9;2.7;2.7;20/07/2020 06:22;5.15;1.67;1.12;29;3.25;2.68;26.28;12.62;4.78;8.38;dsp_parametros_60.txt;1046;1013;34;26;55.2;38.7;58;21985;6.7;2399;631;53;186631;0;756;171;164;3.97;751;191;76;29.64;12.09;3.14;19;data;164;'-13;135;33;'-6;118;112;685;0;0;3.718;97.3;0.109;4.484;0;3;3300;3300
db_buhler_1_dsp;;1,5968E+18;16.72;1596.4;986; OK;0;1020;195167;34;2.8;2.9;2.7;2.6;16/07/2020 15:09;5.15;1.86;1.25;31;3.23;2;28.38;12.61;4.5;8.4;dsp_parametros_60.txt;1044;1010;38;29;56.4;40.2;64.2;22069;6.76;2092;628;53.3;186324;0;765;174;166;4;750;192;61;29.26;12.17;0.99;55;data;172;'-13;118;153;124;115;121;681;0;0;3.439;96.6;0.108;4.72;0;3;3300;3300
db_buhler_1_dsp;;1,5968E+18;14.4;1596.5;987; OK;0;1024;195434;33;2.8;3;2.8;2.7;18/07/2020 16:48;5.15;1.84;1.24;28;3.18;2.06;26.28;12.61;4.5;8.4;dsp_parametros_60.txt;1047;1014;39;30;54.8;40.2;59.7;22061;6.7;2359;632;53.1;186591;0;769;178;171;3.98;750;193;69;29.94;12.06;3.05;173;data;168;'-13;135;56;'-6;126;120;676;0;0;3.438;97.2;0.109;4.419;0;3;3300;3300
db_buhler_1_dsp;;1,5968E+18;14.28;1596.2;986; OK;0;1019;195543;32;2.8;2.8;2.7;2.5;20/07/2020 08:14;5.15;1.81;1.25;34;3.2;2.17;26.18;12.61;4.55;8.36;dsp_parametros_60.txt;1041;1009;37;29;54.1;40.8;59.9;22045;6.66;2468;627;53.1;186700;0;764;171;164;3.98;750;192;71;30;12.01;3.09;88;data;166;'-13;135;46;'-6;130;118;676;0;0;3.496;97.1;0.107;4.305;0;3;3300;3300
db_buhler_1_dsp;;1,5968E+18;14.13;1596.3;986; OK;0;1022;195609;33;2.7;2.8;2.7;2.6;21/07/2020 05:54;5.11;1.64;1.11;30;3.26;2.68;26.06;12.61;4.77;8.37;dsp_parametros_60.txt;1045;1012;39;31;55.2;40.1;59.6;22046;6.66;2534;630;52.9;186766;0;746;172;164;3.97;739;191;75;29.64;12.07;3.15;9;data;164;'-13;132;33;'-6;122;112;686;0;0;3.71;97.1;0.108;4.757;0;3;3300;3300
db_buhler_1_dsp;;1,5968E+18;14.03;1596.3;986; OK;0;1024;195465;34;2.7;2.8;2.6;2.7;20/07/2020 06:07;5.15;1.65;1.14;27;3.28;2.88;26.14;12.61;4.84;8.35;dsp_parametros_60.txt;1048;1014;30;22;54.2;39.3;59.9;22023;6.66;2390;632;53;186622;0;755;170;164;3.98;751;192;72;29.36;12.09;3.17;10;data;162;'-13;134;32;'-7;112;106;686;0;0;3.778;96.9;0.109;4.873;0;3;3300;3300
db_buhler_1_dsp;;1,5968E+18;14.02;1596.3;987; OK;0;1025;195466;33;2.7;2.8;2.6;2.7;20/07/2020 06:09;5.15;1.62;1.12;27;3.28;2.7;26.14;12.61;4.84;8.35;dsp_parametros_60.txt;1048;1015;30;22;53.8;39.8;58.5;22037;6.62;2391;633;53;186623;0;755;170;164;3.97;751;193;75;29.9;12.05;3.13;11;data;162;'-13;133;32;'-6;113;107;686;0;0;3.777;97.4;0.109;4.633;0;3;3300;3300
db_buhler_1_dsp;;1,5968E+18;16.54;1596.4;986; OK;0;1021;194951;34;2.8;2.9;2.7;2.6;14/07/2020 16:41;5.15;1.81;1.24;30;3.24;2.06;28.32;12.61;4.5;8.41;dsp_parametros_60.txt;1045;1011;38;29;55.8;40.4;62.6;22315;6.7;1876;629;53.3;186108;0;765;176;168;4;750;193;61;29.84;12.12;0.99;42;data;172;'-13;118;154;124;115;121;680;0;0;3.441;97.4;0.108;4.74;0;3;3300;3300
db_buhler_1_dsp;;1,5968E+18;14.49;1596.4;988; OK;0;1023;195299;33;2.8;3.1;2.9;2.9;18/07/2020 12:59;5.15;1.79;1.24;29;3.2;2.12;26.36;12.61;4.54;8.37;dsp_parametros_60.txt;1046;1013;39;30;54.6;39.6;58.8;22106;6.72;2224;631;53;186456;0;766;175;168;3.97;750;191;69;29.88;12.05;3.06;38;data;168;'-13;135;50;'-6;124;118;684;0;0;3.479;97.5;0.108;4.378;0;3;3300;3300
db_buhler_1_dsp;;1,5968E+18;14.58;1596.2;987; OK;0;1022;195528;33;2.8;2.8;2.6;2.5;20/07/2020 07:49;5.16;1.81;1.25;31;3.2;2.19;26.32;12.61;4.56;8.35;dsp_parametros_60.txt;1044;1011;38;29;52.8;39.8;59.3;22069;6.74;2453;629;53;186685;0;763;171;164;3.98;754;191;72;29.34;12.1;3.09;73;data;167;'-13;135;44;'-6;130;118;673;0;0;3.493;96.7;0.108;4.494;0;3;3300;3300
db_buhler_1_dsp;;1,5968E+18;14.36;1596.2;987; OK;0;1021;195252;32;1.4;1.7;1.4;1.2;18/07/2020 08:28;5.15;1.78;1.25;33;3.2;2.16;26.02;12.61;4.59;8.56;dsp_parametros_60.txt;1042;1010;37;28;53.9;39.1;58.5;21969;6.6;2177;628;53;186409;0;764;172;164;3.98;750;191;73;29.62;11.96;3.12;85;data;166;'-13;135;48;'-6;123;118;675;0;0;3.525;97;0.107;4.138;0;3;3300;3300
db_buhler_1_dsp;;1,5968E+18;14.86;1596.4;987; OK;0;1023;195302;34;2.8;3;2.8;2.8;18/07/2020 13:04;5.15;1.81;1.25;29;3.2;2.12;26.28;12.61;4.57;8.65;dsp_parametros_60.txt;1046;1012;38;29;53.5;39.5;57.8;22041;6.7;2227;630;52.9;186459;0;765;175;169;3.97;749;191;71;29.68;12.04;3.09;41;data;168;'-13;135;51;'-6;124;119;685;0;0;3.52;97.3;0.108;4.433;0;3;3300;3300
db_buhler_1_dsp;;1,5968E+18;14.33;1596.3;988; OK;0;1022;195552;32;2.9;2.9;2.6;2.5;20/07/2020 08:28;5.15;1.85;1.25;31;3.2;2.17;26.32;12.61;4.54;8.51;dsp_parametros_60.txt;1044;1012;39;30;55.4;40.3;60.1;22079;6.7;2477;630;53;186709;0;766;172;164;3.98;750;191;72;29.72;12.04;3.11;97;data;167;'-13;136;47;'-6;130;118;678;0;0;3.474;97.2;0.108;4.42;0;3;3300;3300
db_buhler_1_dsp;;1,5968E+18;14.27;1596.5;988; OK;0;1026;195438;34;3;3.2;3;2.9;18/07/2020 16:55;5.15;1.84;1.25;26;3.19;2.08;26.18;12.62;4.46;8.68;dsp_parametros_60.txt;1049;1015;38;30;54.1;40.6;58.8;22054;6.66;2363;633;53.1;186595;0;768;178;170;3.98;751;190;69;30.18;12;3.05;177;data;167;'-13;135;56;'-6;126;120;676;0;0;3.405;97.5;0.109;4.454;0;3;3300;3300
db_buhler_1_dsp;;1,5968E+18;16.64;1596.2;986; OK;0;1020;195035;33;2.8;2.9;2.7;2.6;16/07/2020 08:13;5.15;1.81;1.26;32;3.24;2.1;28.36;12.61;4.55;8.41;dsp_parametros_60.txt;1043;1010;37;29;58.1;41.2;63.8;22026;6.72;1960;628;53.1;186192;0;764;171;163;3.98;750;192;62;29.5;12.13;1;70;data;171;'-13;118;152;123;114;119;684;0;0;3.486;96.9;0.107;4.619;0;3;3300;3300
db_buhler_1_dsp;;1,5968E+18;14.23;1596.2;987; OK;0;1023;195483;33;2.8;2.9;2.7;2.6;20/07/2020 06:36;5.15;1.68;1.18;29;3.24;2.53;26.34;12.62;4.74;8.34;dsp_parametros_60.txt;1046;1013;36;28;55.7;39.9;58.6;22066;6.7;2408;631;53;186640;0;758;170;163;3.97;749;192;72;30.24;12.07;3.07;28;data;165;'-13;135;36;'-6;121;114;687;0;0;3.691;97.9;0.109;4.674;0;3;3300;3300
db_buhler_1_dsp;;1,5968E+18;14.5;1596.2;987; OK;0;1021;195546;33;2.8;2.8;2.7;2.5;20/07/2020 08:18;5.15;1.85;1.25;31;3.2;2.13;26.2;12.62;4.51;8.31;dsp_parametros_60.txt;1044;1011;37;28;54.5;40.7;60.2;22038;6.68;2471;629;53.1;186703;0;764;172;164;3.98;751;189;71;29.66;12.04;3.1;91;data;166;'-13;135;46;'-6;130;118;676;0;0;3.449;96.9;0.108;4.549;0;3;3300;3300
db_buhler_1_dsp;;1,5968E+18;14.47;1596.4;986; OK;0;1022;195300;32;2.8;3;2.9;2.8;18/07/2020 13:00;5.15;1.69;1.19;31;3.2;2.1;26.54;12.62;4.59;8.34;dsp_parametros_60.txt;1044;1012;39;30;53.3;39.9;59.3;22052;6.8;2225;630;53;186457;0;765;176;168;3.98;750;194;70;29.32;12.14;3.1;39;data;168;'-13;136;51;'-6;124;119;684;0;0;3.525;97.1;0.108;4.265;0;3;3300;3300
db_buhler_1_dsp;;1,5968E+18;14.3;1596.2;987; OK;0;1022;195493;32;2.8;2.9;2.7;2.6;20/07/2020 06:53;5.15;1.66;1.18;31;3.22;2.36;26.22;12.61;4.68;8.37;dsp_parametros_60.txt;1044;1012;39;30;53.5;40;59.4;22015;6.78;2418;630;53;186650;0;760;170;163;3.97;749;193;71;29.32;12.12;3.06;38;data;167;'-13;136;38;'-6;128;116;688;0;0;3.612;96.7;0.108;4.378;0;3;3300;3300
db_buhler_1_dsp;;1,5968E+18;14.35;1596.2;987; OK;0;1021;195517;31;2.8;2.8;2.6;2.5;20/07/2020 07:32;5.15;1.83;1.25;33;3.19;2.21;26.34;12.62;4.62;8.33;dsp_parametros_60.txt;1042;1011;36;28;53.9;39.2;59;22064;6.68;2442;629;53;186674;0;763;171;164;3.98;750;190;71;29.66;12.03;3.1;62;data;166;'-13;136;43;'-6;129;117;681;0;0;3.557;97.3;0.108;4.081;0;3;3300;3300
db_buhler_1_dsp;;1,5968E+18;14.1;1596.6;991;LOK;0;1024;195453;33;2.6;2.8;2.7;2.6;18/07/2020 17:55;5.15;1.78;1.25;29;3.19;2.1;25.6;12.61;4.56;8.39;dsp_parametros_60.txt;1046;1013;44;32;53;40.1;60.4;22024;6.66;2378;631;52.3;186610;0;768;177;170;3.92;750;191;67;29.64;12.02;3.06;192;data;179;'-13;140;66;'-6;128;125;673;0;0;3.495;96.4;0.109;4.345;0;3;3300;3300
db_buhler_1_dsp;;1,5968E+18;14.14;1596.2;987; OK;0;1022;195479;33;2.8;2.9;2.7;2.7;20/07/2020 06:30;5.15;1.68;1.19;30;3.25;2.59;26.28;12.61;4.75;8.35;dsp_parametros_60.txt;1045;1012;35;27;54;39.6;57.6;21980;6.72;2404;630;52.9;186636;0;757;170;163;3.97;751;194;73;29.6;12.1;3.07;24;data;164;'-13;135;35;'-6;120;114;686;0;0;3.693;97.1;0.109;4.563;0;3;3300;3300
db_buhler_1_dsp;;1,5968E+18;16.49;1596.2;987; OK;0;1022;195046;33;2.8;2.9;2.7;2.6;16/07/2020 08:31;5.14;1.82;1.26;30;3.25;2.1;28.22;12.62;4.61;8.39;dsp_parametros_60.txt;1045;1012;39;30;56.3;41.6;62.8;22041;6.76;1971;630;53.1;186203;0;765;171;164;3.98;750;192;63;29.66;12.17;1;81;data;172;'-13;118;153;123;115;120;688;0;0;3.556;97.1;0.108;4.799;0;3;3300;3300
db_buhler_1_dsp;;1,5968E+18;14.04;1596.3;930;BAD;0;1026;195456;18;3.2;3.4;3.2;3.4;20/07/2020 05:49;5.14;1.81;1.25;31;3.34;2.13;25.74;12.61;5.35;7.81;dsp_parametros_60.txt;1044;1026;8;10;0.1;0;'-0.1;21925;23.84;2381;644;25.8;186613;0;298;173;166;1.93;251;191;24;29.58;29.38;3.23;1;data;27;'-13;24;26;23;26;26;688;0;0;4.294;0;0.201;5.307;0;3;3300;3300
db_buhler_1_dsp;;1,5968E+18;14.46;1596.2;987; OK;0;1021;195521;33;2.8;2.8;2.6;2.5;20/07/2020 07:38;5.15;1.82;1.25;31;3.21;2.22;26.18;12.62;4.55;8.3;dsp_parametros_60.txt;1044;1011;38;30;52.9;39.7;58.6;22050;6.7;2446;629;53.1;186678;0;763;171;164;3.98;750;191;72;30.2;12.06;3.06;66;data;166;'-12;136;43;'-6;129;117;683;0;0;3.486;97.3;0.108;4.441;0;3;3300;3300
db_buhler_1_dsp;;1,5968E+18;14.27;1596.2;987; OK;0;1022;195487;34;2.8;2.8;2.6;2.6;20/07/2020 06:43;5.15;1.66;1.2;29;3.23;2.47;26.26;12.61;4.7;8.33;dsp_parametros_60.txt;1046;1012;37;29;55;37.9;59.4;22010;6.76;2412;630;53;186644;0;759;170;163;3.97;751;191;74;29.94;12.12;3.15;32;data;165;'-13;135;36;'-6;125;115;686;0;0;3.638;97.6;0.108;4.743;0;3;3300;3300
db_buhler_1_dsp;;1,5968E+18;14.35;1596.4;988; OK;0;1024;195325;33;2.7;2.9;2.8;2.7;18/07/2020 13:41;5.15;1.81;1.24;29;3.2;2.11;26.04;12.61;4.54;8.33;dsp_parametros_60.txt;1046;1013;38;30;54.3;38.8;59.4;22035;6.7;2250;631;53;186482;0;766;176;169;3.97;751;191;70;30.24;12.05;3.08;64;data;168;'-13;135;52;'-6;125;119;681;0;0;3.476;97.5;0.108;4.199;0;3;3300;3300
db_buhler_1_dsp;;1,5968E+18;14.47;1596.2;987; OK;0;1020;195260;34;1.4;1.6;1.4;1.2;18/07/2020 08:41;5.15;1.81;1.25;31;3.21;2.13;26.02;12.61;4.59;8.46;dsp_parametros_60.txt;1044;1010;37;28;52.1;40.2;59.5;22007;6.68;2185;628;53.1;186417;0;764;172;165;3.98;752;192;73;29.6;12.02;3.08;93;data;166;'-13;135;49;'-6;123;118;678;0;0;3.527;96.7;0.107;4.672;0;3;3300;3300
db_buhler_1_dsp;;1,5968E+18;14.34;1596.4;988; OK;0;1024;195319;34;2.8;3;2.8;2.7;18/07/2020 13:31;5.15;1.81;1.24;27;3.2;2.13;26.08;12.61;4.57;8.45;dsp_parametros_60.txt;1048;1014;39;30;54.7;40.3;59.2;22058;6.68;2244;632;53;186476;0;766;176;169;3.98;751;193;69;29.84;12.04;3.07;58;data;168;'-13;135;52;'-6;125;119;681;0;0;3.503;97.1;0.108;4.642;0;3;3300;3300
db_buhler_1_dsp;;1,5968E+18;14.3;1596.2;987; OK;0;1021;195519;32;2.9;2.9;2.7;2.5;20/07/2020 07:35;5.15;1.83;1.25;32;3.2;2.22;26.16;12.62;4.62;8.58;dsp_parametros_60.txt;1043;1011;38;29;52.9;39.7;59.1;22050;6.68;2444;629;53.1;186676;0;762;171;164;3.98;750;190;74;29.88;12.03;3.09;64;data;166;'-13;135;43;'-6;129;117;682;0;0;3.554;97.3;0.108;4.397;0;3;3300;3300
db_buhler_1_dsp;;1,5968E+18;14.37;1596.4;986; OK;0;1022;195326;33;2.8;3;2.8;2.7;18/07/2020 13:43;5.15;1.77;1.24;30;3.2;2.11;26.08;12.62;4.55;8.61;dsp_parametros_60.txt;1045;1012;39;30;54.2;40;58.7;22001;6.68;2251;630;53;186483;0;766;176;169;3.97;750;197;70;29.92;12.04;3.03;65;data;168;'-13;135;52;'-6;125;119;683;0;0;3.487;97.2;0.108;4.598;0;3;3300;3300
db_buhler_1_dsp;;1,5968E+18;14.53;1596.2;988; OK;0;1021;195522;32;2.8;2.8;2.6;2.5;20/07/2020 07:40;5.15;1.86;1.24;31;3.2;2.2;26.28;12.61;4.55;8.33;dsp_parametros_60.txt;1044;1012;39;31;54;39.8;59.9;22033;6.7;2447;630;53.1;186679;0;764;171;164;3.98;750;195;71;29.9;12.06;3.12;67;data;167;'-13;136;43;'-6;129;117;684;0;0;3.488;97.2;0.108;4.318;0;3;3300;3300
db_buhler_1_dsp;;1,5968E+18;14.52;1596.2;988; OK;0;1023;195516;33;2.9;2.9;2.7;2.6;20/07/2020 07:30;5.13;1.81;1.25;29;3.21;2.22;26.08;12.62;4.6;8.59;dsp_parametros_60.txt;1046;1013;37;29;52.9;39.4;58.9;22027;6.66;2441;631;53.1;186673;0;764;171;163;3.98;750;194;70;29.62;12.01;3.08;61;data;166;'-13;136;42;'-6;129;117;681;0;0;3.54;97.2;0.108;4.639;0;3;3300;3300
db_buhler_1_dsp;;1,5968E+18;14.35;1596.4;987; OK;0;1022;195327;34;2.8;2.9;2.8;2.7;18/07/2020 13:44;5.15;1.83;1.25;29;3.19;2.1;26.14;12.61;4.53;8.54;dsp_parametros_60.txt;1046;1012;39;30;54.4;39.3;59.3;22023;6.72;2252;630;53;186484;0;767;176;169;3.98;751;192;70;29.92;12.08;3.04;66;data;167;'-13;135;52;'-6;125;119;681;0;0;3.469;97.5;0.108;4.547;0;3;3300;3300
db_buhler_1_dsp;;1,5968E+18;14.32;1596.5;988; OK;0;1025;195392;33;2.9;3.1;2.9;2.8;18/07/2020 15:40;5.15;1.8;1.24;28;3.19;2.09;26.02;12.61;4.51;8.36;dsp_parametros_60.txt;1047;1014;40;31;53.3;41;60.4;22012;6.68;2317;632;53.1;186549;0;769;178;170;3.98;751;192;68;29.66;12.02;3.05;131;data;167;'-13;135;55;'-6;125;119;675;0;0;3.457;96.6;0.109;4.35;0;3;3300;3300
db_buhler_1_dsp;;1,5968E+18;15.75;1596.5;986; OK;0;1020;195124;34;2.7;2.9;2.6;2.7;16/07/2020 13:59;5.15;1.78;1.25;31;3.26;2.25;27.62;12.61;4.78;8.43;dsp_parametros_60.txt;1044;1010;37;29;56.9;41.4;62.9;22060;6.64;2049;628;53.1;186281;0;761;172;165;3.98;750;192;73;29.88;12.05;1.01;12;data;169;'-13;116;151;121;109;115;686;0;0;3.713;96.8;0.108;4.799;0;3;3300;3300
db_buhler_1_dsp;;1,5968E+18;16.37;1596.2;986; OK;0;1021;195036;33;2.9;2.9;2.8;2.7;16/07/2020 08:14;5.15;1.8;1.25;31;3.24;2.1;28.32;12.61;4.57;8.37;dsp_parametros_60.txt;1044;1011;37;29;56.2;41.6;63.2;22039;6.68;1961;629;53.1;186193;0;763;171;164;3.98;750;194;63;29.62;12.11;1;71;data;171;'-13;117;152;123;114;119;684;0;0;3.503;96.9;0.108;4.6;0;3;3300;3300
db_buhler_1_dsp;;1,5968E+18;14.45;1596.2;986; OK;0;1020;195261;33;1.4;1.6;1.4;1.2;18/07/2020 08:43;5.15;1.8;1.25;32;3.19;2.16;26.16;12.61;4.59;8.57;dsp_parametros_60.txt;1043;1010;36;27;55.4;39.7;58.6;22055;6.66;2186;628;53;186418;0;764;172;165;3.98;748;190;73;29.56;12.01;3.06;94;data;167;'-13;136;49;'-6;123;118;678;0;0;3.529;97.1;0.107;4.523;0;3;3300;3300
db_buhler_1_dsp;;1,5968E+18;14.44;1596.5;987; OK;0;1024;195447;33;2.7;2.9;2.7;2.6;18/07/2020 17:09;5.15;1.81;1.24;29;3.18;2.08;26.08;12.62;4.51;8.39;dsp_parametros_60.txt;1046;1013;38;28;53.8;40.3;59.4;22046;6.78;2372;631;53;186604;0;769;178;170;3.97;750;191;69;29.64;12.14;3.08;186;data;168;'-13;135;57;'-6;126;120;672;0;0;3.448;97;0.108;4.232;0;3;3300;3300
db_buhler_1_dsp;;1,5968E+18;15.91;1596.4;987; OK;0;1021;195123;35;2.7;2.9;2.6;2.7;16/07/2020 13:58;5.15;1.78;1.25;31;3.26;2.28;27.92;12.61;4.83;8.46;dsp_parametros_60.txt;1044;1009;37;29;56.5;41.7;62.5;22030;6.66;2048;627;53.1;186280;0;760;172;165;3.98;750;190;79;29.72;12.07;1.01;11;data;169;'-13;116;150;121;109;114;686;0;0;3.761;96.9;0.107;4.671;0;3;3300;3300
db_buhler_1_dsp;;1,5968E+18;14.56;1596.3;988; OK;0;1022;195557;32;2.9;3;2.7;2.6;20/07/2020 08:36;5.15;1.82;1.24;31;3.19;2.17;26.26;12.62;4.55;8.57;dsp_parametros_60.txt;1044;1012;38;29;54.8;39.6;60;22095;6.66;2482;630;53.1;186714;0;766;172;165;3.98;750;194;71;30.18;12.02;3.07;102;data;167;'-13;135;47;'-6;131;118;680;0;0;3.485;97.7;0.108;4.459;0;3;3300;3300
db_buhler_1_dsp;;1,5968E+18;14.53;1596.2;987; OK;0;1021;195538;33;2.8;2.9;2.7;2.5;20/07/2020 08:05;5.16;1.82;1.24;31;3.2;2.16;26.28;12.62;4.57;8.36;dsp_parametros_60.txt;1044;1011;38;29;55.1;39.5;58.2;22090;6.66;2463;629;53.1;186695;0;765;172;164;3.98;751;191;71;30.24;12.02;3.06;83;data;166;'-13;135;45;'-6;130;118;675;0;0;3.51;97.5;0.108;4.451;0;3;3300;3300
db_buhler_1_dsp;;1,5968E+18;14.49;1596.3;987; OK;0;1021;195548;33;2.9;2.9;2.6;2.5;20/07/2020 08:22;5.15;1.84;1.24;31;3.2;2.18;26.26;12.62;4.54;8.32;dsp_parametros_60.txt;1044;1011;38;29;54.8;39.3;59.7;22102;6.66;2473;629;53.1;186705;0;764;172;164;3.98;750;188;71;29.92;12.02;3.04;93;data;166;'-13;135;46;'-6;130;118;676;0;0;3.479;97.2;0.108;4.515;0;3;3300;3300
db_buhler_1_dsp;;1,5968E+18;14.49;1596.2;987; OK;0;1021;195513;33;2.8;2.8;2.6;2.5;20/07/2020 07:25;5.16;1.82;1.24;31;3.2;2.2;26.2;12.61;4.59;8.33;dsp_parametros_60.txt;1044;1011;37;29;53.1;38.8;59.9;22090;6.72;2438;629;53;186670;0;763;171;163;3.98;750;191;72;29.68;12.05;3.1;58;data;166;'-13;135;42;'-6;129;117;681;0;0;3.523;96.9;0.108;4.695;0;3;3300;3300
db_buhler_1_dsp;;1,5968E+18;14.48;1596.3;986; OK;0;1020;195547;32;2.9;2.9;2.7;2.5;20/07/2020 08:20;5.16;1.85;1.25;33;3.2;2.13;26.26;12.62;4.5;8.41;dsp_parametros_60.txt;1042;1010;37;29;53.9;40.5;59.8;22078;6.66;2472;628;53.2;186704;0;765;172;164;3.99;750;194;69;30;12.01;3.06;92;data;166;'-13;135;46;'-6;130;118;676;0;0;3.436;97.2;0.107;4.365;0;3;3300;3300
db_buhler_1_dsp;;1,5968E+18;14.41;1596.4;987; OK;0;1022;195343;34;2.7;2.9;2.7;2.7;18/07/2020 14:10;5.15;1.81;1.24;29;3.2;2.08;26.22;12.62;4.53;8.32;dsp_parametros_60.txt;1046;1012;39;30;54.6;40.8;58.9;22008;6.72;2268;630;53;186500;0;767;177;169;3.98;750;192;72;29.82;12.08;3.06;82;data;168;'-13;135;53;'-6;125;120;678;0;0;3.464;97;0.108;4.573;0;3;3300;3300
db_buhler_1_dsp;;1,5968E+18;14.42;1596.2;987; OK;0;1020;195248;33;1.5;1.8;1.5;1.3;18/07/2020 08:22;5.15;1.66;1.24;32;3.18;2.13;26.48;12.61;4.56;8.68;dsp_parametros_60.txt;1043;1010;38;29;55.1;38.6;57.8;22070;6.68;2173;628;53;186405;0;765;172;164;3.98;750;189;73;29.86;12.03;3.03;81;data;165;'-13;135;48;'-6;123;118;675;0;0;3.499;97.6;0.107;4.374;0;3;3300;3300
db_buhler_1_dsp;;1,5968E+18;14.1;1596.3;987; OK;0;1023;195616;33;2.8;2.9;2.7;2.6;21/07/2020 06:05;5.11;1.63;1.19;29;3.23;2.55;26.24;12.62;4.73;8.62;dsp_parametros_60.txt;1046;1013;39;31;56.3;39.1;58.6;22028;6.68;2541;631;53;186773;0;748;172;164;3.97;740;192;73;30.24;12.06;3.08;16;data;165;'-13;132;35;'-6;125;115;685;0;0;3.668;98;0.108;4.662;0;3;3300;3300
db_buhler_1_dsp;;1,5968E+18;13.48;1596.4;930;BAD;0;1020;195598;21;2.8;2.9;2.8;2.9;21/07/2020 05:36;5.11;1.51;1.13;35;3.21;3.4;25.4;12.61;5.34;8.31;dsp_parametros_60.txt;1040;1019;0;0;0.1;0;'-0.1;21924;13.16;2523;637;25.8;186755;0;293;171;162;1.93;249;192;26;29.94;18.63;3.19;3;data;133;'-13;107;29;'-6;84;86;686;0;0;4.283;104;0.202;5.328;0;3;3300;3300
db_buhler_1_dsp;;1,5968E+18;14.41;1596.2;987; OK;0;1021;195239;33;1.4;1.7;1.4;1.3;18/07/2020 08:07;5.15;1.78;1.25;32;3.2;2.17;26.06;12.61;4.6;8.56;dsp_parametros_60.txt;1043;1010;38;30;52.6;39.9;58.2;22068;6.84;2164;628;53.1;186396;0;765;172;164;3.98;750;191;72;29.54;12.2;3.11;72;data;165;'-13;136;47;'-6;123;117;675;0;0;3.537;97.3;0.107;4.424;0;3;3300;3300
db_buhler_1_dsp;;1,5968E+18;14.14;1596.2;986; OK;0;1021;195185;32;1.3;1.7;1.4;1.4;18/07/2020 06:40;5.15;1.61;1.13;32;3.27;2.78;26.26;12.62;4.81;8.3;dsp_parametros_60.txt;1043;1011;32;24;52.9;38.5;59;21963;6.74;2110;629;52.9;186342;0;756;171;163;3.97;746;192;75;29.88;12.17;3.16;18;data;158;'-13;135;36;'-6;117;111;683;0;0;3.756;97.7;0.108;4.506;0;3;3300;3300
db_buhler_1_dsp;;1,5968E+18;14.39;1596.4;987; OK;0;1022;195284;33;2.8;3;2.9;2.9;18/07/2020 12:35;5.15;1.79;1.24;29;3.21;2.21;25.88;12.62;4.6;8.4;dsp_parametros_60.txt;1046;1013;37;29;55.1;39.4;58.9;22019;6.64;2209;631;53;186441;0;764;175;168;3.97;750;195;71;29.9;11.98;3.12;23;data;168;'-13;135;50;'-6;123;117;683;0;0;3.535;96.8;0.108;4.557;0;3;3300;3300
db_buhler_1_dsp;;1,5968E+18;14.43;1596.5;988; OK;0;1025;195411;33;2.8;2.9;2.8;2.7;18/07/2020 16:11;5.15;1.82;1.24;27;3.19;2.11;26.28;12.62;4.49;8.43;dsp_parametros_60.txt;1048;1015;39;30;54.7;39.6;59.6;22070;6.66;2336;633;53.1;186568;0;767;178;170;3.98;750;192;69;29.96;12.01;3.07;150;data;167;'-13;135;56;'-6;125;120;672;0;0;3.43;97.2;0.109;4.404;0;3;3300;3300
db_buhler_1_dsp;;1,5968E+18;13.69;1596.3;930;BAD;0;1016;195019;23;2.5;2.7;2.5;2.5;16/07/2020 07:47;5.15;1.83;1.25;37;3.24;2.18;28.18;12.62;5.08;9.62;dsp_parametros_60.txt;1038;1015;36;26;0.1;0;'-0.1;22117;38.24;1944;633;25.8;186176;0;295;175;166;1.93;250;192;26;29.62;43.91;1.03;54;data;78;'-13;77;71;87;75;77;690;0;0;4.023;913.1;0.201;5.237;0;3;3300;3300
db_buhler_1_dsp;;1,5968E+18;14.54;1596.2;987; OK;0;1022;195509;32;2.8;2.8;2.6;2.5;20/07/2020 07:19;5.15;1.83;1.24;31;3.21;2.24;26.36;12.61;4.59;8.62;dsp_parametros_60.txt;1044;1012;39;30;51.8;39.6;59.5;21996;6.68;2434;630;53;186666;0;762;171;163;3.97;749;194;72;29.96;12.03;3.09;54;data;166;'-13;135;41;'-7;129;117;680;0;0;3.523;97.6;0.108;4.335;0;3;3300;3300
db_buhler_1_dsp;;1,5968E+18;14.42;1596.2;987; OK;0;1020;195221;33;1.4;1.7;1.5;1.3;18/07/2020 07:38;5.14;1.77;1.25;32;3.22;2.25;26;12.61;4.64;8.61;dsp_parametros_60.txt;1043;1010;37;29;55;39.8;58.1;22085;6.8;2146;628;53;186378;0;763;171;164;3.97;749;189;71;29.92;12.16;3.12;54;data;166;'-13;135;44;'-6;123;117;680;0;0;3.571;97.5;0.107;4.643;0;3;3300;3300
db_buhler_1_dsp;;1,5968E+18;14.53;1596.4;987; OK;0;1023;195349;34;2.8;3;2.8;2.7;18/07/2020 14:20;5.15;1.8;1.25;29;3.2;2.09;26.16;12.62;4.55;8.58;dsp_parametros_60.txt;1046;1012;39;30;53.6;39.9;58.4;22075;6.68;2274;630;53;186506;0;766;177;169;3.98;750;191;71;29.6;12.03;3.05;88;data;168;'-13;136;54;'-6;126;120;678;0;0;3.496;97.2;0.108;4.423;0;3;3300;3300
db_buhler_1_dsp;;1,5968E+18;16.5;1596.4;986; OK;0;1020;195150;33;2.8;2.9;2.7;2.6;16/07/2020 14:41;5.15;1.82;1.26;32;3.23;2.06;28.22;12.62;4.5;8.47;dsp_parametros_60.txt;1043;1010;39;30;57.4;40.4;64.2;22059;6.72;2075;628;53.4;186307;0;765;173;166;4;750;191;62;29.68;12.14;1;38;data;172;'-13;117;153;123;114;120;681;0;0;3.435;97;0.108;4.504;0;3;3300;3300
db_buhler_1_dsp;;1,5968E+18;14.2;1596.2;987; OK;0;1022;195481;34;2.8;2.9;2.7;2.6;20/07/2020 06:33;5.15;1.68;1.12;29;3.23;2.52;26.26;12.62;4.74;8.34;dsp_parametros_60.txt;1046;1012;36;27;52.9;40.6;58.3;22011;6.7;2406;630;53;186638;0;757;170;163;3.98;751;191;74;30.24;12.08;3.08;26;data;165;'-13;134;35;'-6;120;114;688;0;0;3.671;97.7;0.109;4.681;0;3;3300;3300
db_buhler_1_dsp;;1,5968E+18;14.48;1596.4;988; OK;0;1024;195335;34;2.7;2.9;2.7;2.7;18/07/2020 13:57;5.15;1.8;1.24;28;3.19;2.11;26.14;12.62;4.47;8.32;dsp_parametros_60.txt;1047;1013;39;30;54.2;39.7;60.2;22076;6.76;2260;631;53.1;186492;0;768;176;169;3.98;751;191;68;29.54;12.12;3.04;74;data;168;'-13;135;53;'-6;125;120;683;0;0;3.402;96.8;0.108;4.438;0;3;3300;3300
db_buhler_1_dsp;;1,5968E+18;14.44;1596.5;987; OK;0;1023;195435;34;2.7;2.9;2.8;2.6;18/07/2020 16:50;5.15;1.81;1.24;29;3.19;2.08;26.08;12.61;4.51;8.31;dsp_parametros_60.txt;1046;1012;38;29;53.2;40.5;60.5;22058;6.6;2360;630;53;186592;0;770;178;171;3.97;750;193;71;30;11.93;3.03;174;data;168;'-13;135;56;'-6;126;120;676;0;0;3.442;96.8;0.109;4.351;0;3;3300;3300
db_buhler_1_dsp;;1,5968E+18;14.17;1596.2;986; OK;0;1021;195186;33;1.3;1.7;1.4;1.3;18/07/2020 06:41;5.14;1.61;1.11;32;3.27;2.76;26.26;12.62;4.81;8.62;dsp_parametros_60.txt;1043;1010;33;24;54.3;39.2;59.5;22002;6.68;2111;628;52.9;186343;0;755;171;163;3.97;750;190;74;29.94;12.08;3.12;19;data;159;'-13;135;37;'-6;118;111;683;0;0;3.748;97.8;0.108;4.561;0;3;3300;3300
db_buhler_1_dsp;;1,5968E+18;14.23;1596.5;987; OK;0;1024;195394;31;2.7;2.9;2.7;2.6;18/07/2020 15:43;5.15;1.79;1.23;30;3.18;2.09;25.94;12.62;4.54;8.35;dsp_parametros_60.txt;1045;1014;39;30;54.6;40.3;59.8;22080;6.64;2319;632;53;186551;0;767;178;170;3.98;750;192;68;29.86;11.99;3.11;133;data;168;'-13;135;56;'-6;125;119;675;0;0;3.472;96.7;0.109;4.025;0;3;3300;3300
db_buhler_1_dsp;;1,5968E+18;14.33;1596.1;987; OK;0;1021;195219;33;1.4;1.6;1.4;1.3;18/07/2020 07:35;5.15;1.72;1.24;32;3.21;2.25;26.04;12.62;4.65;8.32;dsp_parametros_60.txt;1043;1010;37;29;53.8;40.2;59.9;22053;6.8;2144;628;53;186376;0;762;171;164;3.97;750;190;72;29.58;12.14;3.11;52;data;166;'-13;136;43;'-6;122;117;680;0;0;3.583;97;0.108;4.486;0;3;3300;3300
db_buhler_1_dsp;;1,5968E+18;16.42;1596.4;986; OK;0;1022;194942;33;2.7;2.9;2.7;2.6;14/07/2020 16:27;5.15;1.84;1.24;30;3.23;2.06;28.4;12.62;4.49;8.48;dsp_parametros_60.txt;1045;1012;39;30;57.2;40.4;62.2;22035;6.74;1867;630;53.3;186099;0;765;176;168;4;750;193;62;29.56;12.15;0.99;33;data;172;'-13;118;153;124;115;120;686;0;0;3.425;97;0.108;4.474;0;3;3300;3300
db_buhler_1_dsp;;1,5968E+18;0;1596.3;0;BAD;0;1022;194966;34;3.1;2.8;3.1;2.8;16/07/2020 04:45;0;0;0;29;0;0;0;0;0;42.87;dsp_parametros_60.txt;1046;1012;40;31;57.8;39.4;63.3;22002;0;1891;630;0;186123;0;767;177;177;4;750;189;61;0;5.66;1.12;1;data;173;'-13;118;155;125;116;122;688;0;0;0;96.7;0.108;0;0;3;3300;3300
db_buhler_1_dsp;;1,5968E+18;14.26;1596.4;987; OK;0;1022;195361;32;2.7;2.9;2.7;2.6;18/07/2020 14:39;5.15;1.81;1.24;31;3.18;2.1;26.18;12.61;4.52;8.36;dsp_parametros_60.txt;1044;1012;39;31;52.3;38.6;57.8;22042;6.64;2286;630;53;186518;0;766;177;170;3.98;750;191;71;29.68;12;3.08;100;data;168;'-13;136;54;'-6;126;120;678;0;0;3.455;96.9;0.108;4.046;0;3;3300;3300
db_buhler_1_dsp;;1,5968E+18;14.35;1596.4;987; OK;0;1022;195344;33;2.8;2.9;2.8;2.7;18/07/2020 14:12;5.15;1.83;1.24;30;3.18;2.08;26.22;12.61;4.47;8.37;dsp_parametros_60.txt;1045;1012;38;29;54.8;39.8;59.3;22086;6.7;2269;630;53;186501;0;766;177;169;3.98;747;192;69;29.9;12.05;3.08;83;data;168;'-13;136;53;'-6;126;120;678;0;0;3.402;97;0.108;4.329;0;3;3300;3300
db_buhler_1_dsp;;1,5968E+18;14.4;1596.3;987; OK;0;1020;195565;33;2.8;2.8;2.6;2.4;20/07/2020 08:49;5.15;1.81;1.24;31;3.2;2.18;26.1;12.6;4.5;8.34;dsp_parametros_60.txt;1044;1011;38;30;53.8;39.8;59.6;22064;6.68;2490;629;53.1;186722;0;764;172;165;3.98;751;194;72;29.92;12.02;3.08;110;data;167;'-13;135;48;'-6;130;118;675;0;0;3.441;96.9;0.108;4.592;0;3;3300;3300
db_buhler_1_dsp;;1,5968E+18;16.26;1596.4;987; OK;0;1022;195134;34;2.7;2.9;2.7;2.7;16/07/2020 14:16;5.15;1.8;1.25;30;3.25;2.15;28.14;12.61;4.6;8.46;dsp_parametros_60.txt;1045;1011;39;31;58.2;40.9;63.6;22043;6.66;2059;629;53.2;186291;0;766;172;166;3.99;751;192;68;30.18;12.06;1;22;data;171;'-13;117;152;122;113;118;686;0;0;3.533;97.5;0.108;4.643;0;3;3300;3300
db_buhler_1_dsp;;1,5968E+18;13.44;1596.3;930;BAD;0;1019;195169;22;1.7;2.1;1.9;2.1;18/07/2020 06:14;5.15;1.53;1.16;35;3.34;3.65;26.06;12.61;5.35;7.59;dsp_parametros_60.txt;1040;1018;0;0;0;0;'-0.1;22076;7.18;2094;636;25.8;186326;0;290;173;168;1.93;250;191;26;29.66;12.76;3.2;2;data;79;'-13;65;27;'-6;50;56;685;0;0;4.297;238.4;0.203;5.439;0;3;3300;3300
db_buhler_1_dsp;;1,5968E+18;14.29;1596.4;988; OK;0;1024;195587;33;2.8;3.1;2.8;2.9;20/07/2020 11:28;5.11;1.8;1.24;29;3.2;2.2;26.02;12.61;4.59;8.38;dsp_parametros_60.txt;1046;1013;38;29;55.1;40;59.5;22065;6.66;2512;631;52.9;186744;0;756;174;167;3.97;739;191;72;29.6;12;3.04;132;data;166;'-13;134;48;'-6;127;116;680;0;0;3.54;96.6;0.109;4.456;0;3;3300;3300
db_buhler_1_dsp;;1,5968E+18;15.96;1596.4;987; OK;0;1022;195126;34;2.7;2.9;2.7;2.7;16/07/2020 14:03;5.15;1.78;1.25;29;3.25;2.21;27.44;12.61;4.73;8.42;dsp_parametros_60.txt;1046;1012;37;29;55.8;40.1;62.5;22063;6.72;2051;630;53;186283;0;762;172;165;3.97;750;190;70;30.18;12.12;1.01;14;data;170;'-13;116;151;121;110;116;685;0;0;3.662;97;0.108;4.795;0;3;3300;3300
db_buhler_1_dsp;;1,5968E+18;16.15;1596.4;987; OK;0;1022;195137;34;2.8;3;2.7;2.7;16/07/2020 14:20;5.15;1.84;1.24;30;3.24;2.1;28.18;12.61;4.56;8.45;dsp_parametros_60.txt;1045;1011;38;29;56.7;41.6;62.8;22061;6.72;2062;629;53.1;186294;0;763;172;166;3.98;750;191;69;29.68;12.14;1;25;data;171;'-13;117;153;123;113;119;686;0;0;3.507;96.9;0.108;4.637;0;3;3300;3300
db_buhler_1_dsp;;1,5968E+18;14.59;1596.2;987; OK;0;1022;195508;33;2.9;2.9;2.8;2.6;20/07/2020 07:17;5.15;1.77;1.24;30;3.21;2.24;26.08;12.61;4.61;8.34;dsp_parametros_60.txt;1045;1012;38;29;53.8;39.7;59.2;22032;6.7;2433;630;53;186665;0;762;171;163;3.98;750;193;72;29.7;12.04;3.1;53;data;166;'-13;135;41;'-6;128;116;680;0;0;3.546;96.8;0.108;4.675;0;3;3300;3300
db_buhler_1_dsp;;1,5968E+18;14.35;1596.5;986; OK;0;1023;195583;33;2.7;3.1;2.8;2.9;20/07/2020 11:21;5.11;1.79;1.24;29;3.2;2.24;26.06;12.62;4.57;8.39;dsp_parametros_60.txt;1046;1013;37;28;52.4;39.3;58.5;22030;6.7;2508;631;53.1;186740;0;755;174;167;3.98;742;192;70;30.22;12.04;3.09;128;data;165;'-13;134;49;'-6;125;114;680;0;0;3.505;97.3;0.109;4.508;0;3;3300;3300
db_buhler_1_dsp;;1,5968E+18;14.71;1596.1;987; OK;0;1022;195670;33;2.7;2.9;2.7;2.7;21/07/2020 09:54;5.11;1.64;1.08;31;3.27;2.58;26.7;12.61;4.61;8.37;dsp_parametros_60.txt;1044;1011;38;30;60.8;40.3;65.1;22109;6.66;2595;629;53.1;186827;0;753;173;166;3.98;741;192;69;30.18;12.01;3.09;70;data;162;'-13;140;48;117;112;111;678;0;0;3.542;97.9;0.108;4.284;0;3;3300;3300
db_buhler_1_dsp;;1,5968E+18;13.49;1596.5;930;BAD;0;1018;195450;22;2.7;2.9;2.7;2.6;18/07/2020 17:50;5.15;1.59;1.25;35;3.19;2.18;25;12.62;4.98;8.31;dsp_parametros_60.txt;1040;1018;0;0;0.1;0.1;'-0.1;22049;12.5;2375;636;25.8;186607;0;298;178;168;1.93;251;190;22;30.18;17.86;3.11;189;data;134;'-12;132;70;'-6;105;112;673;0;0;3.922;102.6;0.201;5.075;0;3;3300;3300
db_buhler_1_dsp;;1,5968E+18;14.25;1596.3;987; OK;0;1022;195625;32;2.8;2.8;2.7;2.6;21/07/2020 06:20;5.11;1.57;1.25;31;3.22;2.35;25.72;12.62;4.64;8.37;dsp_parametros_60.txt;1044;1012;41;33;54.8;39.3;58.9;22073;6.68;2550;630;53.1;186782;0;751;172;165;3.98;739;191;73;29.92;12.05;3.13;25;data;167;'-13;134;36;'-6;128;117;686;0;0;3.588;96.9;0.108;4.395;0;3;3300;3300
db_buhler_1_dsp;;1,5968E+18;14.36;1596.4;987; OK;0;1023;195289;33;2.8;3;2.9;2.8;18/07/2020 12:43;5.15;1.79;1.24;29;3.2;2.18;26.06;12.61;4.53;8.4;dsp_parametros_60.txt;1046;1013;38;30;54;39;59.7;22083;6.68;2214;631;53;186446;0;765;175;168;3.97;749;191;70;29.64;12.02;3.06;28;data;167;'-13;135;51;'-6;123;118;683;0;0;3.468;96.9;0.108;4.275;0;3;3300;3300
db_buhler_1_dsp;;1,5968E+18;13.44;1596.5;930;BAD;0;1016;195264;22;2.7;3;2.8;3;18/07/2020 12:02;5.15;1.48;1.09;37;3.14;2.6;25.32;12.62;5.12;7.94;dsp_parametros_60.txt;1038;1016;0;0;0.1;0;'-0.2;22010;13.32;2189;634;25.8;186421;0;297;175;166;1.94;248;189;43;29.94;18.68;3.13;3;data;141;'-13;107;48;'-6;93;98;686;0;0;4.064;103.1;0.201;5.583;0;3;3300;3300
db_buhler_1_dsp;;1,5968E+18;13.46;1596.5;930;BAD;0;1013;195265;22;2.8;3.1;3;3.1;18/07/2020 12:04;5.15;1.48;1.1;40;3.14;2.47;25.26;12.62;5.1;8.36;dsp_parametros_60.txt;1035;1013;0;0;0;0;'-0.1;21972;13.76;2190;631;25.8;186422;0;298;174;166;1.93;250;194;22;29.92;19.12;3.12;4;data;174;'-13;122;49;'-6;109;114;686;0;0;4.044;103.9;0.201;5.507;0;3;3300;3300
db_buhler_1_dsp;;1,5968E+18;14.34;1596.5;987; OK;0;1024;195430;33;2.8;3;2.8;2.7;18/07/2020 16:42;5.15;1.83;1.24;28;3.18;2.06;26.12;12.6;4.53;8.3;dsp_parametros_60.txt;1047;1014;39;30;55.7;38.9;59.9;22110;6.68;2355;632;53;186587;0;767;178;171;3.98;749;193;69;30.12;12.04;3.05;169;data;167;'-13;135;56;'-6;126;120;673;0;0;3.461;97.1;0.108;4.415;0;3;3300;3300
db_buhler_1_dsp;;1,5968E+18;14.37;1596.3;987; OK;0;1020;195257;32;1.4;1.6;1.4;1.2;18/07/2020 08:37;5.15;1.79;1.24;33;3.19;2.16;26.2;12.62;4.59;8.52;dsp_parametros_60.txt;1042;1010;38;30;55;39.6;59.4;22124;6.68;2182;628;53.1;186414;0;764;172;165;3.98;750;193;71;29.6;12.02;3.12;90;data;166;'-13;135;49;'-6;123;118;678;0;0;3.528;97.2;0.107;4.359;0;3;3300;3300
db_buhler_1_dsp;;1,5968E+18;15.8;1596.2;986; OK;0;1022;195002;32;2.9;3;2.8;2.8;16/07/2020 07:06;5.15;1.75;1.25;31;3.27;2.32;27.4;12.62;4.75;8.49;dsp_parametros_60.txt;1044;1012;31;23;56.8;41;63.6;22042;6.72;1927;630;53.1;186159;0;758;169;162;3.98;750;191;63;29.9;12.14;1.02;37;data;168;'-13;115;150;121;111;116;681;0;0;3.684;96.6;0.108;4.669;0;3;3300;3300
db_buhler_1_dsp;;1,5968E+18;14.56;1596.1;986; OK;0;1021;195672;33;2.7;2.9;2.7;2.7;21/07/2020 09:57;5.11;1.63;1.17;32;3.28;2.54;26.6;12.61;4.62;8.42;dsp_parametros_60.txt;1043;1010;38;30;61.5;41.3;65;22091;6.7;2597;628;52.9;186829;0;753;172;166;3.97;737;191;69;29.98;12.05;3.12;72;data;162;'-13;140;48;118;113;112;678;0;0;3.556;97.7;0.108;4.412;0;3;3300;3300
db_buhler_1_dsp;;1,5968E+18;14.33;1596.4;987; OK;0;1023;195586;32;2.8;3.1;2.8;2.9;20/07/2020 11:26;5.11;1.79;1.25;30;3.2;2.23;25.96;12.61;4.54;8.52;dsp_parametros_60.txt;1045;1013;37;28;54.6;39.9;59.7;22123;6.68;2511;631;52.9;186743;0;757;174;167;3.97;740;194;72;29.9;12.03;3.07;131;data;165;'-13;134;48;'-6;126;115;680;0;0;3.476;97.2;0.108;4.424;0;3;3300;3300
db_buhler_1_dsp;;1,5968E+18;14.71;1596.1;987; OK;0;1022;195668;34;2.8;2.9;2.7;2.8;21/07/2020 09:51;5.11;1.63;1.09;30;3.28;2.63;26.58;12.61;4.57;8.38;dsp_parametros_60.txt;1045;1011;38;30;61.4;40.5;64.2;22036;6.74;2593;629;53.1;186825;0;754;173;166;3.98;739;190;69;29.9;12.08;3.07;68;data;162;'-13;139;47;117;110;109;678;0;0;3.519;97.6;0.108;4.47;0;3;3300;3300
db_buhler_1_dsp;;1,5968E+18;14.1;1596.3;986; OK;0;1022;195614;34;2.7;2.8;2.6;2.6;21/07/2020 06:02;5.11;1.64;1.18;29;3.24;2.57;26.3;12.61;4.75;8.54;dsp_parametros_60.txt;1046;1012;39;31;55.8;39.9;59.3;22046;6.7;2539;630;53;186771;0;748;171;164;3.97;739;191;73;29.64;12.09;3.07;14;data;166;'-13;133;34;'-6;124;114;686;0;0;3.689;97.3;0.109;4.907;0;3;3300;3300
db_buhler_1_dsp;;1,5968E+18;16.57;1596.2;987; OK;0;1021;195088;33;2.9;2.9;2.7;2.6;16/07/2020 09:39;5.15;1.84;1.25;31;3.23;2.07;28.32;12.62;4.57;8.46;dsp_parametros_60.txt;1044;1011;39;30;58;41.1;63.8;22828;6.66;2013;629;53.1;186245;0;764;172;165;3.98;749;191;62;30.2;12.07;1;123;data;173;'-13;118;153;123;115;121;685;0;0;3.506;97.5;0.107;4.557;0;3;3300;3300
db_buhler_1_dsp;;1,5968E+18;14.64;1596.2;986; OK;0;1022;195674;34;2.8;2.9;2.7;2.7;21/07/2020 10:01;5.11;1.61;1.09;31;3.26;2.48;26.48;12.62;4.55;8.44;dsp_parametros_60.txt;1044;1010;38;31;62.2;40.9;65.5;22007;6.7;2599;628;52.9;186831;0;754;173;166;3.97;740;191;69;29.92;12.06;3.08;74;data;162;'-13;140;48;118;114;113;678;0;0;3.488;97.5;0.108;4.382;0;3;3300;3300
db_buhler_1_dsp;;1,5968E+18;14.26;1596.5;987; OK;0;1024;195388;34;2.7;2.9;2.7;2.6;18/07/2020 15:34;5.15;1.77;1.24;27;3.19;2.12;25.92;12.62;4.52;8.35;dsp_parametros_60.txt;1048;1014;37;28;53.9;39.7;58.7;22085;6.74;2313;632;53;186545;0;767;178;170;3.97;750;195;71;30.2;12.1;3.06;127;data;167;'-13;135;56;'-6;124;118;673;0;0;3.454;97.4;0.109;4.645;0;3;3300;3300
db_buhler_1_dsp;;1,5968E+18;14.27;1596.2;988; OK;0;1022;195237;32;1.4;1.6;1.4;1.3;18/07/2020 08:04;5.15;1.78;1.24;32;3.19;2.17;26.22;12.61;4.61;8.57;dsp_parametros_60.txt;1043;1011;38;30;54.3;38.8;58.6;22080;6.88;2162;629;53;186394;0;763;172;164;3.97;750;191;73;29.9;12.23;3.04;70;data;165;'-13;135;47;'-6;123;117;675;0;0;3.55;97.6;0.107;4.237;0;3;3300;3300
db_buhler_1_dsp;;1,5968E+18;13.61;1596.2;930;BAD;0;1016;195661;22;2.7;2.9;2.7;2.8;21/07/2020 09:39;5.11;1.48;1.09;38;3.2;3.02;25.42;12.62;5.13;8.66;dsp_parametros_60.txt;1037;1015;0;0;0.1;0;'-0.1;21930;13.46;2586;633;25.8;186818;0;295;173;164;1.94;250;190;23;29.96;18.83;3.14;61;data;158;'-13;110;44;146;95;99;680;0;0;4.07;104;0.201;5.302;0;3;3300;3300
db_buhler_1_dsp;;1,5968E+18;13.54;1596.4;930;BAD;0;1020;194971;22;2.8;3.1;2.8;3.1;16/07/2020 06:16;5.15;1.52;1.15;34;3.35;3.64;26.2;12.62;5.46;8.7;dsp_parametros_60.txt;1041;1019;0;0;0;0;'-0.1;21738;13.54;1896;637;25.7;186128;0;296;170;160;1.93;250;192;26;29.64;19.08;1.09;6;data;97;'-13;69;105;101;63;72;683;0;0;4.41;103.3;0.202;5.575;0;3;3300;3300
db_buhler_1_dsp;;1,5968E+18;14.34;1596.5;987; OK;0;1024;195404;34;2.8;2.9;2.8;2.7;18/07/2020 16:00;5.15;1.82;1.24;27;3.19;2.06;26.2;12.61;4.49;8.35;dsp_parametros_60.txt;1048;1014;39;30;53.6;39.4;59.2;22064;6.76;2329;632;53;186561;0;767;178;171;3.97;750;189;69;29.94;12.12;3.06;143;data;168;'-14;135;56;'-6;125;120;676;0;0;3.423;97.4;0.109;4.308;0;3;3300;3300
db_buhler_1_dsp;;1,5968E+18;14.28;1596.5;987; OK;0;1024;195398;34;2.6;2.8;2.6;2.5;18/07/2020 15:50;5.16;1.82;1.25;27;3.19;2.08;26.06;12.61;4.48;8.4;dsp_parametros_60.txt;1048;1014;37;28;52.8;39.9;59.9;22083;6.66;2323;632;53.1;186555;0;769;178;170;3.98;748;194;68;29.88;12.02;3.11;137;data;167;'-13;135;56;'-6;125;119;676;0;0;3.418;97.1;0.109;4.631;0;3;3300;3300
db_buhler_1_dsp;;1,5968E+18;14.37;1596.4;988; OK;0;1023;195291;34;2.8;3.1;2.9;2.9;18/07/2020 12:46;5.15;1.8;1.25;28;3.21;2.17;26.14;12.62;4.58;8.36;dsp_parametros_60.txt;1047;1013;39;30;55.3;39.5;59.3;22059;6.68;2216;631;53;186448;0;764;175;168;3.97;750;194;70;29.88;12.02;3.06;30;data;168;'-13;136;50;'-6;124;118;683;0;0;3.52;97;0.108;4.632;0;3;3300;3300
db_buhler_1_dsp;;1,5968E+18;14.12;1596.2;994;LOK;0;1025;195662;37;2.7;2.8;2.6;2.8;21/07/2020 09:41;5.11;1.48;1.1;29;3.31;3.08;25.54;12.61;4.97;8.41;dsp_parametros_60.txt;1046;1009;38;29;61.4;39.4;63.2;21995;8.56;2587;627;50.8;186819;0;752;173;165;3.81;740;190;66;29.96;13.93;3.12;62;data;177;'-13;122;46;151;101;104;680;0;0;3.904;99;0.109;4.622;0;3;3300;3300
db_buhler_1_dsp;;1,5968E+18;14.24;1596.5;988; OK;0;1024;195389;33;2.7;2.9;2.7;2.6;18/07/2020 15:35;5.15;1.81;1.24;28;3.19;2.08;26.12;12.62;4.51;8.33;dsp_parametros_60.txt;1047;1014;38;29;54.6;39.9;59.2;21991;6.68;2314;632;53;186546;0;769;178;171;3.98;749;193;70;29.88;12.03;3.07;128;data;167;'-13;135;56;'-6;124;119;673;0;0;3.45;96.9;0.109;4.33;0;3;3300;3300
db_buhler_1_dsp;;1,5968E+18;14.43;1596.5;987; OK;0;1023;195432;33;2.8;3;2.8;2.7;18/07/2020 16:45;5.11;1.85;1.25;29;3.19;2.06;26.24;12.61;4.52;8.36;dsp_parametros_60.txt;1046;1013;40;31;53.1;39.5;59.3;22050;6.7;2357;631;53;186589;0;769;178;171;3.97;750;193;69;29.88;12.06;3.11;171;data;168;'-13;135;56;'-6;126;120;675;0;0;3.46;97.1;0.109;4.275;0;3;3300;3300
db_buhler_1_dsp;;1,5968E+18;14.4;1596.2;987; OK;0;1021;195512;32;2.8;2.8;2.6;2.5;20/07/2020 07:23;5.15;1.79;1.25;32;3.2;2.21;26.16;12.61;4.61;8.31;dsp_parametros_60.txt;1043;1011;38;30;53.9;40.3;59.6;22075;6.68;2437;629;53;186669;0;764;171;163;3.98;751;189;73;29.9;12.04;3.1;57;data;166;'-13;135;42;'-6;129;117;681;0;0;3.546;97.1;0.108;4.419;0;3;3300;3300
db_buhler_1_dsp;;1,5968E+18;16.51;1596.4;986; OK;0;1021;194964;35;2.7;2.8;2.6;2.5;14/07/2020 17:02;5.15;1.82;1.25;29;3.23;2.02;27.94;12.61;4.46;8.72;dsp_parametros_60.txt;1046;1011;40;31;56.5;41.2;63.4;22050;6.66;1889;629;53.3;186121;0;766;176;168;4;749;193;61;29.3;12.06;0.99;55;data;173;'-13;118;155;125;116;122;688;0;0;3.403;96.7;0.108;4.791;0;3;3300;3300
db_buhler_1_dsp;;1,5968E+18;14.32;1596.3;987; OK;0;1022;195536;32;2.8;2.8;2.6;2.4;20/07/2020 08:02;5.15;1.83;1.24;31;3.2;2.17;26.22;12.61;4.51;8.64;dsp_parametros_60.txt;1044;1012;39;30;53.4;40.1;59.4;22013;6.66;2461;630;53.1;186693;0;764;171;164;3.98;750;193;73;29.84;12.02;3.11;81;data;166;'-13;135;45;'-6;130;118;675;0;0;3.459;97.4;0.108;4.327;0;3;3300;3300
db_buhler_1_dsp;;1,5968E+18;14.54;1596.4;987; OK;0;1021;195309;34;2.8;3;2.8;2.8;18/07/2020 13:15;5.15;1.83;1.24;30;3.2;2.14;26.42;12.61;4.56;8.38;dsp_parametros_60.txt;1045;1011;39;31;55.2;39.7;59.4;22043;6.66;2234;629;53;186466;0;767;176;169;3.97;748;192;71;29.92;12.02;3.08;48;data;168;'-13;135;51;'-6;125;119;681;0;0;3.492;97.5;0.108;4.586;0;3;3300;3300
db_buhler_1_dsp;;1,5968E+18;14.22;1596.5;988; OK;0;1024;195580;32;2.7;3;2.8;2.9;20/07/2020 11:16;5.11;1.76;1.24;29;3.21;2.25;25.94;12.61;4.54;8.65;dsp_parametros_60.txt;1046;1014;38;29;55;40;60.8;22072;6.68;2505;632;53;186737;0;756;173;167;3.98;740;192;69;29.94;12.03;3.06;125;data;167;'-13;134;49;'-6;124;114;678;0;0;3.48;97.1;0.109;4.236;0;3;3300;3300
db_buhler_1_dsp;;1,5968E+18;16.49;1596.2;987; OK;0;1022;195051;34;2.8;2.8;2.7;2.5;16/07/2020 08:39;5.15;1.83;1.24;29;3.23;2.1;28.18;12.62;4.57;8.45;dsp_parametros_60.txt;1046;1012;39;30;58.1;41.4;63;22040;6.68;1976;630;53;186208;0;764;171;164;3.98;750;190;64;30.18;12.1;1;86;data;172;'-13;118;153;123;115;120;684;0;0;3.504;97.5;0.108;4.822;0;3;3300;3300
db_buhler_1_dsp;;1,5968E+18;43.72;1596.3;930;BAD;0;1027;195168;20;0.7;0.8;1;0.6;18/07/2020 06:10;5.15;1.53;1.16;29;3.37;3.65;0;12.61;5.38;48.37;dsp_parametros_60.txt;1046;1026;0;0;0.1;0;'-0.1;23284;6.7;2093;644;25.8;186325;0;293;172;163;1.93;250;191;25;0;34.33;3.21;1;data;26;'-13;23;24;22;24;23;686;0;0;4.335;0;0.202;5.072;0;3;3300;3300
db_buhler_1_dsp;;1,5968E+18;14.56;1596.4;987; OK;0;1022;195346;33;2.7;2.9;2.8;2.7;18/07/2020 14:15;5.15;1.81;1.25;30;3.19;2.08;26.06;12.62;4.55;8.58;dsp_parametros_60.txt;1045;1012;38;30;53.8;38.4;58.9;22045;6.74;2271;630;53;186503;0;766;177;169;3.98;750;195;70;29.88;12.09;3.07;85;data;168;'-13;135;53;'-6;125;119;678;0;0;3.486;97.2;0.108;4.585;0;3;3300;3300
db_buhler_1_dsp;;1,5968E+18;16.61;1596.2;986; OK;0;1020;195056;34;2.8;2.9;2.8;2.6;16/07/2020 08:47;5.15;1.84;1.25;31;3.23;2.05;28.46;12.61;4.62;8.38;dsp_parametros_60.txt;1044;1010;38;29;56.8;41.4;62.2;22079;6.68;1981;628;53.1;186213;0;763;171;164;3.98;749;192;61;29.94;12.09;1;91;data;172;'-13;118;153;124;115;120;685;0;0;3.556;97.5;0.108;4.797;0;3;3300;3300
db_buhler_1_dsp;;1,5968E+18;16.15;1596.4;986; OK;0;1020;195122;34;2.6;2.9;2.6;2.7;16/07/2020 13:56;5.15;1.77;1.25;31;3.26;2.3;27.18;12.61;4.84;8.45;dsp_parametros_60.txt;1044;1010;37;29;57;40.9;63.4;21985;6.72;2047;628;53.1;186279;0;760;172;165;3.98;750;191;77;29.92;12.13;1.02;10;data;169;'-13;116;150;121;108;114;686;0;0;3.777;96.5;0.107;4.998;0;3;3300;3300
db_buhler_1_dsp;;1,5968E+18;15.76;1596.5;986; OK;0;1021;195120;34;2.6;2.8;2.6;2.7;16/07/2020 13:53;5.15;1.77;1.25;31;3.27;2.36;27.44;12.62;4.73;8.46;dsp_parametros_60.txt;1044;1010;38;30;56.7;40.9;64.2;22041;6.7;2045;628;53.1;186277;0;760;171;166;3.98;750;191;75;29.88;12.13;1.02;8;data;169;'-13;116;149;121;107;112;686;0;0;3.665;96.6;0.108;4.476;0;3;3300;3300
db_buhler_1_dsp;;1,5968E+18;14.46;1596.2;988; OK;0;1022;195529;32;2.8;2.8;2.6;2.5;20/07/2020 07:51;5.15;1.82;1.25;31;3.19;2.19;26.24;12.62;4.57;8.35;dsp_parametros_60.txt;1044;1012;38;29;53.5;39.5;59.6;22071;6.68;2454;630;53.1;186686;0;763;171;164;3.98;750;193;70;29.64;12.04;3.07;74;data;166;'-13;135;44;'-6;130;117;675;0;0;3.512;96.9;0.108;4.335;0;3;3300;3300
db_buhler_1_dsp;;1,5968E+18;14.13;1596.1;987; OK;0;1020;195193;33;1.4;1.8;1.5;1.4;18/07/2020 06:53;5.15;1.6;1.1;32;3.24;2.59;26.26;12.62;4.76;8.29;dsp_parametros_60.txt;1043;1010;34;26;53.2;38.8;59;22095;6.8;2118;628;52.9;186350;0;757;171;163;3.96;745;193;80;29.98;12.19;3.07;26;data;165;'-13;135;38;'-6;120;114;683;0;0;3.697;97.5;0.108;4.798;0;3;3300;3300
db_buhler_1_dsp;;1,5968E+18;16.46;1596.2;987; OK;0;1022;195042;34;2.8;2.9;2.7;2.6;16/07/2020 08:24;5.15;1.82;1.24;30;3.25;2.1;28.24;12.61;4.61;8.39;dsp_parametros_60.txt;1045;1011;38;30;56.7;40.8;62.9;22054;6.74;1967;629;53;186199;0;763;171;164;3.98;750;190;63;29.9;12.16;1;77;data;171;'-13;118;152;123;114;120;686;0;0;3.556;97.4;0.107;4.737;0;3;3300;3300
db_buhler_1_dsp;;1,5968E+18;16.39;1596.2;986; OK;0;1021;195017;33;2.9;2.9;2.8;2.7;16/07/2020 07:30;5.15;1.8;1.25;31;3.26;2.2;28.22;12.61;4.6;8.42;dsp_parametros_60.txt;1044;1011;35;26;56.6;39.6;63.2;22079;6.68;1942;629;53.3;186174;0;762;170;162;3.99;749;189;63;29.96;12.09;1.01;52;data;170;'-13;116;152;122;113;118;687;0;0;3.54;97.4;0.108;4.59;0;3;3300;3300
db_buhler_1_dsp;;1,5968E+18;16.48;1596.4;987; OK;0;1021;195140;34;2.7;2.9;2.7;2.6;16/07/2020 14:25;5.15;1.8;1.24;31;3.24;2.09;28.26;12.61;4.54;8.46;dsp_parametros_60.txt;1044;1010;38;29;58.3;42.1;62.9;22062;6.72;2065;628;53.1;186297;0;765;173;166;3.98;750;191;68;29.92;12.13;0.99;28;data;171;'-13;117;152;123;113;119;686;0;0;3.479;97.4;0.108;4.515;0;3;3300;3300
db_buhler_1_dsp;;1,5968E+18;14.26;1596.2;988; OK;0;1022;195209;32;1.4;1.7;1.5;1.4;18/07/2020 07:19;5.15;1.6;1.25;31;3.21;2.32;25.9;12.61;4.67;8.6;dsp_parametros_60.txt;1044;1012;36;28;53.8;38.5;58.9;22028;6.66;2134;630;53;186366;0;761;171;163;3.97;750;191;72;29.66;12.02;3.08;42;data;165;'-13;136;41;'-6;122;116;680;0;0;3.618;96.9;0.108;4.385;0;3;3300;3300
db_buhler_1_dsp;;1,5968E+18;14.17;1596.5;988; OK;0;1023;195578;33;2.7;3.1;2.8;3;20/07/2020 11:13;5.11;1.77;1.25;29;3.22;2.31;25.84;12.61;4.58;8.66;dsp_parametros_60.txt;1046;1013;41;31;54.3;40.2;59.6;21978;6.68;2503;631;52.9;186735;0;755;173;167;3.97;739;189;71;29.5;12.02;3.08;123;data;172;'-13;134;49;'-6;123;114;678;0;0;3.516;96.6;0.108;4.465;0;3;3300;3300
db_buhler_1_dsp;;1,5968E+18;14.44;1596.3;986; OK;0;1020;195545;32;2.9;2.9;2.6;2.5;20/07/2020 08:17;5.15;1.9;1.24;33;3.19;2.16;26.58;12.61;4.54;8.35;dsp_parametros_60.txt;1042;1010;37;28;54.8;40.1;58.6;22036;6.68;2470;628;53.1;186702;0;763;172;164;3.98;750;191;71;29.6;12.03;3.06;90;data;166;'-13;135;46;'-6;130;118;676;0;0;3.474;97.1;0.108;4.274;0;3;3300;3300
db_buhler_1_dsp;;1,5968E+18;14.14;1596.3;986; OK;0;1022;195606;33;2.7;2.8;2.7;2.7;21/07/2020 05:49;5.11;1.62;1.21;30;3.27;2.77;26.16;12.62;4.8;8.33;dsp_parametros_60.txt;1045;1012;39;31;54.4;39.8;58.4;22072;6.64;2531;630;52.9;186763;0;746;171;165;3.97;740;190;76;29.88;12.06;3.15;6;data;164;'-13;131;33;'-6;119;109;685;0;0;3.74;97.3;0.108;4.65;0;3;3300;3300
db_buhler_1_dsp;;1,5968E+18;14.2;1596.1;987; OK;0;1021;195494;32;2.8;2.8;2.6;2.6;20/07/2020 06:54;5.15;1.67;1.19;31;3.22;2.36;26.3;12.61;4.66;8.34;dsp_parametros_60.txt;1044;1012;38;29;54.7;40;58.5;22018;6.58;2419;630;53;186651;0;761;171;163;3.98;749;193;70;29.88;11.93;3.12;39;data;167;'-13;135;38;'-6;128;116;689;0;0;3.601;97.2;0.108;4.494;0;3;3300;3300
db_buhler_1_dsp;;1,5968E+18;13.95;1596.3;987; OK;0;1022;195175;32;1.2;1.7;1.4;1.4;18/07/2020 06:23;5.15;1.6;1.15;31;3.31;3.38;26.1;12.62;4.88;8.24;dsp_parametros_60.txt;1044;1012;29;21;53.7;39.9;58.7;22022;6.64;2100;630;52.9;186332;0;754;171;164;3.96;751;192;74;29.56;12.08;3.19;8;data;156;'-13;136;34;'-6;109;103;685;0;0;3.813;97;0.108;4.551;0;3;3300;3300
db_buhler_1_dsp;;1,5968E+18;14.33;1596.5;987; OK;0;1024;195439;34;2.7;2.9;2.7;2.6;18/07/2020 16:56;5.15;1.81;1.24;27;3.19;2.07;26.04;12.61;4.47;8.38;dsp_parametros_60.txt;1048;1014;38;30;54.4;39.1;59.1;22026;6.8;2364;632;53;186596;0;768;178;170;3.98;751;190;69;29.52;12.14;3.09;178;data;167;'-13;135;56;'-6;126;120;676;0;0;3.403;96.7;0.109;4.567;0;3;3300;3300
db_buhler_1_dsp;;1,5968E+18;14.09;1596.5;992;LOK;0;1024;195577;32;2.8;3.1;2.9;3;20/07/2020 11:12;5.11;1.77;1.25;29;3.21;2.32;25.7;12.62;4.66;8.44;dsp_parametros_60.txt;1046;1014;41;31;54.6;39.2;60;22036;6.66;2502;632;52.4;186734;0;754;173;167;3.93;740;190;67;29.82;12.01;3.09;122;data;178;'-13;134;49;'-6;122;116;678;0;0;3.592;96.7;0.109;4.396;0;3;3300;3300
db_buhler_1_dsp;;1,5968E+18;14.2;1596.2;986; OK;0;1020;195184;33;1.3;1.6;1.4;1.4;18/07/2020 06:38;5.15;1.62;1.13;32;3.29;2.81;26.4;12.61;4.84;8.46;dsp_parametros_60.txt;1043;1010;32;24;53.5;39.6;58.1;22069;6.7;2109;628;53;186341;0;755;171;163;3.97;750;190;73;29.6;12.11;3.16;17;data;158;'-13;135;36;'-6;117;111;683;0;0;3.779;97.5;0.108;4.871;0;3;3300;3300
db_buhler_1_dsp;;1,5968E+18;16.78;1596.2;986; OK;0;1021;195055;34;2.8;2.9;2.8;2.6;16/07/2020 08:45;5.15;1.84;1.25;31;3.23;2.07;28.36;12.61;4.6;8.37;dsp_parametros_60.txt;1044;1010;38;29;57.3;41.5;62.8;22055;6.64;1980;628;53.1;186212;0;764;171;164;3.98;750;192;64;29.66;12.05;1;90;data;172;'-13;118;153;123;115;120;685;0;0;3.534;96.9;0.107;4.698;0;3;3300;3300
db_buhler_1_dsp;;1,5968E+18;14.26;1596.5;987; OK;0;1024;195376;34;2.8;3;2.8;2.7;18/07/2020 15:03;5.15;1.82;1.24;28;3.19;2.09;26.06;12.61;4.48;8.34;dsp_parametros_60.txt;1047;1013;37;29;53.1;40;58.8;22003;6.7;2301;631;53;186533;0;766;177;170;3.98;749;190;70;29.76;12.06;3.03;115;data;168;'-13;135;55;'-6;126;120;673;0;0;3.412;97;0.108;4.454;0;3;3300;3300
db_buhler_1_dsp;;1,5968E+18;15.98;1596.2;986; OK;0;1022;195000;33;2.9;3;2.8;2.8;16/07/2020 07:03;5.15;1.68;1.19;30;3.28;2.37;27.66;12.62;4.76;8.43;dsp_parametros_60.txt;1045;1012;31;23;57.9;41.4;63.1;22056;6.76;1925;630;53.1;186157;0;757;169;162;3.98;750;191;63;29.92;12.19;1.02;35;data;168;'-13;116;150;121;111;116;680;0;0;3.695;96.9;0.108;4.904;0;3;3300;3300
db_buhler_1_dsp;;1,5968E+18;16.75;1596.3;986; OK;0;1020;195101;34;2.9;2.9;2.7;2.5;16/07/2020 10:00;5.15;1.87;1.24;31;3.23;2.06;28.64;12.61;4.5;7.94;dsp_parametros_60.txt;1044;1010;39;30;56.1;40.2;63.2;20919;6.68;2026;628;53.1;186258;0;765;172;165;3.98;749;195;63;29.92;12.08;1;136;data;172;'-13;118;153;123;115;121;681;0;0;3.45;97.4;0.107;4.819;0;3;3300;3300
db_buhler_1_dsp;;1,5968E+18;14.24;1596.5;988; OK;0;1025;195393;33;2.7;2.9;2.7;2.6;18/07/2020 15:42;5.14;1.82;1.24;28;3.18;2.08;26.1;12.61;4.5;8.33;dsp_parametros_60.txt;1047;1014;40;31;53.9;39.9;58.9;22076;6.72;2318;632;53.1;186550;0;767;178;170;3.98;749;188;68;30.18;12.07;3.03;132;data;167;'-13;136;56;'-6;125;119;675;0;0;3.436;97.4;0.109;4.185;0;3;3300;3300
db_buhler_1_dsp;;1,5968E+18;14.17;1596.4;987; OK;0;1023;195273;33;2.6;2.9;2.7;2.8;18/07/2020 12:17;5.15;1.75;1.25;29;3.22;2.29;25.82;12.61;4.66;8.49;dsp_parametros_60.txt;1046;1013;38;29;54.1;38.8;59.8;22109;6.72;2198;631;53;186430;0;764;174;168;3.98;750;191;69;29.64;12.07;3.07;12;data;167;'-13;136;50;'-6;120;114;683;0;0;3.609;96.7;0.108;4.498;0;3;3300;3300
db_buhler_1_dsp;;1,5968E+18;13.56;1596.6;930;BAD;0;1019;195573;23;3;3.4;3.2;3.4;20/07/2020 11:05;5.11;1.57;1.24;34;3.14;2.41;25.78;12.61;5.01;8.27;dsp_parametros_60.txt;1041;1018;0;0;0;0;'-0.1;22088;30.96;2498;636;25.8;186730;0;291;178;171;1.94;250;191;28;29.68;36.41;3.1;118;data;91;'-13;78;48;'-6;72;81;681;0;0;3.956;360.8;0.201;5.088;0;3;3300;3300
db_buhler_1_dsp;;1,5968E+18;14.5;1596.2;987; OK;0;1021;195566;32;2.8;2.8;2.6;2.5;20/07/2020 08:51;5.15;1.82;1.24;32;3.2;2.15;26.1;12.61;4.5;8.33;dsp_parametros_60.txt;1043;1011;37;29;53.2;40.7;59.7;22106;6.64;2491;629;53.1;186723;0;765;172;165;3.98;750;194;72;29.8;12;3.1;111;data;167;'-13;135;48;'-6;131;118;675;0;0;3.433;97;0.108;4.364;0;3;3300;3300
db_buhler_1_dsp;;1,5968E+18;14.46;1596.2;988; OK;0;1022;195228;32;1.5;1.8;1.5;1.3;18/07/2020 07:49;5.15;1.78;1.24;31;3.2;2.23;26.06;12.61;4.62;8.63;dsp_parametros_60.txt;1044;1012;38;30;55.3;39.5;58.5;22067;6.7;2153;630;53.1;186385;0;764;171;164;3.98;750;193;72;29.52;12.04;3.1;61;data;166;'-13;136;46;'-6;123;117;681;0;0;3.559;97.1;0.108;4.384;0;3;3300;3300
db_buhler_1_dsp;;1,5968E+18;14.14;1596.3;987; OK;0;1023;195615;32;2.8;2.9;2.8;2.7;21/07/2020 06:03;5.11;1.65;1.19;30;3.24;2.58;26.32;12.61;4.73;8.57;dsp_parametros_60.txt;1045;1013;40;31;55.1;39.8;58.5;22095;6.7;2540;631;53;186772;0;748;171;164;3.97;740;190;72;29.92;12.08;3.13;15;data;166;'-13;133;35;'-6;125;115;685;0;0;3.662;97.9;0.108;4.455;0;3;3300;3300
db_buhler_1_dsp;;1,5968E+18;14.15;1596.2;988; OK;0;1024;195482;32;2.8;2.9;2.7;2.6;20/07/2020 06:35;5.15;1.68;1.19;29;3.24;2.54;26.38;12.61;4.74;8.35;dsp_parametros_60.txt;1046;1014;36;28;54.9;38.4;57.9;22048;6.72;2407;632;53.1;186639;0;758;170;163;3.98;746;193;72;30.22;12.1;3.15;27;data;165;'-13;135;35;'-6;120;114;688;0;0;3.679;97.9;0.108;4.544;0;3;3300;3300
db_buhler_1_dsp;;1,5968E+18;14.31;1596.4;0;BAD;0;1023;195595;33;3.4;3.1;3.4;3.2;21/07/2020 05:14;5.11;1.79;1.23;29;3.2;2.18;26.06;12.61;4.53;43.72;dsp_parametros_60.txt;1046;1013;37;28;54.3;40.8;59.2;22021;6.64;2520;631;0;186752;0;756;181;183;3.97;741;194;72;29.96;5.55;3.22;1;data;166;'-13;135;49;'-7;129;117;673;0;0;0;97;0.109;0;0;3;3300;3300
db_buhler_1_dsp;;1,5968E+18;14.47;1596.3;987; OK;0;1021;195562;33;2.8;2.9;2.6;2.5;20/07/2020 08:44;5.14;1.85;1.25;31;3.2;2.13;26.12;12.62;4.49;8.34;dsp_parametros_60.txt;1044;1011;39;30;54.9;39.9;60.2;22057;6.68;2487;629;53.1;186719;0;765;172;165;3.98;749;192;71;29.96;12.02;3.08;107;data;167;'-13;135;48;'-6;130;119;673;0;0;3.423;97;0.108;4.45;0;3;3300;3300
db_buhler_1_dsp;;1,5968E+18;0;1596.5;0;BAD;0;0;195571;0;3.1;2.9;3.2;2.8;20/07/2020 10:52;0;0;0;0;0;0;0;0;0;15.29;dsp_parametros_60.txt;0;0;0;0;0;0;0;0;0;2496;0;0;186728;0;0;178;169;0;0;0;0;0;5.07;3.11;116;data;0;0;0;0;0;0;0;0;0;0;0;0;0;0;0;0;0;0
db_buhler_1_dsp;;1,5968E+18;13.42;1596.4;930;BAD;0;1021;195597;20;3;3.1;3;3.1;21/07/2020 05:34;5.11;1.51;1.13;35;3.2;3.32;25.98;12.62;5.37;8.23;dsp_parametros_60.txt;1040;1020;0;0;0.1;'-0.1;0;21867;20.66;2522;638;25.7;186754;0;289;172;163;1.93;250;191;35;29.94;26.14;3.12;2;data;88;'-13;79;28;'-6;58;58;688;0;0;4.316;111.7;0.202;5.073;0;3;3300;3300
db_buhler_1_dsp;;1,5968E+18;14.36;1596.4;988; OK;0;1023;195593;32;2.8;3.1;2.8;2.9;20/07/2020 11:37;5.11;1.8;1.23;30;3.18;2.2;26.04;12.61;4.55;8.46;dsp_parametros_60.txt;1045;1013;37;28;53.3;39.9;59;22011;6.74;2518;631;52.9;186750;0;755;174;167;3.97;740;189;73;29.94;12.1;3.07;138;data;166;'-13;135;49;'-6;129;117;673;0;0;3.49;97.1;0.108;4.356;0;3;3300;3300
db_buhler_1_dsp;;1,5968E+18;14.35;1596.2;987; OK;0;1020;195251;32;1.4;1.7;1.4;1.3;18/07/2020 08:27;5.15;1.79;1.25;33;3.18;2.16;26.2;12.61;4.52;8.58;dsp_parametros_60.txt;1042;1010;37;29;52.3;40.2;58.5;22061;6.72;2176;628;53;186408;0;763;172;164;3.98;749;192;73;29.64;12.08;3.07;84;data;166;'-13;135;49;'-6;123;118;675;0;0;3.464;97;0.107;4.142;0;3;3300;3300
db_buhler_1_dsp;;1,5968E+18;14.03;1596.3;987; OK;0;1023;195605;33;2.7;2.8;2.6;2.6;21/07/2020 05:47;5.11;1.62;1.21;30;3.26;2.79;26.2;12.61;4.8;8.69;dsp_parametros_60.txt;1045;1012;38;30;54.4;39.3;58.6;22090;6.58;2530;630;52.9;186762;0;746;171;165;3.97;733;191;77;29.58;12;3.09;5;data;163;'-13;131;33;'-6;118;108;685;0;0;3.738;97.3;0.109;4.526;0;3;3300;3300
db_buhler_1_dsp;;1,5968E+18;14.39;1596.4;987; OK;0;1023;195336;33;2.8;2.9;2.8;2.7;18/07/2020 13:59;5.15;1.81;1.24;29;3.19;2.12;26.24;12.61;4.52;8.56;dsp_parametros_60.txt;1046;1013;39;30;53.2;39;60.1;22044;6.7;2261;631;53.1;186493;0;767;176;169;3.98;750;193;70;29.92;12.05;3.11;75;data;168;'-13;136;53;'-6;125;120;683;0;0;3.458;97.4;0.108;4.335;0;3;3300;3300
db_buhler_1_dsp;;1,5968E+18;14.37;1596.2;987; OK;0;1022;195532;33;2.8;2.8;2.7;2.5;20/07/2020 07:56;5.15;1.82;1.25;30;3.2;2.2;26.14;12.61;4.53;8.32;dsp_parametros_60.txt;1045;1012;38;30;54.7;38.8;59.2;22075;6.68;2457;630;53.1;186689;0;764;171;164;3.98;750;190;70;30.18;12.04;3.11;77;data;166;'-13;135;45;'-6;129;117;675;0;0;3.463;97.4;0.108;4.521;0;3;3300;3300
db_buhler_1_dsp;;1,5968E+18;14.3;1596.4;988; OK;0;1023;195377;34;2.8;2.9;2.8;2.7;18/07/2020 15:05;5.15;1.83;1.24;28;3.2;2.07;26.08;12.62;4.53;8.31;dsp_parametros_60.txt;1047;1013;38;29;54.9;39.4;59.5;22041;6.72;2302;631;53;186534;0;767;177;170;3.98;750;190;71;30.22;12.07;3.1;116;data;168;'-13;135;55;'-6;125;120;673;0;0;3.469;97.3;0.108;4.617;0;3;3300;3300
db_buhler_1_dsp;;1,5968E+18;14.22;1596.5;987; OK;0;1024;195387;32;2.7;2.9;2.7;2.6;18/07/2020 15:32;5.15;1.8;1.24;29;3.2;2.11;26.18;12.61;4.55;8.41;dsp_parametros_60.txt;1046;1014;37;29;54;40;60.2;22091;6.66;2312;632;53.1;186544;0;766;178;170;3.98;750;195;69;29.94;12.02;3.04;126;data;168;'-13;135;56;'-6;124;119;673;0;0;3.493;97.1;0.109;4.141;0;3;3300;3300
db_buhler_1_dsp;;1,5968E+18;14.15;1596.1;986; OK;0;1020;195196;32;1.4;1.7;1.5;1.4;18/07/2020 06:58;5.15;1.62;1.1;34;3.23;2.56;26.34;12.62;4.77;8.34;dsp_parametros_60.txt;1041;1009;35;26;52.8;39.1;59;22058;6.66;2121;627;52.9;186353;0;758;171;163;3.97;750;190;77;29.9;12.05;3.16;29;data;165;'-13;136;38;'-6;120;115;684;0;0;3.703;97.5;0.107;4.323;0;3;3300;3300
db_buhler_1_dsp;;1,5968E+18;14.32;1596.1;987; OK;0;1022;195496;33;2.8;2.8;2.6;2.5;20/07/2020 06:57;5.15;1.74;1.24;30;3.22;2.35;26.02;12.62;4.66;8.34;dsp_parametros_60.txt;1045;1012;37;29;54.3;39.1;59;22029;6.74;2421;630;53;186653;0;762;170;163;3.98;754;191;72;29.94;12.09;3.13;41;data;167;'-13;135;38;'-6;128;116;688;0;0;3.595;97.2;0.108;4.577;0;3;3300;3300
db_buhler_1_dsp;;1,5968E+18;14.36;1596.4;987; OK;0;1023;195317;33;2.8;3;2.8;2.7;18/07/2020 13:28;5.15;1.82;1.24;29;3.2;2.14;26.26;12.62;4.49;8.63;dsp_parametros_60.txt;1046;1013;39;30;54.8;40.4;59.7;22093;6.66;2242;631;53;186474;0;768;176;169;3.98;749;192;71;29.88;12.02;3.03;56;data;168;'-13;135;51;'-6;124;119;681;0;0;3.426;97.2;0.108;4.316;0;3;3300;3300
db_buhler_1_dsp;;1,5968E+18;14.45;1596.4;987; OK;0;1022;195320;34;2.8;3;2.8;2.7;18/07/2020 13:33;5.11;1.82;1.25;29;3.2;2.13;26.04;12.61;4.5;8.41;dsp_parametros_60.txt;1046;1012;39;30;55.9;39.3;60;22036;6.68;2245;630;53.1;186477;0;767;176;169;3.98;750;190;70;29.6;12.04;3.11;59;data;168;'-13;136;52;'-6;125;119;681;0;0;3.437;96.9;0.108;4.651;0;3;3300;3300
db_buhler_1_dsp;;1,5968E+18;16.38;1596.4;986; OK;0;1021;195148;33;2.7;3;2.7;2.6;16/07/2020 14:38;5.15;1.82;1.24;31;3.23;2.06;28.08;12.61;4.52;8.46;dsp_parametros_60.txt;1044;1011;38;29;57.1;40.6;64.7;22056;6.64;2073;629;53.3;186305;0;764;173;166;3.99;749;190;61;29.88;12.07;0.99;36;data;172;'-13;117;153;123;114;120;684;0;0;3.458;97.1;0.108;4.498;0;3;3300;3300
db_buhler_1_dsp;;1,5968E+18;13.5;1596.5;930;BAD;0;1017;195451;22;2.9;3.1;2.9;2.9;18/07/2020 17:52;5.15;1.59;1.24;36;3.11;2.16;25.02;12.62;4.95;8.37;dsp_parametros_60.txt;1039;1017;0;0;0;0;'-0.1;21992;13.4;2376;635;25.8;186608;0;301;177;167;1.93;252;193;21;29.88;18.76;3.05;190;data;170;'-13;146;69;'-7;122;129;673;0;0;3.897;103;0.201;5.5;0;3;3300;3300
db_buhler_1_dsp;;1,5968E+18;14.36;1596.4;988; OK;0;1023;195345;33;2.7;2.9;2.7;2.6;18/07/2020 14:13;5.14;1.79;1.25;30;3.19;2.08;26.02;12.6;4.49;8.34;dsp_parametros_60.txt;1045;1012;34;25;54.2;40.1;60.6;22050;6.68;2270;630;53;186502;0;767;177;169;3.97;751;195;70;29.7;12.04;3.08;84;data;168;'-13;136;53;'-6;125;119;678;0;0;3.421;96.6;0.108;4.2;0;3;3300;3300
db_buhler_1_dsp;;1,5968E+18;14.41;1596.4;988; OK;0;1023;195321;34;2.8;3;2.8;2.7;18/07/2020 13:34;5.15;1.8;1.23;28;3.2;2.13;26.16;12.62;4.53;8.6;dsp_parametros_60.txt;1047;1013;38;29;54.2;40.2;59.4;22022;6.66;2246;631;53.1;186478;0;768;176;169;3.98;751;192;69;29.28;12.01;3.05;60;data;168;'-13;135;52;'-6;125;119;681;0;0;3.463;96.6;0.108;4.603;0;3;3300;3300
db_buhler_1_dsp;;1,5968E+18;14.43;1596.5;987; OK;0;1023;195403;34;2.8;2.9;2.8;2.7;18/07/2020 15:58;5.15;1.82;1.25;28;3.19;2.09;26.16;12.62;4.49;8.37;dsp_parametros_60.txt;1047;1013;39;30;54.9;40.3;59.5;22063;6.64;2328;631;53;186560;0;767;178;170;3.97;750;192;69;29.88;11.98;3.08;142;data;168;'-13;135;56;'-6;125;120;678;0;0;3.426;96.9;0.109;4.509;0;3;3300;3300
db_buhler_1_dsp;;1,5968E+18;14.32;1596.4;987; OK;0;1024;195592;32;2.8;3.1;2.8;2.9;20/07/2020 11:36;5.11;1.82;1.25;29;3.2;2.2;26.04;12.61;4.55;8.43;dsp_parametros_60.txt;1046;1014;38;29;53.2;38.1;59.3;22034;6.66;2517;632;53;186749;0;756;174;167;3.97;742;191;69;29.86;12;3.09;137;data;166;'-13;134;49;'-6;128;117;680;0;0;3.489;97;0.109;4.365;0;3;3300;3300
db_buhler_1_dsp;;1,5968E+18;14.19;1596.4;987; OK;0;1022;195275;33;2.6;2.8;2.7;2.7;18/07/2020 12:20;5.15;1.66;1.19;30;3.21;2.27;26.28;12.62;4.65;8.57;dsp_parametros_60.txt;1045;1012;37;28;54.1;39.1;59.1;22071;6.66;2200;630;53;186432;0;763;174;168;3.98;750;194;72;29.86;12.01;3.11;14;data;166;'-13;135;48;'-6;120;115;683;0;0;3.597;97.7;0.108;4.444;0;3;3300;3300
db_buhler_1_dsp;;1,5968E+18;14.12;1596.5;992;LOK;0;1024;195382;32;2.7;3;2.8;2.7;18/07/2020 15:24;5.15;1.76;1.25;29;3.19;2.13;25.58;12.62;4.61;8.3;dsp_parametros_60.txt;1046;1014;42;31;54.3;40.9;59.9;22016;6.7;2307;632;52.4;186539;0;767;177;170;3.93;750;193;68;29.88;12.05;3.09;121;data;170;'-13;135;57;'-6;122;121;673;0;0;3.547;96.8;0.108;4.335;0;3;3300;3300
db_buhler_1_dsp;;1,5968E+18;14.54;1596.4;987; OK;0;1022;195329;34;2.7;2.9;2.7;2.7;18/07/2020 13:47;5.15;1.82;1.24;29;3.2;2.13;26.28;12.6;4.54;8.35;dsp_parametros_60.txt;1046;1012;39;30;54;39.3;59.4;22089;6.64;2254;630;53;186486;0;767;176;169;3.98;750;192;70;29.64;11.99;3.08;68;data;168;'-13;135;53;'-6;125;119;683;0;0;3.472;96.8;0.108;4.591;0;3;3300;3300
db_buhler_1_dsp;;1,5968E+18;14.34;1596.4;986; OK;0;1022;195313;32;2.7;2.9;2.8;2.7;18/07/2020 13:22;5.15;1.81;1.24;31;3.2;2.11;26.1;12.61;4.57;8.36;dsp_parametros_60.txt;1044;1012;37;29;52.4;40.2;59.1;22043;6.64;2238;630;53;186470;0;766;176;169;3.98;752;193;69;29.88;11.99;3.11;52;data;168;'-13;135;51;'-6;124;119;681;0;0;3.507;97.2;0.108;4.225;0;3;3300;3300
db_buhler_1_dsp;;1,5968E+18;14.5;1596.4;987; OK;0;1022;195305;34;2.8;3;2.9;2.8;18/07/2020 13:09;5.15;1.78;1.25;29;3.2;2.13;26.28;12.61;4.57;8.38;dsp_parametros_60.txt;1046;1012;38;29;54.1;39.9;60.6;22027;6.7;2230;630;53;186462;0;767;176;169;3.97;750;190;70;29.62;12.04;3.04;44;data;168;'-13;135;51;'-6;124;118;678;0;0;3.521;97;0.108;4.653;0;3;3300;3300
db_buhler_1_dsp;;1,5968E+18;14.33;1596.5;987; OK;0;1024;195442;34;2.7;2.9;2.7;2.6;18/07/2020 17:01;5.15;1.81;1.24;28;3.19;2.04;26.08;12.62;4.44;8.36;dsp_parametros_60.txt;1047;1013;40;31;53.8;38.8;58.8;22086;6.66;2367;631;53.1;186599;0;769;178;170;3.98;750;192;68;29.94;12;3.05;181;data;168;'-13;136;56;'-6;126;120;673;0;0;3.374;97;0.109;4.336;0;3;3300;3300
db_buhler_1_dsp;;1,5968E+18;14.37;1596.2;986; OK;0;1019;195213;33;1.5;1.8;1.5;1.3;18/07/2020 07:25;5.15;1.74;1.24;33;3.22;2.3;25.98;12.61;4.68;8.59;dsp_parametros_60.txt;1042;1009;37;29;54.4;40.2;59.1;22117;6.8;2138;627;53.1;186370;0;762;171;163;3.98;750;192;72;29.7;12.15;3.05;46;data;166;'-13;135;41;'-6;122;116;680;0;0;3.613;97.1;0.107;4.583;0;3;3300;3300
db_buhler_1_dsp;;1,5968E+18;14.5;1596.5;987; OK;0;1024;195431;33;2.8;3;2.8;2.7;18/07/2020 16:43;5.15;1.82;1.23;28;3.19;2.08;26.08;12.62;4.52;8.38;dsp_parametros_60.txt;1047;1014;40;31;53.7;39.7;59.5;22080;6.7;2356;632;53;186588;0;768;178;171;3.98;750;191;70;29.9;12.06;3.07;170;data;168;'-13;135;56;'-6;126;120;675;0;0;3.459;97;0.109;4.555;0;3;3300;3300
db_buhler_1_dsp;;1,5968E+18;14.63;1596.2;987; OK;0;1020;195540;33;2.8;2.8;2.7;2.5;20/07/2020 08:09;5.15;1.79;1.24;31;3.2;2.18;26.22;12.62;4.55;8.36;dsp_parametros_60.txt;1044;1011;38;30;54.6;40.4;59.5;22058;6.68;2465;629;53.1;186697;0;763;172;164;3.98;750;192;72;29.62;12.04;3.06;85;data;166;'-13;135;46;'-6;129;118;675;0;0;3.486;97.1;0.108;4.642;0;3;3300;3300
db_buhler_1_dsp;;1,5968E+18;14.52;1596.5;987; OK;0;1022;195413;34;2.8;3;2.8;2.7;18/07/2020 16:14;5.15;1.84;1.25;29;3.19;2.07;26.3;12.62;4.48;8.37;dsp_parametros_60.txt;1046;1012;40;31;52.7;39.1;59.9;22102;6.66;2338;630;53;186570;0;767;178;171;3.97;750;193;69;29.62;12.01;3.05;152;data;167;'-13;135;56;'-6;126;120;672;0;0;3.424;97;0.109;4.444;0;3;3300;3300
db_buhler_1_dsp;;1,5968E+18;14.38;1596.2;988; OK;0;1022;195256;32;1.5;1.7;1.5;1.3;18/07/2020 08:35;5.18;1.77;1.23;31;3.19;2.15;26.14;12.62;4.6;8.74;dsp_parametros_60.txt;1044;1012;38;30;52;39.8;58.2;22256;6.74;2181;630;53.1;186413;0;763;172;165;3.98;751;192;73;29.9;12.1;3.12;89;data;165;'-13;135;49;'-6;123;118;676;0;0;3.546;97.7;0.107;4.338;0;3;3300;3300
db_buhler_1_dsp;;1,5968E+18;14.58;1596.2;988; OK;0;1022;195560;32;2.9;2.9;2.7;2.5;20/07/2020 08:41;5.15;1.82;1.24;31;3.2;2.16;26.24;12.62;4.52;8.4;dsp_parametros_60.txt;1044;1012;38;29;54.1;39.9;59.9;22028;6.74;2485;630;53.1;186717;0;764;172;165;3.98;750;193;71;30.24;12.09;3.07;105;data;166;'-13;135;47;'-6;130;118;672;0;0;3.455;97.5;0.108;4.371;0;3;3300;3300
db_buhler_1_dsp;;1,5968E+18;13.93;1596.2;986; OK;0;1022;195174;33;1.2;1.7;1.4;1.5;18/07/2020 06:22;5.15;1.59;1.14;30;3.31;3.41;25.96;12.62;4.88;8.24;dsp_parametros_60.txt;1045;1012;28;21;53;40.1;59.2;21887;6.72;2099;630;52.9;186331;0;754;171;164;3.96;750;190;73;29.94;12.18;3.13;7;data;156;'-13;135;34;'-6;106;101;685;0;0;3.815;97.5;0.108;4.559;0;3;3300;3300
db_buhler_1_dsp;;1,5968E+18;14.14;1596.4;987; OK;0;1023;195279;33;2.6;2.9;2.7;2.7;18/07/2020 12:27;5.15;1.77;1.25;29;3.21;2.24;25.9;12.61;4.64;8.37;dsp_parametros_60.txt;1046;1013;37;28;54.4;39.3;59.1;22062;6.64;2204;631;52.9;186436;0;764;175;168;3.96;750;196;69;30.16;11.98;3.05;18;data;166;'-13;135;50;'-6;121;115;683;0;0;3.573;97.3;0.108;4.53;0;3;3300;3300
db_buhler_1_dsp;;1,5968E+18;16.66;1596.2;987; OK;0;1021;195040;33;2.8;2.9;2.7;2.6;16/07/2020 08:21;5.15;1.81;1.25;31;3.24;2.1;28.3;12.61;4.57;8.62;dsp_parametros_60.txt;1044;1011;38;29;58.3;41.2;62.1;22054;6.7;1965;629;53;186197;0;763;171;164;3.98;750;190;64;29.96;12.12;1;75;data;171;'-13;118;152;123;114;119;685;0;0;3.504;97.6;0.107;4.514;0;3;3300;3300
db_buhler_1_dsp;;1,5968E+18;14.27;1596.1;987; OK;0;1021;195490;32;2.9;2.9;2.7;2.6;20/07/2020 06:48;5.15;1.67;1.19;31;3.23;2.42;26.34;12.61;4.68;8.34;dsp_parametros_60.txt;1044;1012;38;29;52.7;39.1;59.1;22106;6.74;2415;630;52.9;186647;0;760;170;163;3.97;751;195;73;29.54;12.1;3.13;35;data;167;'-13;136;37;'-6;127;115;688;0;0;3.614;97.1;0.108;4.512;0;3;3300;3300
db_buhler_1_dsp;;1,5968E+18;13.85;1596.3;987; OK;0;1021;195173;34;1.2;1.6;1.4;1.4;18/07/2020 06:20;5.15;1.59;1.14;31;3.31;3.43;25.88;12.62;4.88;8.71;dsp_parametros_60.txt;1044;1010;28;21;54.2;40;58.5;21924;6.64;2098;628;52.8;186330;0;754;171;164;3.96;751;191;78;30.2;12.09;3.14;6;data;155;'-13;135;33;'-6;103;98;685;0;0;3.82;97.9;0.108;4.668;0;3;3300;3300
db_buhler_1_dsp;;1,5968E+18;14.33;1596.5;987; OK;0;1024;195440;34;2.8;3;2.8;2.7;18/07/2020 16:58;5.14;1.85;1.25;28;3.19;2.08;26.1;12.61;4.52;8.38;dsp_parametros_60.txt;1047;1013;39;30;54.1;39.5;59.9;22064;6.64;2365;631;53;186597;0;767;178;170;3.98;750;191;69;29.58;12;3.03;179;data;168;'-13;135;56;'-6;126;120;676;0;0;3.464;96.6;0.108;4.535;0;3;3300;3300
db_buhler_1_dsp;;1,5968E+18;14.26;1596.2;987; OK;0;1022;195491;32;2.9;2.9;2.7;2.6;20/07/2020 06:49;5.14;1.68;1.19;31;3.22;2.41;26.3;12.62;4.69;8.38;dsp_parametros_60.txt;1044;1012;38;30;52.9;40.1;58.9;22087;6.62;2416;630;52.9;186648;0;760;170;163;3.97;749;193;74;29.92;11.97;3.14;36;data;167;'-13;136;37;'-6;127;116;688;0;0;3.624;97.4;0.108;4.48;0;3;3300;3300
db_buhler_1_dsp;;1,5968E+18;14.18;1596.3;986; OK;0;1022;195612;33;2.7;2.8;2.7;2.6;21/07/2020 05:59;5.11;1.63;1.2;30;3.25;2.62;26.28;12.61;4.76;8.38;dsp_parametros_60.txt;1045;1012;39;31;54.3;40.3;59.4;22054;6.82;2537;630;53;186769;0;748;171;164;3.97;733;192;73;29.64;12.21;3.11;12;data;165;'-13;132;34;'-6;123;114;685;0;0;3.692;97.3;0.108;4.77;0;3;3300;3300
db_buhler_1_dsp;;1,5968E+18;16.71;1596.3;986; OK;0;1020;195165;33;2.8;2.9;2.7;2.6;16/07/2020 15:06;5.15;1.8;1.25;31;3.24;2.01;28.16;12.61;4.47;8.44;dsp_parametros_60.txt;1044;1011;37;28;56.3;41.4;63.3;22065;6.72;2090;629;53.3;186322;0;766;174;166;3.99;751;193;64;29.7;12.12;0.99;53;data;171;'-13;118;153;123;115;120;681;0;0;3.407;97;0.108;4.594;0;3;3300;3300
db_buhler_1_dsp;;1,5968E+18;14.16;1596.2;986; OK;0;1020;195191;35;1.3;1.7;1.4;1.3;18/07/2020 06:49;5.15;1.62;1.1;31;3.26;2.63;26.28;12.61;4.78;8.3;dsp_parametros_60.txt;1044;1009;34;25;54.2;40;59.1;22025;6.82;2116;627;52.9;186348;0;757;171;163;3.96;750;190;78;29.64;12.23;3.13;24;data;165;'-13;135;37;'-6;119;114;684;0;0;3.712;97.3;0.107;4.79;0;3;3300;3300
db_buhler_1_dsp;;1,5968E+18;43.6;1596.5;930;BAD;0;1026;195113;21;3.3;3;3.3;2.9;16/07/2020 13:41;5.15;1.84;1.24;29;3.29;2.95;28.6;12.62;5.26;45.05;dsp_parametros_60.txt;1046;1025;39;29;0;0;'-0.1;22681;21.62;2038;643;25.7;186270;0;299;175;167;1.93;251;192;28;29.9;27.32;1.08;1;data;44;'-13;45;46;40;42;44;689;0;0;4.2;12235.8;0.201;5.112;0;3;3300;3300
db_buhler_1_dsp;;1,5968E+18;14.36;1596.3;987; OK;0;1021;195542;33;2.8;2.8;2.6;2.4;20/07/2020 08:12;5.15;1.8;1.24;31;3.2;2.14;26.24;12.62;4.5;8.49;dsp_parametros_60.txt;1044;1011;37;28;55.6;39.1;59.9;22040;6.68;2467;629;53.1;186699;0;764;172;164;3.98;751;193;73;29.32;12.03;3.04;87;data;166;'-13;135;46;'-6;130;118;675;0;0;3.44;96.8;0.108;4.515;0;3;3300;3300
db_buhler_1_dsp;;1,5968E+18;14.52;1596.2;988; OK;0;1022;195533;32;2.8;2.8;2.7;2.5;20/07/2020 07:57;5.14;1.83;1.24;31;3.2;2.16;26.14;12.6;4.52;8.32;dsp_parametros_60.txt;1044;1012;38;30;54.6;39.7;59.3;22025;6.68;2458;630;53.1;186690;0;764;171;164;3.98;749;193;71;29.94;12.03;3.11;78;data;166;'-13;135;45;'-6;129;117;675;0;0;3.461;97;0.108;4.272;0;3;3300;3300
db_buhler_1_dsp;;1,5968E+18;14.28;1596.5;987; OK;0;1024;195397;34;2.7;2.9;2.7;2.6;18/07/2020 15:48;5.15;1.8;1.25;28;3.19;2.08;26.02;12.61;4.46;8.29;dsp_parametros_60.txt;1047;1013;38;29;55;40.9;58.9;22048;6.68;2322;631;53.1;186554;0;769;178;170;3.98;751;193;69;29.58;12.04;3.09;136;data;167;'-13;135;56;'-6;125;119;676;0;0;3.408;96.7;0.109;4.511;0;3;3300;3300
db_buhler_1_dsp;;1,5968E+18;14.34;1596.5;987; OK;0;1023;195421;32;2.7;2.8;2.7;2.5;18/07/2020 16:27;5.15;1.82;1.24;29;3.19;2.11;26.12;12.62;4.48;8.32;dsp_parametros_60.txt;1046;1014;40;32;54.3;39.7;59.3;22108;6.68;2346;632;53;186578;0;768;178;171;3.97;749;195;70;30.18;12.02;3.09;160;data;167;'-13;135;56;'-6;126;120;673;0;0;3.418;97.3;0.109;4.212;0;3;3300;3300
db_buhler_1_dsp;;1,5968E+18;15.75;1596.4;986; OK;0;1022;195125;36;2.7;2.9;2.6;2.7;16/07/2020 14:01;5.15;1.76;1.25;29;3.26;2.21;27.54;12.62;4.76;8.44;dsp_parametros_60.txt;1046;1010;38;29;56.9;40.5;63.8;22102;6.72;2050;628;53;186282;0;761;172;165;3.97;751;193;72;30.16;12.13;1.01;13;data;169;'-13;116;151;121;110;115;686;0;0;3.697;97.1;0.108;4.874;0;3;3300;3300
db_buhler_1_dsp;;1,5968E+18;16.98;1596.2;986; OK;0;1020;195095;34;2.9;2.9;2.8;2.6;16/07/2020 09:50;5.15;1.83;1.24;31;3.23;2.05;28.52;12.61;4.57;7.94;dsp_parametros_60.txt;1044;1010;38;29;57.6;41.9;63.6;20902;6.76;2020;628;53.2;186252;0;765;172;165;3.99;750;193;63;29.96;12.17;1;130;data;172;'-13;118;153;123;115;121;687;0;0;3.508;97.4;0.107;4.782;0;3;3300;3300
db_buhler_1_dsp;;1,5968E+18;14.47;1596.2;987; OK;0;1022;195500;31;2.9;3;2.8;2.7;20/07/2020 07:04;5.15;1.7;1.25;32;3.21;2.29;26.54;12.62;4.63;8.57;dsp_parametros_60.txt;1043;1012;38;30;54.9;38.8;59.3;22083;6.66;2425;630;53.1;186657;0;762;171;163;3.98;750;191;72;29.9;12.01;3.09;45;data;166;'-13;135;39;'-6;128;116;678;0;0;3.566;97.7;0.108;4.185;0;3;3300;3300
db_buhler_1_dsp;;1,5968E+18;14.54;1596.2;987; OK;0;1020;195242;33;1.4;1.6;1.4;1.2;18/07/2020 08:12;5.15;1.79;1.24;32;3.2;2.17;25.92;12.62;4.59;8.42;dsp_parametros_60.txt;1043;1010;36;28;53.4;39.8;59.6;22018;6.72;2167;628;53.1;186399;0;763;172;164;3.98;750;190;72;29.9;12.07;3.06;75;data;165;'-13;136;47;'-6;123;117;675;0;0;3.529;96.9;0.107;4.397;0;3;3300;3300
db_buhler_1_dsp;;1,5968E+18;14.35;1596.5;988; OK;0;1025;195422;33;2.7;2.8;2.7;2.5;18/07/2020 16:29;5.15;1.81;1.24;27;3.19;2.07;26.12;12.61;4.48;8.33;dsp_parametros_60.txt;1048;1015;40;30;53.7;40.2;58.6;22125;6.64;2347;633;53.1;186579;0;767;178;171;3.98;749;191;68;29.9;12;3.1;161;data;167;'-13;135;56;'-6;126;120;673;0;0;3.412;97;0.109;4.312;0;3;3300;3300
db_buhler_1_dsp;;1,5968E+18;14.17;1596.3;986; OK;0;1022;195610;33;2.7;2.8;2.7;2.6;21/07/2020 05:55;5.11;1.65;1.25;30;3.25;2.69;26.28;12.61;4.78;8.52;dsp_parametros_60.txt;1045;1012;39;31;54.7;39.7;59.1;22132;6.82;2535;630;53;186767;0;747;171;164;3.97;740;191;74;29.88;12.22;3.15;10;data;165;'-13;132;34;'-6;123;113;686;0;0;3.719;97.8;0.108;4.806;0;3;3300;3300
db_buhler_1_dsp;;1,5968E+18;15.51;1596.5;987; OK;0;1022;195121;35;2.6;2.8;2.6;2.7;16/07/2020 13:55;5.15;1.78;1.26;30;3.26;2.32;27.48;12.62;4.84;8.41;dsp_parametros_60.txt;1045;1010;38;30;55.9;41.1;64.5;22056;6.68;2046;628;52.9;186278;0;760;172;165;3.97;750;193;81;29.94;12.09;1.02;9;data;169;'-13;116;149;121;108;113;686;0;0;3.778;96.7;0.108;4.909;0;3;3300;3300
db_buhler_1_dsp;;1,5968E+18;14.15;1596.2;986; OK;0;1021;195484;33;2.8;2.9;2.7;2.6;20/07/2020 06:38;5.15;1.68;1.2;31;3.23;2.48;26.4;12.62;4.72;8.32;dsp_parametros_60.txt;1044;1011;36;28;54.2;40.1;59.6;22062;6.72;2409;629;52.9;186641;0;759;170;163;3.97;750;191;74;29.64;12.09;3.09;29;data;165;'-13;134;36;'-6;121;115;687;0;0;3.66;97.5;0.108;4.666;0;3;3300;3300
db_buhler_1_dsp;;1,5968E+18;16.25;1596.2;986; OK;0;1021;195014;33;2.9;3;2.8;2.7;16/07/2020 07:25;5.15;1.81;1.25;31;3.25;2.21;28.1;12.61;4.64;8.76;dsp_parametros_60.txt;1044;1011;34;25;57.4;40.4;62.7;22069;6.64;1939;629;53.3;186171;0;761;170;162;4;749;190;64;29.92;12.06;1.01;49;data;170;'-13;116;151;122;112;118;686;0;0;3.574;97.7;0.108;4.666;0;3;3300;3300
db_buhler_1_dsp;;1,5968E+18;14.39;1596.3;987; OK;0;1022;195549;32;2.8;2.8;2.6;2.4;20/07/2020 08:23;5.15;1.82;1.24;31;3.2;2.18;26.18;12.61;4.53;8.51;dsp_parametros_60.txt;1044;1012;39;30;56.5;39.3;58.9;22050;6.6;2474;630;53.1;186706;0;763;172;164;3.98;750;193;71;29.64;11.95;3.11;94;data;167;'-13;136;46;'-6;130;118;676;0;0;3.464;96.9;0.108;4.261;0;3;3300;3300
db_buhler_1_dsp;;1,5968E+18;14.39;1596.5;987; OK;0;1023;195416;32;2.7;2.9;2.7;2.6;18/07/2020 16:19;5.15;1.82;1.25;30;3.18;2.07;26.14;12.61;4.48;8.33;dsp_parametros_60.txt;1045;1013;38;29;54;40.2;59.3;21980;6.66;2341;631;53;186573;0;769;178;171;3.98;750;190;69;29.7;12;3.09;155;data;168;'-13;135;56;'-6;126;120;673;0;0;3.412;96.9;0.109;4.088;0;3;3300;3300
db_buhler_1_dsp;;1,5968E+18;14.41;1596.5;987; OK;0;1024;195436;33;2.8;3;2.8;2.7;18/07/2020 16:51;5.15;1.86;1.24;28;3.19;2.07;26.24;12.6;4.47;8.41;dsp_parametros_60.txt;1047;1014;38;29;52.4;40.3;59.4;22030;6.68;2361;632;53;186593;0;769;178;171;3.98;750;193;68;30.12;12.02;3.06;175;data;168;'-13;135;56;'-6;126;120;676;0;0;3.402;97.3;0.109;4.296;0;3;3300;3300
db_buhler_1_dsp;;1,5968E+18;13.76;1596.3;996;LOK;0;1026;195459;35;2.7;2.8;2.6;2.8;20/07/2020 05:57;5.15;1.51;1.14;26;3.3;3.4;25.48;12.62;5.15;8.6;dsp_parametros_60.txt;1049;1014;27;19;53.5;39.8;57.9;21941;7.84;2384;632;50.6;186616;0;754;171;163;3.79;750;191;77;29.94;13.29;3.16;4;data;152;'-13;111;30;'-6;93;94;686;0;0;4.087;98.8;0.111;4.921;0;3;3300;3300
db_buhler_1_dsp;;1,5968E+18;16.87;1596.3;986; OK;0;1021;195104;33;2.9;2.9;2.7;2.5;16/07/2020 10:05;5.14;1.84;1.25;31;3.23;2.04;28.48;12.62;4.61;7.89;dsp_parametros_60.txt;1044;1011;38;29;57.6;40.7;63.6;20883;6.72;2029;629;53.1;186261;0;763;172;165;3.98;750;192;64;29.96;12.13;1;139;data;172;'-13;118;153;123;115;121;683;0;0;3.55;97.5;0.108;4.561;0;3;3300;3300
db_buhler_1_dsp;;1,5968E+18;14.02;1596.2;987; OK;0;1023;195181;33;1.3;1.7;1.4;1.4;18/07/2020 06:33;5.15;1.61;1.13;29;3.28;2.75;26.14;12.62;4.88;8.3;dsp_parametros_60.txt;1046;1013;31;23;52.3;39.3;58.8;22005;6.62;2106;631;53;186338;0;755;170;163;3.97;751;192;72;29.86;12.06;3.17;14;data;155;'-13;135;36;'-6;115;109;683;0;0;3.812;97.4;0.108;4.768;0;3;3300;3300
db_buhler_1_dsp;;1,5968E+18;17.02;1596.2;986; OK;0;1020;195105;34;2.9;2.9;2.8;2.6;16/07/2020 10:06;5.15;1.85;1.24;31;3.23;2.06;28.74;12.62;4.58;7.93;dsp_parametros_60.txt;1044;1010;38;29;56.7;41.8;63.4;21409;6.74;2030;628;53.2;186262;0;765;172;165;3.99;750;193;63;29.48;12.15;1;140;data;172;'-12;118;154;123;115;121;683;0;0;3.525;97;0.107;4.861;0;3;3300;3300
db_buhler_1_dsp;;1,5968E+18;16.23;1596.2;986; OK;0;1022;195053;34;2.8;2.9;2.8;2.6;16/07/2020 08:42;5.15;1.83;1.24;30;3.23;2.09;27.92;12.62;4.64;8.43;dsp_parametros_60.txt;1045;1011;38;30;56.7;42.6;63.4;22066;6.72;1978;629;53.1;186210;0;763;171;164;3.98;750;190;62;29.94;12.13;1;88;data;172;'-13;118;153;124;115;120;686;0;0;3.581;97;0.108;4.756;0;3;3300;3300
db_buhler_1_dsp;;1,5968E+18;14.44;1596.3;988; OK;0;1022;195550;33;2.9;2.9;2.7;2.5;20/07/2020 08:25;5.15;1.82;1.24;30;3.2;2.13;26.24;12.61;4.53;8.37;dsp_parametros_60.txt;1045;1012;40;31;54.3;41.2;59.4;22003;6.76;2475;630;53;186707;0;764;172;164;3.98;751;193;71;29.68;12.1;3.05;95;data;167;'-13;135;46;'-6;130;118;678;0;0;3.468;96.9;0.108;4.59;0;3;3300;3300
db_buhler_1_dsp;;1,5968E+18;14.32;1596.2;988; OK;0;1022;195526;32;2.9;2.8;2.6;2.5;20/07/2020 07:46;5.15;1.8;1.24;31;3.2;2.2;26.28;12.62;4.55;8.34;dsp_parametros_60.txt;1044;1012;37;29;54;40.3;59.6;22044;6.66;2451;630;53;186683;0;763;171;164;3.98;750;194;71;29.88;12.02;3.11;71;data;167;'-13;136;44;'-6;130;117;683;0;0;3.491;97.3;0.108;4.32;0;3;3300;3300
db_buhler_1_dsp;;1,5968E+18;16.6;1596.2;987; OK;0;1021;195091;34;2.9;2.9;2.7;2.6;16/07/2020 09:43;5.15;1.83;1.25;30;3.23;2.06;28.4;12.6;4.6;8.24;dsp_parametros_60.txt;1045;1011;40;31;56.6;40.5;63.5;21139;6.68;2016;629;53.1;186248;0;764;172;165;3.98;750;191;63;29.62;12.09;1;126;data;173;'-13;118;154;123;115;121;686;0;0;3.541;97;0.107;4.829;0;3;3300;3300
db_buhler_1_dsp;;1,5968E+18;13.97;1596.4;986; OK;0;1025;195601;33;2.7;2.9;2.7;2.8;21/07/2020 05:41;5.11;1.59;1.12;28;3.29;3.26;26.1;12.61;4.82;8.4;dsp_parametros_60.txt;1047;1014;36;29;54.5;40.1;59.4;22059;6.62;2526;632;53;186758;0;745;172;165;3.97;742;192;75;29.6;12.06;3.17;1;data;159;'-13;129;31;'-6;108;100;685;0;0;3.761;97.1;0.109;4.534;0;3;3300;3300
db_buhler_1_dsp;;1,5968E+18;16.81;1596.3;987; OK;0;1021;195107;33;2.8;2.9;2.7;2.5;16/07/2020 10:09;5.15;1.82;1.24;31;3.23;2.05;28.7;12.61;4.59;7.88;dsp_parametros_60.txt;1044;1011;39;30;57.5;40.4;63.1;21392;6.7;2032;629;53.1;186264;0;764;172;165;3.98;750;193;65;29.68;12.1;1;142;data;172;'-13;118;153;122;115;121;684;0;0;3.526;97.2;0.108;4.484;0;3;3300;3300
db_buhler_1_dsp;;1,5968E+18;14.42;1596.4;988; OK;0;1023;195310;33;2.7;2.9;2.8;2.7;18/07/2020 13:17;5.15;1.8;1.25;29;3.2;2.12;26.34;12.62;4.55;8.35;dsp_parametros_60.txt;1046;1013;38;29;53.8;38.6;59.7;22072;6.66;2235;631;52.9;186467;0;768;176;169;3.97;750;193;69;29.98;12;3.03;49;data;168;'-13;135;51;'-6;125;119;681;0;0;3.491;97.4;0.108;4.434;0;3;3300;3300
db_buhler_1_dsp;;1,5968E+18;14.42;1596.4;987; OK;0;1022;195294;32;2.8;3;2.9;2.8;18/07/2020 12:51;5.15;1.8;1.24;31;3.19;2.14;26.02;12.61;4.59;8.4;dsp_parametros_60.txt;1044;1012;37;29;53.9;39;60.4;22033;6.7;2219;630;53;186451;0;765;175;168;3.97;750;192;69;29.6;12.04;3.04;33;data;168;'-13;136;51;'-6;124;118;683;0;0;3.522;96.9;0.108;4.286;0;3;3300;3300
db_buhler_1_dsp;;1,5968E+18;15.97;1596.4;988; OK;0;1023;195130;34;2.7;2.9;2.6;2.6;16/07/2020 14:09;5.15;1.78;1.24;29;3.25;2.17;27.88;12.62;4.6;8.43;dsp_parametros_60.txt;1046;1012;37;28;58.2;41.5;64.1;22052;6.88;2055;630;53;186287;0;764;172;166;3.97;750;190;76;29.86;12.29;1;18;data;170;'-13;116;151;121;111;117;686;0;0;3.538;97.1;0.108;4.603;0;3;3300;3300
db_buhler_1_dsp;;1,5968E+18;16.93;1596.2;986; OK;0;1020;195106;34;2.9;2.9;2.8;2.6;16/07/2020 10:08;5.15;1.86;1.25;31;3.23;2.04;28.8;12.61;4.58;7.87;dsp_parametros_60.txt;1044;1010;38;29;55.3;40.4;62.6;21372;6.64;2031;628;53.2;186263;0;765;172;165;3.99;750;193;63;29.92;12.05;1;141;data;172;'-13;118;153;123;115;121;684;0;0;3.516;97.4;0.107;4.76;0;3;3300;3300
db_buhler_1_dsp;;1,5968E+18;14.34;1596.2;986; OK;0;1020;195225;32;1.3;1.6;1.4;1.2;18/07/2020 07:45;5.15;1.78;1.24;33;3.21;2.22;26.12;12.61;4.65;8.71;dsp_parametros_60.txt;1042;1010;36;28;53.1;40.2;58.1;22054;6.76;2150;628;53.1;186382;0;763;171;164;3.98;751;191;70;29.94;12.11;3.07;58;data;165;'-13;135;45;'-6;122;117;681;0;0;3.581;97.7;0.107;4.368;0;3;3300;3300
db_buhler_1_dsp;;1,5968E+18;14.05;1596.2;986; OK;0;1021;195182;34;1.3;1.7;1.5;1.4;18/07/2020 06:35;5.14;1.62;1.13;31;3.3;2.71;26.14;12.62;4.83;8.22;dsp_parametros_60.txt;1044;1010;31;23;53.7;39.7;58.3;22073;6.68;2107;628;52.9;186339;0;754;171;163;3.97;751;191;73;29.92;12.09;3.12;15;data;155;'-13;135;36;'-6;116;110;684;0;0;3.764;97.4;0.108;4.852;0;3;3300;3300
db_buhler_1_dsp;;1,5968E+18;15.79;1596.2;986; OK;0;1021;195009;34;2.9;3;2.8;2.8;16/07/2020 07:17;5.15;1.79;1.26;31;3.26;2.26;27.82;12.62;4.66;8.47;dsp_parametros_60.txt;1044;1010;33;24;57.6;40.8;63;22031;6.74;1934;628;53.2;186166;0;760;170;162;3.99;749;189;63;29.64;12.15;1.01;44;data;169;'-13;116;151;121;112;117;683;0;0;3.597;96.8;0.108;4.755;0;3;3300;3300
db_buhler_1_dsp;;1,5968E+18;14.22;1596.5;988; OK;0;1023;195579;33;2.7;3.1;2.8;3;20/07/2020 11:15;5.11;1.76;1.24;29;3.2;2.26;25.96;12.61;4.57;8.42;dsp_parametros_60.txt;1046;1013;41;32;54.3;40;59.2;22016;6.64;2504;631;53;186736;0;755;173;167;3.98;741;190;71;29.9;12;3.12;124;data;169;'-13;135;49;'-6;124;114;678;0;0;3.52;96.9;0.109;4.416;0;3;3300;3300
db_buhler_1_dsp;;1,5968E+18;16.51;1596.2;987; OK;0;1022;195059;34;2.8;2.9;2.8;2.6;16/07/2020 08:52;5.15;1.83;1.24;30;3.22;2.08;28.38;12.62;4.63;8.41;dsp_parametros_60.txt;1045;1011;38;29;56.4;41;61.5;22081;6.7;1984;629;53.1;186216;0;764;171;164;3.98;750;192;62;30.18;12.11;1;94;data;172;'-13;118;153;123;115;120;687;0;0;3.564;97.6;0.108;4.662;0;3;3300;3300
db_buhler_1_dsp;;1,5968E+18;14.54;1596.3;986; OK;0;1021;195551;33;2.8;2.9;2.6;2.5;20/07/2020 08:27;5.16;1.87;1.25;31;3.2;2.15;26.26;12.62;4.49;8.37;dsp_parametros_60.txt;1044;1011;40;31;55.5;40.1;59.7;22072;6.66;2476;629;53.1;186708;0;765;172;164;3.98;750;192;71;29.94;12.01;3.08;96;data;167;'-13;136;47;'-6;130;118;678;0;0;3.434;97.3;0.108;4.487;0;3;3300;3300
db_buhler_1_dsp;;1,5968E+18;14.35;1596.2;987; OK;0;1020;195208;32;1.3;1.7;1.4;1.3;18/07/2020 07:17;5.14;1.63;1.25;33;3.21;2.33;26.26;12.61;4.69;8.38;dsp_parametros_60.txt;1042;1010;37;28;54;39.7;58.4;22026;6.66;2133;628;53;186365;0;761;171;163;3.97;750;189;72;29.88;12.03;3.07;41;data;165;'-13;135;40;'-7;122;116;680;0;0;3.621;97.5;0.107;4.406;0;3;3300;3300
db_buhler_1_dsp;;1,5968E+18;14.33;1596.2;987; OK;0;1022;195259;33;1.4;1.7;1.4;1.2;18/07/2020 08:40;5.15;1.78;1.24;31;3.19;2.15;26.1;12.61;4.58;8.59;dsp_parametros_60.txt;1044;1011;38;29;53;39.3;58.9;22050;6.74;2184;629;53.1;186416;0;764;172;165;3.98;750;191;70;29.96;12.09;3.04;92;data;166;'-13;135;49;'-6;123;118;678;0;0;3.524;97.3;0.107;4.432;0;3;3300;3300
db_buhler_1_dsp;;1,5968E+18;14.39;1596.3;987; OK;0;1020;195258;32;1.4;1.7;1.4;1.2;18/07/2020 08:38;5.11;1.77;1.24;33;3.19;2.16;26.06;12.61;4.57;8.48;dsp_parametros_60.txt;1042;1010;39;30;53.9;40.2;59.8;22049;6.68;2183;628;53.1;186415;0;765;172;165;3.98;752;191;71;29.64;12.03;3.05;91;data;166;'-13;135;49;'-6;123;118;676;0;0;3.51;96.9;0.107;4.246;0;3;3300;3300
db_buhler_1_dsp;;1,5968E+18;16.58;1596.2;986; OK;0;1020;195054;34;2.8;2.8;2.7;2.5;16/07/2020 08:44;5.14;1.82;1.24;32;3.24;2.07;27.9;12.61;4.63;8.39;dsp_parametros_60.txt;1043;1009;38;30;57.5;40.1;64.1;22050;6.7;1979;627;53.1;186211;0;763;171;164;3.98;750;192;63;29.94;12.1;0.99;89;data;172;'-13;118;153;123;115;120;686;0;0;3.568;96.9;0.107;4.848;0;3;3300;3300
db_buhler_1_dsp;;1,5968E+18;16.55;1596.2;987; OK;0;1021;195044;34;2.8;2.9;2.7;2.6;16/07/2020 08:27;5.15;1.82;1.25;30;3.25;2.11;28.32;12.62;4.6;8.37;dsp_parametros_60.txt;1045;1011;38;30;57.1;41;63.1;22063;6.7;1969;629;53;186201;0;763;171;164;3.98;750;190;64;29.96;12.11;1;79;data;172;'-13;118;153;123;115;120;688;0;0;3.546;97.3;0.108;4.782;0;3;3300;3300
db_buhler_1_dsp;;1,5968E+18;16.87;1596.3;986; OK;0;1021;195071;34;2.8;2.8;2.7;2.5;16/07/2020 09:11;5.15;1.84;1.24;31;3.24;2.08;28.56;12.61;4.6;8.2;dsp_parametros_60.txt;1044;1010;38;29;56.6;42.5;63.2;20796;6.68;1996;628;53.2;186228;0;764;172;164;3.99;751;192;62;30;12.09;1;106;data;171;'-13;118;153;123;115;120;683;0;0;3.532;97.4;0.107;4.734;0;3;3300;3300
db_buhler_1_dsp;;1,5968E+18;13.91;1596.5;995;LOK;0;1024;195381;34;2.7;2.9;2.7;2.7;18/07/2020 15:22;5.15;1.58;1.25;29;3.19;2.1;25.14;12.61;4.85;8.41;dsp_parametros_60.txt;1046;1012;47;33;54;40.1;59.9;22019;8.08;2306;630;50.8;186538;0;765;178;169;3.81;751;191;65;29.9;13.44;3.11;120;data;169;'-13;123;58;'-6;122;125;673;0;0;3.786;97.8;0.11;4.622;0;3;3300;3300
db_buhler_1_dsp;;1,5968E+18;14.22;1596.2;986; OK;0;1020;195183;33;1.3;1.7;1.4;1.4;18/07/2020 06:36;5.15;1.61;1.12;31;3.31;2.84;26.14;12.62;4.82;8.24;dsp_parametros_60.txt;1044;1011;32;24;55;39.2;59.1;22091;6.68;2108;629;52.9;186340;0;756;171;163;3.97;750;195;73;29.9;12.09;3.1;16;data;156;'-13;135;36;'-6;116;110;683;0;0;3.758;97.5;0.108;4.864;0;3;3300;3300
db_buhler_1_dsp;;1,5968E+18;14.13;1596.3;987; OK;0;1024;195607;33;2.8;2.9;2.8;2.7;21/07/2020 05:50;5.11;1.61;1.12;29;3.26;2.75;26.24;12.62;4.79;8.37;dsp_parametros_60.txt;1046;1013;39;31;56.1;40.2;59.9;22014;6.64;2532;631;53;186764;0;746;172;165;3.97;740;191;76;29.54;12.04;3.08;7;data;164;'-13;132;33;'-6;120;110;686;0;0;3.724;97;0.109;4.547;0;3;3300;3300
db_buhler_1_dsp;;1,5968E+18;16.73;1596.2;987; OK;0;1022;195060;33;2.8;2.9;2.7;2.6;16/07/2020 08:53;5.14;1.82;1.25;30;3.24;2.08;28.24;12.61;4.58;8.42;dsp_parametros_60.txt;1045;1012;39;30;57.9;40.6;63.4;21962;6.74;1985;630;53.1;186217;0;764;171;164;3.98;750;195;62;30.22;12.15;0.99;95;data;171;'-13;117;153;123;115;120;686;0;0;3.513;97.5;0.108;4.796;0;3;3300;3300
db_buhler_1_dsp;;1,5968E+18;14.15;1596.2;987; OK;0;1024;195477;33;2.9;2.9;2.7;2.7;20/07/2020 06:27;5.15;1.64;1.2;29;3.24;2.62;26.28;12.61;4.77;8.37;dsp_parametros_60.txt;1046;1013;34;26;54.1;39.9;58.9;22094;6.66;2402;631;53;186634;0;757;170;163;3.97;751;192;73;29.66;12.06;3.08;22;data;164;'-13;134;34;'-6;119;113;686;0;0;3.709;97.4;0.109;4.543;0;3;3300;3300
db_buhler_1_dsp;;1,5968E+18;14.34;1596.5;987; OK;0;1023;195367;33;2.7;2.9;2.7;2.7;18/07/2020 14:49;5.16;1.8;1.23;29;3.19;2.09;26.02;12.62;4.5;8.33;dsp_parametros_60.txt;1046;1013;38;29;53.2;41.2;59;22006;6.72;2292;631;53;186524;0;767;177;170;3.98;751;193;70;29.6;12.07;3.03;106;data;168;'-13;136;55;'-7;125;120;680;0;0;3.437;96.8;0.108;4.269;0;3;3300;3300
db_buhler_1_dsp;;1,5968E+18;14.3;1596.3;987; OK;0;1022;195554;32;2.9;2.9;2.7;2.5;20/07/2020 08:31;5.16;1.83;1.24;31;3.2;2.15;26.24;12.62;4.57;8.34;dsp_parametros_60.txt;1044;1012;38;29;55.1;40.6;60.6;21984;6.66;2479;630;53.1;186711;0;764;172;164;3.98;750;191;71;29.32;12;3.08;99;data;168;'-13;136;47;'-6;130;118;680;0;0;3.505;96.5;0.108;4.311;0;3;3300;3300
db_buhler_1_dsp;;1,5968E+18;16.19;1596.4;987; OK;0;1022;195129;34;2.7;2.9;2.7;2.7;16/07/2020 14:07;5.15;1.79;1.24;30;3.25;2.17;27.76;12.61;4.71;8.41;dsp_parametros_60.txt;1045;1011;36;27;57.6;40.4;62.6;22031;6.66;2054;629;53.1;186286;0;764;172;166;3.98;750;194;73;29.9;12.08;1.01;17;data;170;'-13;116;151;121;111;116;685;0;0;3.642;97;0.108;4.696;0;3;3300;3300
db_buhler_1_dsp;;1,5968E+18;13.95;1596.2;986; OK;0;1023;195467;34;2.8;2.9;2.7;2.8;20/07/2020 06:10;5.15;1.64;1.2;29;3.28;2.82;26.18;12.61;4.84;8.34;dsp_parametros_60.txt;1046;1012;31;23;53.2;39.3;59.2;22100;6.84;2392;630;53;186624;0;755;170;164;3.97;752;191;80;29.7;12.26;3.12;12;data;162;'-13;132;32;'-6;114;108;685;0;0;3.773;97.4;0.108;4.699;0;3;3300;3300
db_buhler_1_dsp;;1,5968E+18;14.25;1596.1;987; OK;0;1021;195199;33;1.4;1.7;1.5;1.4;18/07/2020 07:02;5.15;1.61;1.1;32;3.23;2.48;26.34;12.61;4.76;8.3;dsp_parametros_60.txt;1043;1010;35;27;53.3;38.8;59.5;21936;6.7;2124;628;52.9;186356;0;758;171;163;3.97;752;192;74;29.6;12.07;3.12;32;data;165;'-13;136;39;'-6;121;115;678;0;0;3.693;97.4;0.108;4.553;0;3;3300;3300
db_buhler_1_dsp;;1,5968E+18;14.54;1596.5;994;LOK;0;1025;195116;36;2.6;2.9;2.6;2.8;16/07/2020 13:46;5.15;1.49;1.19;27;3.28;2.45;25.48;12.62;5.09;8.43;dsp_parametros_60.txt;1048;1012;37;28;56.4;41.5;63;22003;8.58;2041;630;50.9;186273;0;757;171;164;3.81;750;192;60;29.94;14.01;1.03;4;data;169;'-13;104;149;142;102;109;686;0;0;4.021;97;0.111;5.13;0;3;3300;3300
db_buhler_1_dsp;;1,5968E+18;14.4;1596.5;987; OK;0;1024;195424;33;2.7;2.9;2.7;2.6;18/07/2020 16:32;5.15;1.82;1.24;29;3.19;2.08;26.28;12.62;4.45;8.36;dsp_parametros_60.txt;1046;1013;38;29;54;38.5;59.1;21989;6.84;2349;631;53;186581;0;768;178;171;3.98;750;190;69;30.16;12.19;3.1;163;data;167;'-13;135;56;'-6;126;120;673;0;0;3.386;97.5;0.109;4.221;0;3;3300;3300
db_buhler_1_dsp;;1,5968E+18;14.54;1596.1;987; OK;0;1021;195502;33;2.9;2.9;2.8;2.6;20/07/2020 07:07;5.15;1.8;1.25;31;3.21;2.28;26.36;12.62;4.63;8.58;dsp_parametros_60.txt;1044;1011;37;29;55;38.7;59.1;22053;6.74;2427;629;53;186659;0;763;171;163;3.98;750;194;73;29.96;12.1;3.09;47;data;166;'-13;134;40;'-6;128;116;678;0;0;3.571;97.8;0.108;4.584;0;3;3300;3300
db_buhler_1_dsp;;1,5968E+18;14.26;1596.2;987; OK;0;1023;195492;33;2.8;2.8;2.6;2.6;20/07/2020 06:51;5.15;1.66;1.18;29;3.21;2.42;26.28;12.62;4.65;8.39;dsp_parametros_60.txt;1046;1013;39;30;54.3;39.6;59.7;22077;6.58;2417;631;53;186649;0;760;170;163;3.97;753;193;70;30.18;11.92;3.08;37;data;166;'-13;135;37;'-6;128;116;688;0;0;3.6;97.5;0.108;4.504;0;3;3300;3300
db_buhler_1_dsp;;1,5968E+18;14.35;1596.4;987; OK;0;1023;195354;34;2.7;2.9;2.8;2.7;18/07/2020 14:28;5.15;1.82;1.24;29;3.2;2.09;26.26;12.62;4.53;8.41;dsp_parametros_60.txt;1046;1012;38;29;53.8;38.9;59.1;22031;6.84;2279;630;53;186511;0;767;177;170;3.98;750;193;69;29.94;12.2;3.05;93;data;168;'-13;135;54;'-6;125;120;678;0;0;3.466;97.5;0.108;4.524;0;3;3300;3300
db_buhler_1_dsp;;1,5968E+18;14.12;1596.2;986; OK;0;1024;195469;34;2.8;2.9;2.7;2.7;20/07/2020 06:14;5.15;1.63;1.21;28;3.26;2.77;26.22;12.62;4.82;8.34;dsp_parametros_60.txt;1047;1013;32;24;54.9;40.5;60.2;21969;6.68;2394;631;53;186626;0;755;170;164;3.97;751;191;71;29.98;12.09;3.09;14;data;162;'-13;133;32;'-6;115;109;685;0;0;3.76;97.8;0.109;4.867;0;3;3300;3300
db_buhler_1_dsp;;1,5968E+18;14.45;1596.5;986; OK;0;1022;195400;34;2.8;3;2.8;2.7;18/07/2020 15:53;5.15;1.82;1.24;29;3.19;2.09;26.18;12.61;4.48;8.34;dsp_parametros_60.txt;1046;1012;39;30;55.4;40.2;58.9;22066;6.7;2325;630;53;186557;0;768;178;170;3.98;750;192;70;30.18;12.05;3.02;139;data;168;'-13;136;56;'-6;125;120;676;0;0;3.419;97.2;0.108;4.57;0;3;3300;3300
db_buhler_1_dsp;;1,5968E+18;14.23;1596.2;987; OK;0;1022;195486;34;2.8;2.8;2.7;2.6;20/07/2020 06:41;5.15;1.66;1.2;29;3.23;2.5;26.24;12.62;4.7;8.37;dsp_parametros_60.txt;1046;1012;37;29;54.1;39.2;59;22058;6.66;2411;630;53;186643;0;758;170;163;3.98;751;193;73;29.66;12.02;3.11;31;data;165;'-13;135;36;'-6;124;115;688;0;0;3.637;97.2;0.109;4.743;0;3;3300;3300
db_buhler_1_dsp;;1,5968E+18;15.69;1596.2;986; OK;0;1020;194990;34;2.9;3.1;2.8;2.9;16/07/2020 06:46;5.15;1.74;1.27;32;3.29;2.58;27.5;12.62;4.8;8.47;dsp_parametros_60.txt;1043;1009;29;20;57.8;41.5;63.3;22091;6.68;1915;627;53;186147;0;755;169;162;3.98;751;191;72;29.9;12.13;1.03;25;data;167;'-13;114;149;119;109;114;685;0;0;3.745;97;0.108;4.834;0;3;3300;3300
db_buhler_1_dsp;;1,5968E+18;14.39;1596.5;987; OK;0;1024;195446;33;2.7;2.9;2.7;2.6;18/07/2020 17:07;5.15;1.82;1.25;28;3.18;2.05;26.14;12.62;4.52;8.34;dsp_parametros_60.txt;1047;1014;38;29;53.7;40.3;58.6;22059;6.64;2371;632;53;186603;0;769;178;170;3.98;750;193;69;29.62;11.98;3.11;185;data;168;'-13;135;57;'-7;126;120;672;0;0;3.454;96.7;0.109;4.29;0;3;3300;3300
db_buhler_1_dsp;;1,5968E+18;14.45;1596.5;987; OK;0;1024;195445;33;2.7;2.9;2.8;2.6;18/07/2020 17:06;5.11;1.84;1.25;28;3.19;2.07;26.14;12.61;4.46;8.38;dsp_parametros_60.txt;1047;1014;38;29;53.9;40.6;60;22044;6.62;2370;632;53.1;186602;0;769;178;170;3.98;750;192;69;29.68;11.95;3.04;184;data;168;'-13;136;57;'-6;126;120;671;0;0;3.396;96.6;0.109;4.254;0;3;3300;3300
db_buhler_1_dsp;;1,5968E+18;14.58;1596.4;987; OK;0;1022;195301;34;2.8;3;2.9;2.8;18/07/2020 13:02;5.15;1.78;1.25;29;3.2;2.14;26.2;12.61;4.56;8.39;dsp_parametros_60.txt;1046;1012;39;30;55;39.7;59.7;22037;6.7;2226;630;53;186458;0;765;175;168;3.97;750;194;69;29.98;12.04;3.05;40;data;168;'-13;135;51;'-6;124;119;684;0;0;3.501;97.4;0.108;4.606;0;3;3300;3300
db_buhler_1_dsp;;1,5968E+18;16.18;1596.2;986; OK;0;1021;195030;34;2.9;3;2.8;2.7;16/07/2020 08:05;5.15;1.82;1.24;31;3.24;2.15;27.92;12.62;4.63;8.39;dsp_parametros_60.txt;1044;1010;36;27;57.3;41.2;63.6;22055;6.7;1955;628;53.1;186187;0;763;171;163;3.98;750;189;63;29.96;12.12;1;65;data;170;'-13;117;152;123;113;118;683;0;0;3.569;97;0.108;4.6;0;3;3300;3300
db_buhler_1_dsp;;1,5968E+18;14.25;1596.5;987; OK;0;1022;195375;33;2.8;3;2.8;2.7;18/07/2020 15:02;5.15;1.82;1.25;30;3.19;2.09;26.08;12.61;4.51;8.37;dsp_parametros_60.txt;1045;1012;38;29;53.7;40.7;60.3;22070;6.66;2300;630;53;186532;0;766;177;170;3.97;750;192;70;29.54;12.01;3.08;114;data;169;'-13;136;55;'-6;126;120;673;0;0;3.461;96.5;0.108;4.376;0;3;3300;3300
db_buhler_1_dsp;;1,5968E+18;14.46;1596.5;987; OK;0;1023;195426;33;2.8;3;2.8;2.7;18/07/2020 16:35;5.15;1.83;1.24;29;3.19;2.07;26.22;12.62;4.47;8.36;dsp_parametros_60.txt;1046;1013;38;29;53.3;40.1;59.8;22033;6.62;2351;631;53;186583;0;769;178;171;3.97;750;192;70;29.58;11.97;3.04;165;data;167;'-13;135;56;'-6;126;120;673;0;0;3.404;96.6;0.108;4.262;0;3;3300;3300
db_buhler_1_dsp;;1,5968E+18;16.13;1596.3;986; OK;0;1020;195037;33;2.8;2.9;2.7;2.6;16/07/2020 08:16;5.15;1.82;1.25;32;3.23;2.11;28.02;12.61;4.65;8.39;dsp_parametros_60.txt;1043;1010;37;29;55.8;41.7;62.5;22101;6.7;1962;628;53;186194;0;762;171;164;3.98;751;190;64;30.24;12.13;1;72;data;171;'-13;118;152;123;114;119;684;0;0;3.584;97.3;0.108;4.614;0;3;3300;3300
db_buhler_1_dsp;;1,5968E+18;16.44;1596.4;986; OK;0;1020;195144;34;2.8;3;2.7;2.6;16/07/2020 14:32;5.15;1.83;1.25;31;3.24;2.11;28.46;12.61;4.53;8.45;dsp_parametros_60.txt;1044;1010;39;31;56.1;41.7;63.7;22044;6.68;2069;628;53.2;186301;0;764;173;166;3.99;749;191;67;29.88;12.1;0.99;32;data;172;'-13;117;152;123;114;120;687;0;0;3.47;97.4;0.108;4.575;0;3;3300;3300
db_buhler_1_dsp;;1,5968E+18;14.31;1596.6;964;OUT;0;972;195454;75;2.6;2.8;2.6;2.6;18/07/2020 17:57;5.15;1.81;1.25;48;3.21;2.1;25.74;12.62;4.48;8.63;dsp_parametros_60.txt;1027;952;43;32;54.6;40.2;60.3;22045;6.6;2379;570;51.7;186611;0;761;177;170;3.88;750;260;98;29.58;11.97;3.07;193;data;174;'-13;137;65;'-6;127;122;673;0;0;3.417;96.6;0.104;4.338;0;3;3300;3300
db_buhler_1_dsp;;1,5968E+18;14.32;1596.5;986; OK;0;1023;195391;34;2.7;2.9;2.7;2.6;18/07/2020 15:39;5.15;1.79;1.25;29;3.18;2.09;26.02;12.62;4.54;8.39;dsp_parametros_60.txt;1046;1012;40;31;54.5;38.8;60.1;21997;6.68;2316;630;53;186548;0;768;178;170;3.97;750;192;69;29.86;12.02;3.02;130;data;168;'-13;135;55;'-6;125;119;675;0;0;3.481;97;0.109;4.455;0;3;3300;3300
db_buhler_1_dsp;;1,5968E+18;16.57;1596.4;986; OK;0;1022;195146;34;2.7;2.9;2.6;2.6;16/07/2020 14:35;5.15;1.84;1.25;29;3.24;2.05;28.32;12.61;4.6;8.43;dsp_parametros_60.txt;1046;1012;38;29;57.4;41.1;63.2;21995;6.7;2071;630;53.1;186303;0;763;173;166;3.98;749;191;63;29.84;12.12;0.99;34;data;172;'-13;118;152;123;114;119;688;0;0;3.533;97.3;0.108;4.906;0;3;3300;3300
db_buhler_1_dsp;;1,5968E+18;14.48;1596.4;987; OK;0;1022;195341;34;2.7;2.9;2.7;2.6;18/07/2020 14:07;5.15;1.82;1.25;29;3.2;2.1;26.14;12.62;4.52;8.37;dsp_parametros_60.txt;1046;1012;38;30;54.8;39.5;59.3;21984;6.66;2266;630;53;186498;0;767;177;169;3.98;750;192;70;29.7;12.01;3.1;80;data;168;'-13;136;53;'-6;126;120;681;0;0;3.459;97;0.108;4.667;0;3;3300;3300
db_buhler_1_dsp;;1,5968E+18;14.58;1596.3;988; OK;0;1022;195568;33;2.8;2.8;2.6;2.4;20/07/2020 08:54;5.15;1.8;1.24;30;3.2;2.16;26.14;12.61;4.51;8.3;dsp_parametros_60.txt;1045;1012;37;29;53.6;40.1;60.2;22015;6.8;2493;630;53.1;186725;0;766;172;165;3.98;750;190;71;29.9;12.15;3.11;113;data;166;'-13;135;48;'-6;130;118;675;0;0;3.445;97.3;0.108;4.564;0;3;3300;3300
db_buhler_1_dsp;;1,5968E+18;14.02;1596.2;986; OK;0;1024;195470;34;2.8;2.9;2.7;2.7;20/07/2020 06:15;5.15;1.65;1.19;28;3.26;2.74;26.36;12.62;4.82;8.35;dsp_parametros_60.txt;1047;1013;32;24;52.8;39.5;58.2;22010;6.68;2395;631;53;186627;0;755;170;163;3.97;750;192;74;29.3;12.09;3.08;15;data;163;'-13;134;33;'-6;116;110;685;0;0;3.757;97;0.109;4.888;0;3;3300;3300
db_buhler_1_dsp;;1,5968E+18;16.44;1596.2;987; OK;0;1021;195061;34;2.8;2.9;2.7;2.6;16/07/2020 08:55;5.15;1.84;1.24;30;3.23;2.07;28.52;12.61;4.62;8.38;dsp_parametros_60.txt;1045;1011;39;31;56.9;41.8;62.9;22068;6.66;1986;629;53.1;186218;0;764;171;164;3.98;750;191;62;29.98;12.08;0.99;96;data;172;'-13;118;153;123;115;120;684;0;0;3.56;97.5;0.108;4.882;0;3;3300;3300
db_buhler_1_dsp;;1,5968E+18;16.77;1596.3;986; OK;0;1020;195057;34;2.8;2.8;2.7;2.5;16/07/2020 08:48;5.15;1.82;1.25;31;3.23;2.06;28.32;12.61;4.6;8.43;dsp_parametros_60.txt;1044;1010;38;29;55.7;41.9;63.5;22065;6.74;1982;628;53.1;186214;0;763;171;164;3.98;750;191;62;29.88;12.15;0.99;92;data;172;'-13;118;153;123;115;120;687;0;0;3.545;97.3;0.108;4.752;0;3;3300;3300
db_buhler_1_dsp;;1,5968E+18;16.61;1596.2;986; OK;0;1021;195043;33;2.9;3;2.8;2.7;16/07/2020 08:26;5.15;1.81;1.25;31;3.24;2.11;28.14;12.62;4.65;8.62;dsp_parametros_60.txt;1044;1011;38;30;56.6;40.4;62.9;22048;6.7;1968;629;53.1;186200;0;763;171;164;3.98;750;193;63;29.66;12.13;1;78;data;171;'-13;118;152;123;114;120;686;0;0;3.586;97.2;0.108;4.629;0;3;3300;3300
db_buhler_1_dsp;;1,5968E+18;16.1;1596.2;985; OK;0;1021;195008;34;2.9;3;2.8;2.7;16/07/2020 07:15;5.15;1.78;1.26;31;3.27;2.27;27.82;12.62;4.68;8.61;dsp_parametros_60.txt;1044;1010;33;24;58.2;41.5;62.5;22077;6.78;1933;628;53.2;186165;0;759;169;162;3.99;750;190;62;29.28;12.21;1.01;43;data;169;'-13;116;151;121;112;117;683;0;0;3.614;96.8;0.108;4.769;0;3;3300;3300
db_buhler_1_dsp;;1,5968E+18;14.22;1596.2;988; OK;0;1023;195646;33;2.9;2.8;2.7;2.6;21/07/2020 06:54;5.11;1.74;1.24;29;3.21;2.2;26.02;12.61;4.63;8.6;dsp_parametros_60.txt;1046;1013;44;36;54.2;40.3;58.3;22079;6.72;2571;631;53.1;186803;0;753;172;164;3.98;740;191;70;29.96;12.07;3.07;46;data;167;'-13;134;41;'-6;130;119;681;0;0;3.562;97.3;0.108;4.592;0;3;3300;3300
db_buhler_1_dsp;;1,5968E+18;14.34;1596.4;987; OK;0;1022;195357;33;2.7;2.9;2.7;2.7;18/07/2020 14:33;5.15;1.82;1.25;30;3.19;2.09;26.14;12.62;4.51;8.34;dsp_parametros_60.txt;1045;1012;38;29;54;40.1;59.6;22039;6.7;2282;630;53.1;186514;0;767;177;170;3.98;749;193;72;29.94;12.06;3.08;96;data;168;'-13;135;54;'-6;125;120;678;0;0;3.447;97;0.108;4.363;0;3;3300;3300
db_buhler_1_dsp;;1,5968E+18;14.32;1596.4;987; OK;0;1021;195337;33;2.8;2.9;2.8;2.7;18/07/2020 14:00;5.15;1.82;1.24;30;3.19;2.12;26.14;12.62;4.52;8.55;dsp_parametros_60.txt;1045;1012;39;30;54;39.4;59.4;22076;6.68;2262;630;53.1;186494;0;767;176;169;3.98;745;195;70;29.64;12.04;3.07;76;data;168;'-13;136;53;'-6;125;120;684;0;0;3.455;96.9;0.108;4.586;0;3;3300;3300
db_buhler_1_dsp;;1,5968E+18;14.36;1596.4;988; OK;0;1022;195318;34;2.7;2.9;2.8;2.7;18/07/2020 13:30;5.15;1.83;1.24;29;3.2;2.12;26.08;12.61;4.56;8.38;dsp_parametros_60.txt;1046;1012;39;30;54.9;39.2;60.4;22071;6.68;2243;630;52.9;186475;0;766;176;169;3.97;750;190;71;29.6;12.03;3.07;57;data;168;'-13;135;51;'-6;125;119;681;0;0;3.493;96.7;0.108;4.507;0;3;3300;3300
db_buhler_1_dsp;;1,5968E+18;13.86;1596.3;996;LOK;0;1023;195171;35;1.3;1.7;1.4;1.6;18/07/2020 06:17;5.15;1.51;1.14;29;3.33;3.55;25.52;12.62;5.26;8.54;dsp_parametros_60.txt;1046;1011;28;20;53.5;38.9;57.3;21741;8.54;2096;629;50.6;186328;0;754;171;162;3.79;750;191;71;29.68;14.01;3.2;4;data;148;'-13;115;32;'-6;93;93;685;0;0;4.201;99.3;0.11;4.943;0;3;3300;3300
db_buhler_1_dsp;;1,5968E+18;14.35;1596.5;987; OK;0;1024;195399;34;2.7;2.9;2.7;2.6;18/07/2020 15:52;5.15;1.84;1.25;28;3.19;2.07;26.04;12.62;4.48;8.36;dsp_parametros_60.txt;1047;1013;38;29;54;40.8;59.4;21952;6.66;2324;631;53;186556;0;768;178;171;3.97;750;191;70;29.48;12;3.05;138;data;167;'-13;136;56;'-6;125;119;676;0;0;3.415;96.4;0.109;4.527;0;3;3300;3300
db_buhler_1_dsp;;1,5968E+18;14.52;1596.3;988; OK;0;1022;195553;32;2.9;3;2.7;2.6;20/07/2020 08:30;5.15;1.83;1.24;31;3.2;2.16;26.14;12.6;4.51;8.34;dsp_parametros_60.txt;1044;1012;39;30;55.5;39.5;59.5;22042;6.64;2478;630;53.1;186710;0;764;172;164;3.98;750;191;71;29.9;12;3.04;98;data;168;'-13;136;47;'-6;130;118;678;0;0;3.45;96.9;0.108;4.23;0;3;3300;3300
db_buhler_1_dsp;;1,5968E+18;14.51;1596.2;988; OK;0;1022;195520;32;2.9;2.9;2.7;2.5;20/07/2020 07:36;5.15;1.82;1.25;30;3.2;2.18;25.96;12.61;4.56;8.32;dsp_parametros_60.txt;1045;1013;38;29;53.8;39.8;59;22036;6.68;2445;631;53;186677;0;762;171;164;3.97;751;195;72;29.9;12.02;3.11;65;data;166;'-13;136;43;'-6;129;117;683;0;0;3.494;96.8;0.108;4.396;0;3;3300;3300
db_buhler_1_dsp;;1,5968E+18;14.32;1596.5;987; OK;0;1023;195406;33;2.7;2.9;2.8;2.7;18/07/2020 16:03;5.15;1.8;1.24;29;3.19;2.07;26.18;12.61;4.45;8.32;dsp_parametros_60.txt;1046;1013;39;29;53.8;39;59.3;21974;6.66;2331;631;53.1;186563;0;768;178;171;3.98;750;190;69;29.86;12;3.09;145;data;168;'-13;135;56;'-6;126;120;673;0;0;3.389;96.9;0.108;4.184;0;3;3300;3300
db_buhler_1_dsp;;1,5968E+18;14.47;1596.4;988; OK;0;1022;195347;34;2.7;2.9;2.7;2.6;18/07/2020 14:17;5.15;1.82;1.24;29;3.19;2.09;26.4;12.62;4.52;8.35;dsp_parametros_60.txt;1046;1012;40;32;55;41.6;59.6;22054;6.72;2272;630;53;186504;0;766;177;169;3.97;750;195;70;29.68;12.06;3.07;86;data;168;'-13;135;53;'-6;125;119;678;0;0;3.46;97.2;0.108;4.459;0;3;3300;3300
db_buhler_1_dsp;;1,5968E+18;16.65;1596.3;986; OK;0;1020;195166;34;2.7;2.9;2.6;2.5;16/07/2020 15:08;5.15;1.84;1.24;31;3.23;2.01;28.52;12.61;4.53;8.47;dsp_parametros_60.txt;1044;1010;38;29;58.1;40.1;63.5;22030;6.82;2091;628;53.3;186323;0;765;174;166;3.99;751;193;63;29.28;12.24;0.99;54;data;172;'-13;118;153;124;115;120;681;0;0;3.48;97;0.108;4.758;0;3;3300;3300
db_buhler_1_dsp;;1,5968E+18;14.97;1596.2;986; OK;0;1020;195743;33;2.8;2.7;2.6;2.4;21/07/2020 11:54;5.11;1.8;1.25;32;3.2;2.17;27;12.62;4.49;8.46;dsp_parametros_60.txt ;1043;1010;47;39;62.9;41.4;64.2;22044;6.68;2668;628;53.1;186900;0;757;175;168;3.98;740;191;69;29.62;12.03;3.08;144; data;168;'-13;145;52;123;122;121;676;0;0;3.422;97.6;0.107;4.382;0;3;3300;3300
db_buhler_1_dsp;;1,59681E+18;14.97;1596.2;986; OK;0;1020;195743;33;2.8;2.7;2.6;2.4;21/07/2020 11:54;5.11;1.8;1.25;32;3.2;2.17;27;12.62;4.49;8.46;dsp_parametros_60.txt ;1043;1010;47;39;62.9;41.4;64.2;22044;6.68;2668;628;53.1;186900;0;757;175;168;3.98;740;191;69;29.62;12.03;3.08;144; data;168;'-13;145;52;123;122;121;676;0;0;3.422;97.6;0.107;4.382;0;3;3300;3300
db_buhler_1_dsp;;1,59681E+18;14.97;1596.2;986; OK;0;1020;195743;33;2.8;2.7;2.6;2.4;21/07/2020 11:54;5.11;1.8;1.25;32;3.2;2.17;27;12.62;4.49;8.46;dsp_parametros_60.txt ;1043;1010;47;39;62.9;41.4;64.2;22044;6.68;2668;628;53.1;186900;0;757;175;168;3.98;740;191;69;29.62;12.03;3.08;144; data;168;'-13;145;52;123;122;121;676;0;0;3.422;97.6;0.107;4.382;0;3;3300;3300
db_buhler_1_dsp;;1,59681E+18;14.97;1596.2;986; OK;0;1020;195743;33;2.8;2.7;2.6;2.4;21/07/2020 11:54;5.11;1.8;1.25;32;3.2;2.17;27;12.62;4.49;8.46;dsp_parametros_60.txt ;1043;1010;47;39;62.9;41.4;64.2;22044;6.68;2668;628;53.1;186900;0;757;175;168;3.98;740;191;69;29.62;12.03;3.08;144; data;168;'-13;145;52;123;122;121;676;0;0;3.422;97.6;0.107;4.382;0;3;3300;3300
